2 1 0.324609 0.576042 0.078906 0.086806
2 3 0.909570 0.592361 0.105859 0.151389
2 4 0.951562 0.626042 0.095312 0.152083
2 5 0.374609 0.620833 0.107813 0.116667
2 6 0.748437 0.529861 0.075000 0.088889
2 8 0.567187 0.653819 0.118750 0.161806
2 9 0.505664 0.563889 0.065234 0.083333
2 10 0.537891 0.472569 0.030469 0.057639
2 11 0.563477 0.601389 0.090234 0.123611
2 12 0.565039 0.480903 0.048047 0.060417
2 13 0.707422 0.550347 0.072656 0.093750
2 14 0.810742 0.571875 0.086328 0.103472
2 15 0.656445 0.508681 0.069141 0.071528
2 16 0.591992 0.498611 0.051172 0.068056
2 17 0.829688 0.617361 0.105469 0.134722
2 18 0.686328 0.557292 0.082031 0.088194
2 19 0.733008 0.543750 0.076172 0.094444
2 20 0.641992 0.564236 0.077734 0.110417
2 21 0.678125 0.631597 0.111719 0.152083
