2 1 0.223828 0.508681 0.035937 0.057639
2 2 0.955078 0.577778 0.089063 0.119444
2 3 0.796875 0.522222 0.067969 0.086111
2 4 0.832031 0.553472 0.086719 0.088889
2 5 0.213672 0.530208 0.045312 0.067361
2 6 0.750586 0.513194 0.068359 0.073611
2 7 0.659375 0.480208 0.029687 0.053472
2 8 0.330273 0.517708 0.045703 0.063194
2 9 0.360547 0.511458 0.047656 0.052083
2 10 0.566406 0.459028 0.041406 0.036111
2 11 0.403125 0.519444 0.051562 0.063889
2 12 0.617383 0.466667 0.044141 0.051389
2 13 0.650977 0.490625 0.043359 0.056250
2 14 0.696289 0.499653 0.034766 0.063194
2 15 0.550586 0.486806 0.054297 0.052778
2 16 0.598633 0.487500 0.057422 0.056944
2 17 0.650000 0.531944 0.060937 0.079167
2 18 0.539258 0.509375 0.056641 0.060417
2 20 0.550195 0.526042 0.075391 0.064583
2 21 0.490039 0.540972 0.043359 0.073611
