2 1 0.323437 0.571181 0.078125 0.086806
2 3 0.904102 0.579861 0.101172 0.126389
2 4 0.947461 0.621181 0.103516 0.146528
2 5 0.366406 0.607292 0.103125 0.095139
2 6 0.747461 0.531250 0.076953 0.090278
2 8 0.560937 0.647569 0.112500 0.159028
2 9 0.502539 0.560417 0.063672 0.081944
2 10 0.537500 0.472569 0.028125 0.057639
2 11 0.557031 0.598611 0.086719 0.119444
2 12 0.565820 0.478819 0.047266 0.057639
2 13 0.700781 0.546528 0.072656 0.091667
2 14 0.802344 0.572569 0.088281 0.100694
2 15 0.654883 0.506250 0.069141 0.069444
2 16 0.595117 0.499653 0.051172 0.067361
2 17 0.819141 0.608681 0.096094 0.136806
2 18 0.681641 0.555903 0.082031 0.092361
2 19 0.719531 0.538542 0.077344 0.088194
2 20 0.646094 0.563194 0.078906 0.111111
2 21 0.673242 0.628125 0.114453 0.145139
