2 1 0.336523 0.584028 0.091797 0.101389
2 3 0.952539 0.578819 0.093359 0.113194
2 5 0.428711 0.624306 0.108984 0.126389
2 6 0.720313 0.517708 0.068750 0.096528
2 8 0.650195 0.678472 0.158203 0.194444
2 9 0.517773 0.572569 0.083984 0.103472
2 10 0.503906 0.459375 0.032813 0.054861
2 11 0.626758 0.628819 0.120703 0.159028
2 12 0.531641 0.470833 0.052344 0.065278
2 13 0.788477 0.597917 0.098828 0.126389
2 14 0.842383 0.582986 0.108203 0.135417
2 15 0.639648 0.506250 0.061328 0.087500
2 16 0.576953 0.495139 0.060937 0.062500
2 17 0.949805 0.665625 0.098828 0.178472
2 18 0.720117 0.583333 0.076172 0.111111
2 19 0.748828 0.535069 0.090625 0.092361
2 20 0.587109 0.544792 0.075000 0.103472
2 21 0.747461 0.644792 0.132422 0.165972
