2 1 0.213086 0.507639 0.033203 0.047222
2 2 0.932422 0.571181 0.088281 0.113194
2 3 0.788867 0.524653 0.073828 0.089583
2 4 0.810352 0.553819 0.075391 0.100694
2 5 0.199414 0.530903 0.033203 0.060417
2 6 0.732031 0.513542 0.051562 0.070139
2 7 0.651172 0.480556 0.032813 0.054167
2 8 0.311523 0.517014 0.041797 0.059028
2 9 0.346094 0.513889 0.046875 0.050000
2 10 0.557031 0.463194 0.041406 0.037500
2 11 0.386328 0.517708 0.046094 0.061806
2 12 0.612305 0.469792 0.041016 0.049306
2 13 0.641602 0.491319 0.043359 0.061806
2 14 0.687695 0.499306 0.033984 0.062500
2 15 0.530469 0.488889 0.056250 0.048611
2 16 0.585742 0.490625 0.059766 0.053472
2 17 0.633984 0.528819 0.055469 0.070139
2 18 0.521289 0.506944 0.058203 0.050000
2 20 0.527930 0.526389 0.076172 0.062500
2 21 0.475586 0.541319 0.048828 0.065972
