2 1 0.297070 0.536458 0.065234 0.071528
2 3 0.853711 0.546875 0.081641 0.107639
2 4 0.914648 0.590625 0.104297 0.134028
2 5 0.310742 0.570833 0.063672 0.072222
2 6 0.771484 0.513542 0.084375 0.084028
2 8 0.505859 0.597917 0.078125 0.137500
2 9 0.476758 0.527778 0.050391 0.056944
2 10 0.562891 0.452431 0.030469 0.046528
2 11 0.514453 0.558681 0.072656 0.096528
2 12 0.590234 0.466319 0.035156 0.059028
2 13 0.676758 0.510069 0.061328 0.075694
2 14 0.764844 0.530208 0.072656 0.078472
2 15 0.625781 0.492708 0.064062 0.067361
2 17 0.767383 0.562500 0.099609 0.105556
2 18 0.636523 0.526042 0.068359 0.078472
2 19 0.719727 0.505556 0.036328 0.070833
2 20 0.669531 0.552778 0.085938 0.101389
2 21 0.600781 0.584028 0.095312 0.115278
