2 1 0.440820 0.625347 0.126953 0.134028
2 5 0.617969 0.679167 0.149219 0.163889
2 6 0.696094 0.530903 0.081250 0.104861
2 8 0.902930 0.790972 0.193359 0.251389
2 9 0.683594 0.639583 0.117188 0.154167
2 10 0.449609 0.471181 0.028125 0.056250
2 12 0.485156 0.478125 0.059375 0.064583
2 14 0.941406 0.648264 0.115625 0.161806
2 15 0.653906 0.528472 0.075000 0.084722
2 16 0.578906 0.521875 0.059375 0.085417
2 18 0.848828 0.661458 0.139063 0.168750
2 19 0.803711 0.569097 0.105859 0.121528
2 20 0.534961 0.548264 0.073828 0.096528
