2 1 0.269141 0.503125 0.057813 0.065972
2 2 0.985156 0.584722 0.028125 0.118056
2 3 0.841211 0.520139 0.069141 0.100000
2 4 0.890430 0.561458 0.089453 0.103472
2 5 0.256055 0.525347 0.054297 0.064583
2 6 0.777539 0.509722 0.055078 0.072222
2 7 0.685742 0.472569 0.033984 0.052083
2 8 0.410352 0.521875 0.061328 0.074306
2 10 0.587695 0.447569 0.044141 0.042361
2 11 0.469336 0.516667 0.062109 0.065278
2 13 0.677344 0.488194 0.049219 0.063889
2 14 0.731445 0.503472 0.050391 0.063889
2 15 0.600195 0.475347 0.048828 0.056250
2 16 0.634180 0.478819 0.047266 0.059028
2 17 0.703320 0.531250 0.084766 0.081944
2 18 0.599805 0.503472 0.058984 0.062500
2 20 0.619336 0.522569 0.073828 0.075694
2 21 0.534766 0.544792 0.064844 0.084028
