2 1 0.298242 0.540972 0.062891 0.069444
2 3 0.857422 0.550347 0.087500 0.109028
2 4 0.916211 0.593056 0.108984 0.137500
2 5 0.317578 0.577778 0.070312 0.073611
2 6 0.766992 0.512847 0.083984 0.084028
2 8 0.508203 0.601736 0.078906 0.136806
2 9 0.479883 0.531250 0.050391 0.061111
2 10 0.560742 0.455208 0.029297 0.047917
2 11 0.517188 0.561111 0.071875 0.097222
2 12 0.588086 0.468403 0.035547 0.063194
2 13 0.677734 0.513542 0.064844 0.077083
2 14 0.766992 0.535417 0.080859 0.083333
2 15 0.628516 0.494792 0.064844 0.067361
2 17 0.772461 0.566319 0.100391 0.107639
2 18 0.640234 0.529861 0.070312 0.077778
2 19 0.714648 0.506250 0.034766 0.070833
2 20 0.673438 0.553819 0.089063 0.100694
2 21 0.606445 0.591667 0.101172 0.123611
