2 1 0.278516 0.502083 0.058594 0.065278
2 3 0.847852 0.524306 0.071484 0.101389
2 4 0.899609 0.560417 0.090625 0.108333
2 5 0.264062 0.523264 0.056250 0.064583
2 6 0.783008 0.504167 0.054297 0.075000
2 7 0.689063 0.471181 0.034375 0.052083
2 8 0.423633 0.522569 0.062109 0.077083
2 10 0.591797 0.445833 0.044531 0.043056
2 11 0.478516 0.518403 0.060937 0.071528
2 13 0.682422 0.488542 0.052344 0.067361
2 14 0.736523 0.502778 0.051953 0.063889
2 15 0.606836 0.472917 0.048828 0.056944
2 16 0.639062 0.476736 0.046094 0.061806
2 17 0.712305 0.530903 0.084766 0.081250
2 18 0.607227 0.499306 0.059766 0.061111
2 20 0.627734 0.524306 0.075000 0.079167
2 21 0.541602 0.544444 0.066797 0.084722
