2 1 0.300000 0.504861 0.062500 0.063889
2 3 0.859375 0.531944 0.072656 0.105556
2 4 0.922852 0.579167 0.091016 0.126389
2 5 0.303711 0.531597 0.083984 0.070139
2 6 0.791406 0.507986 0.065625 0.089583
2 7 0.682813 0.468403 0.037500 0.043750
2 8 0.478711 0.546875 0.062109 0.102083
2 10 0.595898 0.441667 0.040234 0.040278
2 11 0.503320 0.522569 0.058984 0.075694
2 13 0.688281 0.491319 0.057813 0.067361
2 14 0.755859 0.517014 0.064844 0.078472
2 15 0.623633 0.477778 0.058203 0.063889
2 16 0.644336 0.473958 0.045703 0.057639
2 17 0.742383 0.535764 0.089453 0.088194
2 18 0.626953 0.504167 0.063281 0.070833
2 20 0.656055 0.529167 0.083203 0.087500
2 21 0.576172 0.552083 0.081250 0.084722
