2 1 0.431055 0.622569 0.122266 0.129861
2 5 0.592383 0.673264 0.144141 0.143750
2 6 0.698047 0.531597 0.080469 0.102083
2 8 0.887891 0.770833 0.222656 0.244444
2 9 0.656055 0.625347 0.110547 0.128472
2 10 0.453711 0.472222 0.027734 0.056944
2 12 0.488672 0.478472 0.059375 0.063889
2 14 0.935742 0.651042 0.126953 0.164583
2 15 0.649805 0.531250 0.074609 0.090278
2 16 0.577344 0.522917 0.054688 0.083333
2 18 0.829297 0.655208 0.135156 0.159028
2 19 0.795898 0.567361 0.102734 0.119444
2 20 0.538281 0.550000 0.074219 0.097222
2 23 0.591992 0.512847 0.042578 0.084028
