2 1 0.292969 0.502778 0.054688 0.065278
2 3 0.853320 0.528819 0.071484 0.107639
2 4 0.913086 0.567014 0.078516 0.115972
2 5 0.287109 0.526042 0.074219 0.068750
2 6 0.790234 0.509375 0.055469 0.084028
2 7 0.692773 0.468403 0.033203 0.046528
2 8 0.456445 0.526736 0.057422 0.081250
2 10 0.600000 0.442361 0.042969 0.038889
2 11 0.500977 0.521528 0.061328 0.079167
2 13 0.688672 0.489583 0.055469 0.068056
2 14 0.750391 0.509375 0.060156 0.078472
2 15 0.618945 0.473611 0.049609 0.058333
2 16 0.646289 0.473611 0.045703 0.056944
2 17 0.732031 0.533333 0.087500 0.088889
2 18 0.620117 0.498958 0.055078 0.061806
2 20 0.646094 0.526042 0.079687 0.077083
2 21 0.566406 0.546875 0.078906 0.089583
