2 1 0.296094 0.527778 0.067969 0.069444
2 3 0.853516 0.537847 0.076563 0.109028
2 4 0.912891 0.578819 0.092188 0.124306
2 5 0.307031 0.559375 0.071094 0.074306
2 6 0.777734 0.514931 0.082031 0.089583
2 7 0.664062 0.475347 0.046875 0.049306
2 8 0.499219 0.567361 0.072656 0.100000
2 9 0.468555 0.522917 0.050391 0.061111
2 10 0.571680 0.448958 0.035547 0.049306
2 11 0.508984 0.544444 0.065625 0.093056
2 12 0.598633 0.461806 0.031641 0.056944
2 13 0.677148 0.504514 0.058984 0.075694
2 14 0.759570 0.527431 0.071484 0.082639
2 15 0.621484 0.488194 0.063281 0.068056
2 17 0.758789 0.550347 0.093359 0.103472
2 18 0.626758 0.520833 0.066016 0.075000
2 20 0.666797 0.543056 0.087500 0.101389
2 21 0.590039 0.575347 0.090234 0.110417
