2 1 0.218750 0.507639 0.035156 0.055556
2 2 0.945312 0.573611 0.087500 0.118056
2 3 0.790820 0.523264 0.066016 0.088194
2 4 0.824609 0.552431 0.083594 0.095139
2 5 0.205469 0.529167 0.037500 0.056944
2 6 0.740625 0.512153 0.057813 0.071528
2 7 0.654297 0.481250 0.032031 0.055556
2 8 0.320117 0.517708 0.042578 0.061806
2 9 0.353711 0.511458 0.048047 0.049306
2 10 0.563281 0.461111 0.044531 0.037500
2 11 0.395117 0.518403 0.047266 0.061806
2 12 0.614844 0.467708 0.042969 0.050694
2 13 0.646680 0.490972 0.044922 0.059722
2 14 0.691406 0.498958 0.033594 0.063194
2 15 0.540820 0.489583 0.060547 0.052778
2 16 0.591797 0.489931 0.057813 0.056250
2 17 0.641992 0.528125 0.056641 0.070139
2 18 0.531836 0.507986 0.058984 0.057639
2 20 0.539844 0.527083 0.079687 0.062500
2 21 0.483008 0.542014 0.044141 0.070139
