2 1 0.241602 0.509375 0.043359 0.060417
2 2 0.965039 0.589583 0.068359 0.127778
2 3 0.812891 0.529167 0.069531 0.104167
2 4 0.852148 0.558681 0.087109 0.102083
2 5 0.231836 0.530208 0.054297 0.063194
2 6 0.761914 0.515625 0.062891 0.082639
2 7 0.670703 0.476736 0.031250 0.050694
2 8 0.361523 0.522917 0.050391 0.066667
2 9 0.376953 0.511458 0.046875 0.056250
2 10 0.574805 0.455556 0.042578 0.038889
2 11 0.430273 0.521181 0.060547 0.070139
2 12 0.618555 0.462153 0.037891 0.049306
2 13 0.662695 0.488194 0.045703 0.054167
2 14 0.708398 0.502431 0.039453 0.057639
2 15 0.572461 0.483681 0.049609 0.050694
2 16 0.611914 0.482639 0.051953 0.056944
2 17 0.668750 0.530556 0.071094 0.077778
2 18 0.567187 0.507986 0.059375 0.065972
2 20 0.582422 0.524653 0.071094 0.070139
2 21 0.508203 0.548264 0.053125 0.085417
