2 1 0.482227 0.629514 0.131641 0.140972
2 5 0.680469 0.693056 0.154688 0.170833
2 6 0.690820 0.529861 0.076172 0.098611
2 8 0.950195 0.788889 0.098047 0.219444
2 9 0.770508 0.662500 0.132422 0.158333
2 10 0.436328 0.472222 0.036719 0.058333
2 12 0.471289 0.479167 0.057422 0.065278
2 14 0.962500 0.656250 0.073438 0.141667
2 15 0.668164 0.535069 0.078516 0.092361
2 16 0.580664 0.524306 0.062891 0.083333
2 18 0.915625 0.684722 0.158594 0.177778
2 19 0.824805 0.577778 0.112109 0.129167
2 20 0.518750 0.548264 0.071094 0.097917
2 22 0.540625 0.501389 0.038281 0.063889
