2 1 0.289258 0.502431 0.055078 0.064583
2 3 0.852148 0.527778 0.069922 0.111111
2 4 0.907031 0.565625 0.083594 0.109028
2 5 0.280859 0.522917 0.069531 0.073611
2 6 0.788477 0.508681 0.054297 0.084028
2 7 0.693164 0.469097 0.033203 0.046528
2 8 0.448047 0.524306 0.063281 0.077778
2 10 0.598828 0.443056 0.043750 0.038889
2 11 0.495703 0.520486 0.059375 0.075694
2 13 0.689063 0.488194 0.055469 0.068056
2 14 0.747656 0.509028 0.058594 0.075000
2 15 0.615625 0.473264 0.048438 0.057639
2 16 0.644727 0.474306 0.044922 0.058333
2 17 0.729102 0.530208 0.086328 0.079861
2 18 0.616797 0.498611 0.055469 0.061111
2 20 0.640039 0.523958 0.075391 0.077083
2 21 0.557422 0.543056 0.069531 0.084722
