2 1 0.333008 0.585417 0.091797 0.101389
2 3 0.946484 0.586111 0.106250 0.131944
2 5 0.419141 0.616667 0.104688 0.127778
2 8 0.638086 0.667708 0.148828 0.185417
2 9 0.517383 0.561458 0.083203 0.086806
2 10 0.510938 0.460069 0.034375 0.056250
2 11 0.611914 0.625347 0.118359 0.150694
2 12 0.536133 0.470486 0.051172 0.063194
2 13 0.774805 0.587500 0.096484 0.120833
2 14 0.831836 0.579167 0.101172 0.129167
2 15 0.645703 0.503125 0.064844 0.082639
2 16 0.579492 0.493750 0.061328 0.063889
2 17 0.938086 0.666667 0.123047 0.194444
2 18 0.713672 0.577778 0.069531 0.105556
2 19 0.747852 0.532639 0.091797 0.093056
2 20 0.594727 0.543403 0.074609 0.100694
2 21 0.735938 0.636458 0.127344 0.154861
