2 1 0.260352 0.506250 0.056641 0.066667
2 2 0.981641 0.584722 0.035156 0.120833
2 3 0.828906 0.523958 0.067187 0.097917
2 4 0.881055 0.561111 0.089453 0.098611
2 5 0.248633 0.527431 0.055859 0.063194
2 6 0.772852 0.509722 0.054297 0.073611
2 7 0.681641 0.473958 0.032813 0.049306
2 8 0.396875 0.519097 0.056250 0.068750
2 10 0.583984 0.449653 0.043750 0.040972
2 11 0.458984 0.519097 0.061719 0.067361
2 13 0.671875 0.487847 0.045312 0.060417
2 14 0.724414 0.504514 0.049609 0.063194
2 15 0.593359 0.477431 0.049219 0.054861
2 16 0.628125 0.478472 0.046875 0.054167
2 17 0.695312 0.531250 0.081250 0.083333
2 18 0.591406 0.505208 0.060156 0.065972
2 20 0.609180 0.523264 0.073047 0.074306
2 21 0.527148 0.543750 0.059766 0.081944
