2 1 0.356836 0.601042 0.108203 0.117361
2 3 0.959570 0.600000 0.079297 0.133333
2 5 0.462891 0.639583 0.118750 0.136111
2 6 0.707031 0.523264 0.071094 0.096528
2 8 0.701172 0.702778 0.164844 0.205556
2 9 0.528711 0.578125 0.079297 0.099306
2 10 0.481055 0.464583 0.038672 0.055556
2 11 0.690430 0.664583 0.145703 0.184722
2 12 0.517773 0.474306 0.056641 0.063889
2 13 0.851172 0.634028 0.129688 0.163889
2 14 0.861914 0.597917 0.113672 0.148611
2 15 0.632422 0.510069 0.060156 0.082639
2 16 0.573828 0.500347 0.054688 0.064583
2 18 0.738867 0.598958 0.087891 0.111806
2 19 0.755664 0.540972 0.089453 0.093056
2 20 0.567969 0.548958 0.075781 0.106250
2 21 0.795703 0.659375 0.146875 0.172917
