2 1 0.302734 0.551389 0.067969 0.076389
2 3 0.875391 0.561458 0.092188 0.117361
2 4 0.933203 0.600694 0.123438 0.143056
2 5 0.333984 0.592708 0.083594 0.088194
2 6 0.752930 0.514931 0.082422 0.084028
2 8 0.524219 0.611111 0.089063 0.129167
2 9 0.488086 0.537500 0.051953 0.059722
2 10 0.551758 0.461806 0.026172 0.050000
2 11 0.531055 0.572569 0.075391 0.100694
2 12 0.579883 0.470833 0.040234 0.063889
2 13 0.680273 0.525347 0.066797 0.081250
2 14 0.778906 0.549653 0.083594 0.090972
2 15 0.640625 0.498958 0.067187 0.065972
2 17 0.790234 0.579167 0.095312 0.120833
2 19 0.709375 0.514583 0.039062 0.084722
2 20 0.675586 0.555903 0.096484 0.100694
2 21 0.627148 0.597917 0.105078 0.119444
