2 1 0.299414 0.517014 0.065234 0.063194
2 3 0.852148 0.538194 0.082422 0.108333
2 4 0.907422 0.579514 0.074219 0.131250
2 5 0.308789 0.546528 0.076172 0.075000
2 6 0.782227 0.512847 0.076172 0.099306
2 7 0.672070 0.469097 0.041797 0.047917
2 8 0.493945 0.560764 0.066797 0.103472
2 9 0.467969 0.513194 0.046875 0.056944
2 10 0.582617 0.445139 0.037891 0.047222
2 11 0.503906 0.533333 0.058594 0.081944
2 13 0.679688 0.496181 0.055469 0.071528
2 14 0.758203 0.521528 0.068750 0.081944
2 15 0.623828 0.482292 0.064062 0.065972
2 17 0.749805 0.542708 0.093359 0.100694
2 18 0.629297 0.511806 0.066406 0.076389
2 20 0.663086 0.535764 0.087109 0.095139
2 21 0.587500 0.569097 0.088281 0.114583
