2 1 0.295117 0.534028 0.066797 0.072222
2 3 0.853711 0.542014 0.077734 0.106250
2 4 0.915039 0.583681 0.103516 0.125694
2 5 0.306055 0.567361 0.065234 0.076389
2 6 0.775391 0.513542 0.084375 0.084028
2 8 0.504883 0.579514 0.076953 0.109028
2 9 0.471680 0.525347 0.050391 0.059028
2 10 0.566992 0.450694 0.033203 0.048611
2 11 0.511719 0.550347 0.071875 0.095139
2 12 0.594141 0.463542 0.034375 0.056250
2 13 0.676953 0.506944 0.060156 0.076389
2 14 0.762305 0.528472 0.076172 0.081944
2 15 0.623437 0.490972 0.063281 0.068056
2 17 0.762695 0.556944 0.097266 0.102778
2 18 0.633203 0.523264 0.066406 0.079861
2 19 0.722461 0.498264 0.034766 0.065972
2 20 0.668164 0.547222 0.087109 0.105556
2 21 0.594922 0.575000 0.087500 0.102778
