2 1 0.318945 0.569444 0.073828 0.084722
2 3 0.899023 0.571875 0.097266 0.120139
2 4 0.937695 0.620139 0.123047 0.148611
2 5 0.358398 0.602431 0.091797 0.093750
2 6 0.745508 0.531250 0.078516 0.088889
2 8 0.553906 0.636806 0.108594 0.145833
2 9 0.501367 0.555208 0.062109 0.078472
2 10 0.538867 0.471181 0.027734 0.057639
2 11 0.553320 0.595486 0.083203 0.114583
2 12 0.566797 0.477778 0.046094 0.058333
2 13 0.693945 0.540625 0.069141 0.086806
2 14 0.799023 0.566319 0.085547 0.099306
2 15 0.652344 0.505556 0.071094 0.070833
2 16 0.599805 0.496875 0.048047 0.065972
2 17 0.812891 0.604861 0.100000 0.131944
2 18 0.675781 0.555903 0.079687 0.090972
2 19 0.715234 0.536458 0.070312 0.088194
2 20 0.653906 0.561458 0.080469 0.106250
2 21 0.662695 0.617014 0.108203 0.131250
