2 1 0.285352 0.503819 0.058984 0.068750
2 3 0.850000 0.524653 0.070312 0.106250
2 4 0.902344 0.560764 0.083594 0.106250
2 5 0.273828 0.522222 0.063281 0.063889
2 6 0.787305 0.508333 0.055078 0.077778
2 7 0.691797 0.470139 0.033594 0.048611
2 8 0.435742 0.522569 0.058984 0.078472
2 10 0.595898 0.445139 0.044922 0.041667
2 11 0.488086 0.518056 0.058203 0.075000
2 13 0.686914 0.488194 0.054297 0.069444
2 14 0.742383 0.505556 0.054297 0.070833
2 15 0.611328 0.473264 0.049219 0.057639
2 16 0.641992 0.474306 0.044141 0.061111
2 17 0.721094 0.530208 0.084375 0.081250
2 18 0.612305 0.498958 0.056641 0.061806
2 20 0.634180 0.523611 0.072266 0.079167
2 21 0.548047 0.543750 0.067969 0.084722
