2 1 0.309180 0.557986 0.071484 0.082639
2 3 0.881250 0.571181 0.096875 0.131250
2 4 0.936914 0.609722 0.124609 0.145833
2 5 0.343359 0.595833 0.092969 0.087500
2 6 0.745313 0.517014 0.080469 0.084028
2 8 0.530859 0.628125 0.096094 0.152083
2 9 0.491602 0.542361 0.051953 0.063889
2 10 0.546680 0.462847 0.026172 0.047917
2 11 0.539258 0.581597 0.079297 0.104861
2 12 0.573242 0.474653 0.045703 0.064583
2 13 0.683984 0.530556 0.064844 0.083333
2 14 0.787500 0.556250 0.082031 0.094444
2 15 0.646484 0.501736 0.068750 0.064583
2 16 0.614453 0.495486 0.044531 0.067361
2 17 0.800586 0.585764 0.095703 0.122917
2 19 0.705664 0.516667 0.052734 0.076389
2 20 0.668359 0.560069 0.093750 0.102083
2 21 0.639062 0.609028 0.107813 0.127778
