2 1 0.330469 0.580903 0.084375 0.096528
2 3 0.942773 0.596528 0.115234 0.154167
2 4 0.966211 0.626042 0.066016 0.152083
2 5 0.407813 0.621875 0.115625 0.131250
2 8 0.613086 0.661111 0.141797 0.181944
2 9 0.513281 0.564236 0.075781 0.085417
2 10 0.522070 0.464236 0.033984 0.059028
2 11 0.594727 0.621181 0.105859 0.140972
2 12 0.547852 0.470139 0.051953 0.058333
2 13 0.752148 0.578125 0.083203 0.117361
2 14 0.822461 0.572569 0.092578 0.111806
2 15 0.649805 0.502083 0.061328 0.076389
2 16 0.583203 0.494097 0.053906 0.064583
2 17 0.907227 0.649306 0.139453 0.176389
2 18 0.708008 0.566319 0.069141 0.093750
2 19 0.749414 0.533681 0.087109 0.090972
2 20 0.611719 0.554514 0.078125 0.109028
2 21 0.716992 0.634028 0.121484 0.150000
