2 1 0.235352 0.509722 0.041016 0.058333
2 2 0.962109 0.585764 0.074219 0.129861
2 3 0.809766 0.522222 0.070312 0.080556
2 4 0.846680 0.558681 0.087891 0.110417
2 5 0.227344 0.528819 0.052344 0.065972
2 6 0.758594 0.513542 0.066406 0.072917
2 7 0.666797 0.478125 0.030469 0.052083
2 8 0.350195 0.519444 0.049609 0.066667
2 9 0.373047 0.514583 0.046875 0.055556
2 10 0.572070 0.456597 0.042578 0.038194
2 11 0.420312 0.519097 0.055469 0.064583
2 12 0.618945 0.463542 0.040234 0.050694
2 13 0.658984 0.489583 0.044531 0.054167
2 14 0.705859 0.501736 0.037500 0.063194
2 15 0.565820 0.485764 0.052734 0.052083
2 16 0.607031 0.484028 0.053906 0.054167
2 17 0.662500 0.530903 0.064844 0.078472
2 18 0.557813 0.508681 0.057031 0.064583
2 20 0.573828 0.524653 0.069531 0.068750
2 21 0.503516 0.547222 0.051562 0.083333
