2 1 0.331055 0.579514 0.081641 0.096528
2 3 0.936133 0.589931 0.116016 0.140972
2 4 0.956641 0.628125 0.085156 0.156250
2 5 0.397852 0.617361 0.109766 0.111111
2 8 0.598437 0.658681 0.128125 0.168750
2 9 0.513086 0.567361 0.073828 0.080556
2 10 0.531641 0.468403 0.032031 0.057639
2 11 0.582227 0.610417 0.101172 0.137500
2 12 0.557031 0.477431 0.051562 0.060417
2 13 0.736523 0.568750 0.080078 0.112500
2 14 0.818164 0.577083 0.091797 0.116667
2 15 0.657422 0.507986 0.070312 0.075694
2 16 0.583789 0.497222 0.047266 0.065278
2 17 0.867969 0.635069 0.118750 0.160417
2 18 0.697852 0.562153 0.073047 0.090972
2 19 0.743555 0.539236 0.083984 0.088194
2 20 0.625586 0.559375 0.076953 0.111806
2 21 0.706445 0.631250 0.118359 0.138889
