2 1 0.202148 0.504514 0.028516 0.047917
2 2 0.910937 0.569097 0.088281 0.117361
2 3 0.782422 0.524653 0.077344 0.082639
2 4 0.795312 0.551736 0.080469 0.099306
2 5 0.189844 0.530903 0.037500 0.060417
2 6 0.722656 0.515625 0.050781 0.065972
2 7 0.647656 0.482639 0.031250 0.052778
2 8 0.294336 0.515972 0.039453 0.055556
2 9 0.333789 0.515972 0.049609 0.048611
2 10 0.546484 0.465625 0.037500 0.036806
2 11 0.372266 0.517361 0.042969 0.059722
2 12 0.607031 0.472569 0.037500 0.046528
2 13 0.633789 0.492361 0.038672 0.056944
2 14 0.680664 0.500694 0.036328 0.061111
2 15 0.511133 0.489583 0.055859 0.052778
2 16 0.572070 0.495139 0.058984 0.052778
2 17 0.622656 0.531250 0.053125 0.075000
2 18 0.499805 0.507292 0.054297 0.050694
2 20 0.499219 0.528472 0.076563 0.055556
2 21 0.464648 0.540278 0.051172 0.062500
