2 1 0.326562 0.580903 0.081250 0.097917
2 3 0.916016 0.593750 0.110937 0.148611
2 4 0.951172 0.626389 0.096094 0.150000
2 5 0.382617 0.618056 0.101172 0.120833
2 8 0.575977 0.656944 0.119141 0.161111
2 9 0.509180 0.566319 0.068359 0.081250
2 10 0.535742 0.471875 0.031641 0.059028
2 11 0.570703 0.604861 0.092969 0.129167
2 12 0.562891 0.482292 0.049219 0.061806
2 13 0.718945 0.555903 0.076172 0.096528
2 14 0.814453 0.577431 0.088281 0.109028
2 15 0.657617 0.509375 0.069141 0.072917
2 16 0.591406 0.498264 0.053125 0.063194
2 17 0.837109 0.622569 0.107031 0.145139
2 18 0.691602 0.561111 0.079297 0.094444
2 19 0.736914 0.545139 0.078516 0.095833
2 20 0.637500 0.560764 0.077344 0.104861
2 21 0.686719 0.629861 0.114062 0.136111
