2 1 0.344531 0.589583 0.098437 0.105556
2 3 0.956055 0.590278 0.086328 0.123611
2 5 0.438281 0.631597 0.110156 0.135417
2 6 0.713477 0.519097 0.067578 0.096528
2 8 0.661523 0.686458 0.162891 0.203472
2 9 0.519336 0.576736 0.083203 0.106250
2 10 0.495312 0.460764 0.032813 0.054861
2 11 0.643555 0.635417 0.129297 0.162500
2 12 0.526563 0.470486 0.053125 0.067361
2 13 0.805469 0.611111 0.110156 0.145833
2 14 0.848828 0.587500 0.107813 0.138889
2 15 0.634180 0.504514 0.057422 0.085417
2 16 0.573633 0.496528 0.055859 0.062500
2 17 0.960156 0.673611 0.078125 0.175000
2 18 0.725195 0.588542 0.078516 0.110417
2 19 0.747461 0.536111 0.087891 0.091667
2 20 0.579688 0.545486 0.075781 0.104861
2 21 0.758008 0.647917 0.136328 0.172222
