0 2 0.957227 0.454861 0.068359 0.106944
0 3 0.882617 0.469792 0.059766 0.089583
0 4 0.778516 0.460069 0.079687 0.120139
0 5 0.745508 0.469792 0.057422 0.092361
0 6 0.664648 0.457986 0.095703 0.106250
0 7 0.636133 0.448611 0.105078 0.129167
0 8 0.592578 0.464931 0.054688 0.086806
0 9 0.540625 0.450000 0.098437 0.105556
0 10 0.477148 0.455208 0.061328 0.089583
0 11 0.451172 0.457986 0.114844 0.129861
0 12 0.194531 0.464236 0.140625 0.145139
0 13 0.329883 0.459028 0.117578 0.134722
0 14 0.326758 0.464583 0.075391 0.113889
0 15 0.060352 0.468750 0.114453 0.129167
0 16 0.048242 0.471181 0.093359 0.128472
0 18 0.189258 0.638542 0.130859 0.161806
0 19 0.086719 0.652778 0.061719 0.098611
0 20 0.021680 0.625694 0.043359 0.156944
