0 4 0.944531 0.460764 0.076563 0.114583
0 5 0.891602 0.465278 0.058203 0.088889
0 6 0.824805 0.450694 0.105859 0.127778
0 7 0.791211 0.454514 0.101172 0.118750
0 8 0.756641 0.465972 0.048438 0.075000
0 9 0.755469 0.457986 0.082812 0.096528
0 10 0.677930 0.462153 0.072266 0.082639
0 11 0.649805 0.451736 0.110547 0.117361
0 12 0.404687 0.456597 0.121875 0.131250
0 13 0.550977 0.456597 0.094922 0.129861
0 14 0.499219 0.454167 0.074219 0.108333
0 15 0.323047 0.459375 0.107031 0.128472
0 16 0.250586 0.459028 0.095703 0.138889
0 17 0.050000 0.458333 0.100000 0.145833
0 18 0.234766 0.627431 0.148438 0.160417
0 19 0.116406 0.650347 0.075781 0.093750
0 20 0.033984 0.625694 0.067969 0.156944
