0 3 0.983984 0.468750 0.031250 0.088889
0 4 0.919336 0.456944 0.083984 0.113889
0 5 0.858789 0.461111 0.067578 0.091667
0 6 0.789062 0.457986 0.092969 0.109028
0 7 0.757422 0.450694 0.107031 0.122222
0 8 0.724805 0.464236 0.047266 0.070139
0 9 0.711133 0.454514 0.090234 0.093750
0 10 0.634766 0.460069 0.066406 0.088194
0 11 0.613672 0.452778 0.100000 0.120833
0 12 0.361914 0.457639 0.129297 0.126389
0 13 0.510156 0.455903 0.099219 0.124306
0 14 0.467969 0.457639 0.089844 0.108333
0 15 0.267383 0.450694 0.120703 0.131944
0 16 0.209961 0.464583 0.099609 0.131944
0 17 0.029297 0.451736 0.058594 0.147917
0 18 0.209570 0.634375 0.140234 0.159028
0 19 0.098242 0.650000 0.070703 0.097222
0 20 0.028125 0.617708 0.056250 0.172917
