0 1 0.902344 0.455903 0.088281 0.128472
0 2 0.824414 0.463194 0.084766 0.109722
0 3 0.743945 0.467361 0.061328 0.097222
0 4 0.678516 0.450694 0.075000 0.126389
0 5 0.636719 0.467708 0.069531 0.089583
0 6 0.542969 0.460069 0.085938 0.128472
0 7 0.510938 0.461111 0.105469 0.130556
0 8 0.455078 0.468403 0.064844 0.082639
0 9 0.396484 0.454514 0.114062 0.118750
0 10 0.312695 0.462500 0.073828 0.100000
0 11 0.258594 0.455208 0.137500 0.142361
0 12 0.041406 0.463194 0.082812 0.136111
0 13 0.126367 0.457986 0.143359 0.140972
0 14 0.139453 0.460069 0.103906 0.117361
0 18 0.165625 0.637847 0.127344 0.157639
0 19 0.081836 0.644444 0.077734 0.109722
0 20 0.023438 0.626736 0.046875 0.164583
