0 4 0.960547 0.460764 0.071094 0.109028
0 5 0.905859 0.467708 0.056250 0.085417
0 6 0.837305 0.455556 0.096484 0.116667
0 7 0.808789 0.452431 0.107422 0.120139
0 8 0.771094 0.468056 0.048438 0.075000
0 9 0.772656 0.457292 0.088281 0.093750
0 10 0.697266 0.460417 0.071094 0.076389
0 11 0.661133 0.452778 0.112891 0.120833
0 12 0.417773 0.455903 0.127734 0.129861
0 13 0.564063 0.454861 0.096094 0.126389
0 14 0.512500 0.452778 0.076563 0.106944
0 15 0.342969 0.461111 0.109375 0.129167
0 16 0.265234 0.463889 0.100781 0.131944
0 17 0.059766 0.462153 0.117188 0.152083
0 18 0.249609 0.620486 0.141406 0.165972
0 19 0.125391 0.651389 0.078125 0.101389
0 20 0.040430 0.627778 0.080859 0.159722
