0 3 0.944336 0.461806 0.055859 0.080556
0 4 0.850781 0.459028 0.089063 0.116667
0 5 0.799023 0.466319 0.055078 0.100694
0 6 0.732031 0.456597 0.093750 0.107639
0 7 0.702344 0.450347 0.100781 0.117361
0 8 0.664648 0.463542 0.058203 0.085417
0 9 0.623047 0.446875 0.088281 0.096528
0 11 0.543164 0.455903 0.116016 0.129861
0 12 0.282031 0.456944 0.142187 0.131944
0 13 0.431836 0.450000 0.110547 0.129167
0 14 0.398438 0.459722 0.097656 0.106944
0 15 0.189648 0.462153 0.114453 0.127083
0 16 0.144141 0.469792 0.113281 0.132639
0 18 0.192578 0.634028 0.147656 0.161111
0 19 0.087305 0.652431 0.058984 0.099306
0 20 0.029687 0.626736 0.059375 0.160417
