0 1 0.909570 0.462847 0.087109 0.117361
0 2 0.837891 0.451389 0.092188 0.125000
0 3 0.757617 0.464931 0.058984 0.096528
0 4 0.682617 0.450000 0.073828 0.131944
0 5 0.650391 0.468056 0.065625 0.091667
0 6 0.557422 0.452431 0.099219 0.125694
0 7 0.524023 0.457639 0.106641 0.122222
0 8 0.476562 0.473958 0.066406 0.085417
0 9 0.414844 0.448958 0.112500 0.125694
0 10 0.328320 0.461458 0.075391 0.100694
0 11 0.275391 0.454167 0.135937 0.138889
0 12 0.050195 0.464583 0.100391 0.134722
0 13 0.147461 0.458681 0.141016 0.139583
0 14 0.159180 0.458681 0.101172 0.117361
0 18 0.169141 0.637153 0.128906 0.159028
0 19 0.078906 0.640625 0.081250 0.109028
0 20 0.023242 0.624653 0.046484 0.163194
