0 1 0.954688 0.456597 0.079687 0.110417
0 2 0.881250 0.455556 0.091406 0.113889
0 3 0.806641 0.466667 0.067969 0.094444
0 4 0.716992 0.455903 0.097266 0.118750
0 5 0.678516 0.465278 0.073438 0.098611
0 6 0.599805 0.448264 0.099609 0.120139
0 7 0.570898 0.447569 0.100391 0.143750
0 8 0.530469 0.473958 0.057813 0.092361
0 9 0.465625 0.452778 0.097656 0.113889
0 10 0.399219 0.461806 0.072656 0.086111
0 11 0.353516 0.454167 0.137500 0.134722
0 12 0.095117 0.470139 0.133203 0.138889
0 13 0.225781 0.456944 0.132812 0.138889
0 14 0.232031 0.458333 0.091406 0.123611
0 18 0.172852 0.634375 0.148828 0.156250
0 19 0.074609 0.646528 0.071875 0.093056
0 20 0.020898 0.624653 0.041797 0.159028
