0 3 0.951172 0.466319 0.053906 0.084028
0 4 0.858008 0.460069 0.087891 0.113194
0 5 0.807031 0.467708 0.046875 0.097917
0 6 0.737500 0.459722 0.087500 0.116667
0 7 0.706055 0.452778 0.098047 0.118056
0 8 0.672852 0.462847 0.057422 0.088194
0 9 0.637305 0.446528 0.084766 0.094444
0 11 0.549805 0.454167 0.122266 0.131944
0 12 0.292187 0.456944 0.144531 0.133333
0 13 0.438867 0.449306 0.112891 0.127778
0 14 0.410156 0.457639 0.090625 0.105556
0 15 0.197461 0.461806 0.115234 0.127778
0 16 0.154102 0.470833 0.106641 0.133333
0 18 0.202148 0.634375 0.130859 0.157639
0 19 0.088086 0.652778 0.058203 0.097222
0 20 0.029102 0.623958 0.058203 0.159028
