0 3 0.972852 0.471181 0.053516 0.092361
0 4 0.888086 0.461111 0.091797 0.109722
0 5 0.830078 0.468056 0.059375 0.091667
0 6 0.767773 0.456250 0.087891 0.104167
0 7 0.735742 0.454861 0.092578 0.115278
0 8 0.697266 0.466667 0.053125 0.076389
0 9 0.675195 0.451042 0.095703 0.095139
0 11 0.583008 0.454514 0.114453 0.122917
0 12 0.330859 0.461806 0.129688 0.131944
0 13 0.471094 0.458333 0.117188 0.120833
0 14 0.449219 0.456597 0.089844 0.115972
0 15 0.233594 0.455208 0.124219 0.136806
0 16 0.189258 0.463889 0.094141 0.129167
0 18 0.197461 0.630556 0.138672 0.165278
0 19 0.091016 0.652778 0.064062 0.101389
0 20 0.022266 0.613542 0.044531 0.179861
