0 1 0.841211 0.456944 0.086328 0.115278
0 2 0.767773 0.462153 0.085547 0.115972
0 3 0.694727 0.465972 0.060547 0.088889
0 4 0.641406 0.461806 0.089844 0.112500
0 5 0.573828 0.472222 0.075781 0.100000
0 6 0.481445 0.465625 0.115234 0.120139
0 7 0.448437 0.452083 0.118750 0.148611
0 8 0.381445 0.473958 0.058984 0.092361
0 9 0.319727 0.464583 0.118359 0.125000
0 10 0.245898 0.467361 0.074609 0.098611
0 11 0.176172 0.458333 0.146094 0.150000
0 12 0.022852 0.461111 0.045703 0.150000
0 13 0.051953 0.463542 0.103906 0.131250
0 14 0.049219 0.460764 0.098437 0.121528
0 18 0.151367 0.640972 0.122266 0.152778
0 19 0.077344 0.651389 0.069531 0.097222
0 20 0.026172 0.635069 0.052344 0.164583
