0 1 0.881250 0.462847 0.084375 0.115972
0 2 0.805078 0.462500 0.094531 0.108333
0 3 0.724609 0.463194 0.060156 0.088889
0 4 0.673047 0.455208 0.087500 0.118750
0 5 0.616992 0.472222 0.069141 0.091667
0 6 0.524805 0.457292 0.094141 0.120139
0 7 0.477344 0.457986 0.143750 0.127083
0 8 0.435742 0.469444 0.073047 0.084722
0 9 0.372461 0.457292 0.112109 0.113194
0 10 0.289648 0.471181 0.079297 0.106250
0 11 0.235547 0.455208 0.145313 0.150694
0 12 0.033203 0.463889 0.066406 0.143056
0 13 0.096680 0.455208 0.133984 0.140972
0 14 0.107617 0.457639 0.098828 0.118056
0 18 0.157812 0.639236 0.126562 0.156250
0 19 0.081445 0.646528 0.076953 0.105556
0 20 0.023633 0.629861 0.047266 0.166667
