0 2 0.981445 0.466667 0.036328 0.104167
0 3 0.922266 0.461458 0.051562 0.077083
0 4 0.827148 0.460069 0.095703 0.120139
0 5 0.791016 0.466667 0.054688 0.095833
0 6 0.711719 0.456597 0.093750 0.097917
0 7 0.670117 0.445139 0.108984 0.129167
0 8 0.639062 0.467708 0.052344 0.081250
0 9 0.592187 0.453125 0.097656 0.102083
0 11 0.502148 0.458333 0.129297 0.129167
0 12 0.263867 0.458681 0.131641 0.135417
0 13 0.392188 0.457292 0.125000 0.138194
0 14 0.373437 0.456944 0.094531 0.120833
0 15 0.149414 0.467361 0.116016 0.131944
0 16 0.109961 0.475000 0.119922 0.127778
0 18 0.207031 0.637500 0.123438 0.159722
0 19 0.087500 0.652431 0.055469 0.100694
0 20 0.027734 0.626042 0.055469 0.156250
