0 4 0.928516 0.457986 0.090625 0.114583
0 5 0.873047 0.464236 0.064844 0.096528
0 6 0.803711 0.455556 0.108203 0.112500
0 7 0.774023 0.447222 0.105078 0.125000
0 8 0.735156 0.467014 0.047656 0.067361
0 9 0.722070 0.455903 0.091016 0.093750
0 10 0.651563 0.454167 0.072656 0.084722
0 11 0.626172 0.453472 0.107813 0.118056
0 12 0.385156 0.455208 0.125000 0.125694
0 13 0.517188 0.457986 0.114062 0.125694
0 14 0.479883 0.457292 0.084766 0.110417
0 15 0.294336 0.454514 0.116016 0.129861
0 16 0.226367 0.465278 0.097266 0.127778
0 17 0.035352 0.453472 0.070703 0.150000
0 18 0.219336 0.633681 0.143359 0.153472
0 19 0.106055 0.648958 0.067578 0.097917
0 20 0.027734 0.626042 0.055469 0.160417
