0 1 0.982617 0.463194 0.033984 0.105556
0 2 0.925586 0.455208 0.082422 0.110417
0 3 0.850977 0.470833 0.064453 0.095833
0 4 0.750195 0.460069 0.087109 0.120139
0 5 0.715234 0.469097 0.062500 0.086806
0 6 0.634766 0.457292 0.093750 0.109028
0 7 0.597656 0.447222 0.125781 0.130556
0 8 0.567969 0.471181 0.050781 0.084028
0 9 0.511914 0.449653 0.107422 0.104861
0 10 0.444727 0.465278 0.072266 0.101389
0 11 0.411328 0.456250 0.135937 0.131944
0 12 0.150586 0.465278 0.149609 0.147222
0 13 0.284961 0.454861 0.129297 0.138889
0 14 0.284766 0.457639 0.092188 0.119444
0 15 0.036523 0.466667 0.073047 0.126389
0 16 0.025000 0.468056 0.050000 0.129167
0 18 0.187109 0.636806 0.140625 0.156944
0 19 0.081641 0.650347 0.054688 0.104861
0 20 0.022266 0.623958 0.044531 0.160417
