0 1 0.974219 0.463889 0.050781 0.106944
0 2 0.917773 0.460764 0.084766 0.103472
0 3 0.845898 0.470139 0.063672 0.097222
0 4 0.745508 0.458333 0.091016 0.122222
0 5 0.710938 0.469097 0.066406 0.089583
0 6 0.626953 0.455556 0.099219 0.113889
0 7 0.590234 0.448611 0.128906 0.130556
0 8 0.563477 0.470139 0.056641 0.084722
0 9 0.506250 0.452778 0.096875 0.106944
0 10 0.439063 0.463542 0.075000 0.099306
0 11 0.409180 0.456597 0.131641 0.131250
0 12 0.149414 0.466319 0.134766 0.145139
0 13 0.276562 0.457986 0.134375 0.139583
0 14 0.271680 0.458333 0.100391 0.122222
0 15 0.030859 0.466667 0.061719 0.122222
0 16 0.020898 0.466319 0.041797 0.134028
0 18 0.194141 0.635764 0.122656 0.156250
0 19 0.083008 0.650694 0.054297 0.111111
0 20 0.022266 0.623611 0.044531 0.161111
