0 3 0.979492 0.467014 0.040234 0.089583
0 4 0.910547 0.459028 0.088281 0.109722
0 5 0.845508 0.467361 0.060547 0.090278
0 6 0.776563 0.453819 0.107813 0.115972
0 7 0.743359 0.455903 0.109375 0.115972
0 8 0.713086 0.466319 0.047266 0.074306
0 9 0.699023 0.447222 0.087109 0.090278
0 10 0.618945 0.456250 0.059766 0.087500
0 11 0.594141 0.454514 0.118750 0.124306
0 12 0.344727 0.456250 0.133984 0.129167
0 13 0.492578 0.457639 0.103906 0.125000
0 14 0.460547 0.455208 0.084375 0.106250
0 15 0.252734 0.452083 0.113281 0.133333
0 16 0.199414 0.467361 0.096484 0.131944
0 17 0.019141 0.435417 0.038281 0.125000
0 18 0.199609 0.634375 0.137500 0.165972
0 19 0.093555 0.651389 0.069141 0.098611
0 20 0.026172 0.612500 0.052344 0.181944
