0 3 0.976367 0.473264 0.047266 0.095139
0 4 0.894531 0.459028 0.097656 0.106944
0 5 0.837500 0.464931 0.061719 0.095139
0 6 0.773633 0.455903 0.095703 0.109028
0 7 0.736914 0.456250 0.108984 0.113889
0 8 0.704492 0.465278 0.051953 0.076389
0 9 0.688867 0.449306 0.093359 0.090278
0 11 0.589453 0.453472 0.119531 0.122222
0 12 0.338086 0.461458 0.136328 0.132639
0 13 0.481055 0.461111 0.112891 0.126389
0 14 0.454883 0.456250 0.087109 0.111111
0 15 0.242969 0.453819 0.118750 0.135417
0 16 0.194141 0.465972 0.095312 0.130556
0 17 0.012891 0.439236 0.025781 0.128472
0 18 0.198437 0.632986 0.138281 0.165972
0 19 0.092188 0.652083 0.066406 0.100000
0 20 0.024219 0.613542 0.048438 0.181250
