0 2 0.968164 0.465625 0.062891 0.102083
0 3 0.912305 0.470486 0.058984 0.090972
0 4 0.820508 0.459028 0.089453 0.118056
0 5 0.778125 0.469444 0.054688 0.094444
0 6 0.695312 0.457986 0.110156 0.104861
0 7 0.665234 0.446181 0.107813 0.132639
0 8 0.627930 0.461806 0.051172 0.088889
0 9 0.573242 0.449306 0.102734 0.102778
0 11 0.492188 0.456944 0.117969 0.125000
0 12 0.240234 0.458681 0.129688 0.139583
0 13 0.382617 0.457292 0.111328 0.132639
0 14 0.361328 0.458681 0.092188 0.120139
0 15 0.129102 0.468403 0.111328 0.132639
0 16 0.091602 0.472569 0.107422 0.129861
0 18 0.189648 0.635417 0.151172 0.162500
0 19 0.086914 0.653819 0.055078 0.100694
0 20 0.025000 0.623611 0.050000 0.152778
