0 1 0.960742 0.463194 0.077734 0.106944
0 2 0.909180 0.460417 0.066016 0.105556
0 3 0.827539 0.468403 0.071484 0.102083
0 4 0.731445 0.456944 0.089453 0.116667
0 5 0.695312 0.465625 0.067969 0.093750
0 6 0.614258 0.454167 0.091797 0.115278
0 7 0.592773 0.452431 0.089453 0.121528
0 8 0.547656 0.469792 0.059375 0.089583
0 9 0.485156 0.453125 0.100000 0.114583
0 10 0.420508 0.467361 0.080859 0.100000
0 11 0.373437 0.456250 0.128125 0.130556
0 12 0.131445 0.469097 0.133984 0.140972
0 13 0.255859 0.452083 0.128125 0.145833
0 14 0.261719 0.462500 0.083594 0.116667
0 18 0.178516 0.632292 0.144531 0.154861
0 19 0.079102 0.646528 0.066016 0.097222
0 20 0.021484 0.623264 0.042969 0.161806
