0 2 0.982812 0.467361 0.033594 0.102778
0 3 0.934375 0.461806 0.052344 0.077778
0 4 0.840039 0.454514 0.100391 0.127083
0 5 0.795508 0.467014 0.050391 0.095139
0 6 0.719141 0.459028 0.096094 0.101389
0 7 0.685742 0.446875 0.118359 0.121528
0 8 0.646680 0.465278 0.057422 0.077778
0 9 0.606641 0.455903 0.091406 0.096528
0 11 0.527148 0.455556 0.107422 0.127778
0 12 0.274609 0.460417 0.121094 0.136111
0 13 0.410352 0.454514 0.120703 0.138194
0 14 0.385742 0.455903 0.095703 0.115972
0 15 0.172070 0.463542 0.113672 0.127083
0 16 0.123633 0.470486 0.123828 0.129861
0 18 0.198828 0.636111 0.142187 0.165278
0 19 0.085742 0.649653 0.060547 0.102083
0 20 0.029687 0.629861 0.059375 0.165278
