0 4 0.962500 0.459722 0.074219 0.108333
0 5 0.909570 0.467708 0.058203 0.088194
0 6 0.841992 0.455208 0.101172 0.115972
0 7 0.810937 0.454861 0.117188 0.118056
0 8 0.775781 0.470833 0.050000 0.075000
0 9 0.775781 0.457639 0.083594 0.090278
0 10 0.706641 0.463194 0.068750 0.079167
0 11 0.675781 0.454861 0.106250 0.122222
0 12 0.426367 0.457292 0.130078 0.131250
0 13 0.566992 0.454167 0.105859 0.123611
0 14 0.520898 0.452083 0.079297 0.105556
0 15 0.350977 0.460764 0.110547 0.127083
0 16 0.271094 0.465972 0.107031 0.129167
0 17 0.065625 0.462847 0.124219 0.149306
0 18 0.259570 0.617014 0.129297 0.172917
0 19 0.130664 0.652083 0.075391 0.104167
0 20 0.044336 0.628472 0.088672 0.161111
