0 1 0.965625 0.465625 0.067969 0.111806
0 2 0.913086 0.462500 0.066797 0.105556
0 3 0.833203 0.469792 0.067969 0.097917
0 4 0.736133 0.456597 0.083984 0.111806
0 5 0.696680 0.465278 0.072266 0.087500
0 6 0.620703 0.452778 0.102344 0.118056
0 7 0.597461 0.453819 0.090234 0.120139
0 8 0.555078 0.469792 0.059375 0.092361
0 9 0.492773 0.452778 0.094922 0.111111
0 10 0.426953 0.463542 0.075000 0.095139
0 11 0.390039 0.454167 0.116797 0.133333
0 12 0.140820 0.468403 0.129297 0.142361
0 13 0.265430 0.454167 0.125391 0.144444
0 14 0.261719 0.459722 0.094531 0.118056
0 15 0.015820 0.465278 0.031641 0.125000
0 16 0.017578 0.464931 0.035156 0.113194
0 18 0.188867 0.632986 0.126172 0.154861
0 19 0.080664 0.648264 0.061328 0.103472
0 20 0.022266 0.622917 0.044531 0.162500
