0 1 0.889453 0.459722 0.082031 0.119444
0 2 0.811328 0.459028 0.093750 0.111111
0 3 0.730859 0.463889 0.061719 0.093056
0 4 0.674219 0.454167 0.085156 0.120833
0 5 0.622656 0.469097 0.071875 0.096528
0 6 0.529297 0.455556 0.094531 0.126389
0 7 0.492578 0.459028 0.125781 0.123611
0 8 0.445312 0.469097 0.071094 0.086806
0 9 0.382812 0.457292 0.120313 0.113194
0 10 0.296289 0.469444 0.080078 0.105556
0 11 0.238672 0.454861 0.144531 0.148611
0 12 0.035156 0.464583 0.070312 0.141667
0 13 0.105859 0.457639 0.139063 0.137500
0 14 0.117969 0.458681 0.103906 0.117361
0 18 0.160352 0.638889 0.126953 0.156944
0 19 0.081445 0.645833 0.076953 0.106944
0 20 0.023633 0.628819 0.047266 0.165972
