0 1 0.920898 0.462847 0.086328 0.114583
0 2 0.853711 0.460069 0.081641 0.106250
0 3 0.769922 0.468403 0.063281 0.104861
0 4 0.684961 0.454861 0.076172 0.125000
0 5 0.654297 0.469792 0.077344 0.090972
0 6 0.567383 0.457639 0.096484 0.123611
0 7 0.536133 0.455556 0.111328 0.140278
0 8 0.489453 0.476389 0.059375 0.084722
0 9 0.425781 0.453819 0.108594 0.114583
0 10 0.345898 0.464236 0.080078 0.100694
0 11 0.298047 0.456597 0.130469 0.135417
0 12 0.057617 0.465278 0.115234 0.134722
0 13 0.169531 0.464583 0.136719 0.129167
0 14 0.177734 0.456944 0.102344 0.116667
0 18 0.170703 0.637153 0.132031 0.161806
0 19 0.077930 0.643403 0.072266 0.104861
0 20 0.024414 0.625000 0.048828 0.161111
