0 1 0.896875 0.456250 0.083594 0.125000
0 2 0.814648 0.454167 0.096484 0.125000
0 3 0.735938 0.463889 0.062500 0.097222
0 4 0.676367 0.452778 0.080078 0.118056
0 5 0.632812 0.462847 0.069531 0.103472
0 6 0.536133 0.454861 0.089453 0.131944
0 7 0.505664 0.459722 0.108203 0.125000
0 8 0.448828 0.469097 0.064844 0.085417
0 9 0.387500 0.456944 0.114844 0.115278
0 10 0.301953 0.465972 0.077344 0.101389
0 11 0.244141 0.455208 0.142969 0.146528
0 12 0.038281 0.463889 0.076563 0.138889
0 13 0.115430 0.459028 0.143359 0.136111
0 14 0.128516 0.459722 0.107031 0.116667
0 18 0.162891 0.638542 0.127344 0.157639
0 19 0.081641 0.645139 0.077344 0.108333
0 20 0.023438 0.627778 0.046875 0.165278
