0 2 0.962891 0.458681 0.070312 0.102083
0 3 0.886328 0.468750 0.058594 0.087500
0 4 0.784961 0.459028 0.080078 0.113889
0 5 0.752344 0.470486 0.056250 0.088194
0 6 0.671094 0.455903 0.101562 0.114583
0 7 0.641992 0.450694 0.104297 0.127778
0 8 0.595703 0.467014 0.053125 0.086806
0 9 0.544531 0.451389 0.097656 0.106944
0 10 0.482422 0.461458 0.060937 0.090972
0 11 0.460156 0.456250 0.107813 0.129167
0 12 0.201953 0.463889 0.148438 0.144444
0 13 0.337891 0.459722 0.116406 0.134722
0 14 0.333008 0.464583 0.079297 0.116667
0 15 0.070312 0.470486 0.115625 0.131250
0 16 0.053906 0.472222 0.102344 0.129167
0 18 0.193164 0.635764 0.130859 0.165972
0 19 0.087109 0.651736 0.058594 0.096528
0 20 0.021094 0.625347 0.042188 0.157639
