0 1 0.848633 0.454861 0.082422 0.116667
0 2 0.777148 0.463889 0.079297 0.109722
0 3 0.700391 0.465625 0.060156 0.090972
0 4 0.648242 0.460417 0.088672 0.113889
0 5 0.582812 0.469792 0.073438 0.096528
0 6 0.489453 0.462153 0.110937 0.120139
0 7 0.454492 0.454514 0.119141 0.142361
0 8 0.391602 0.471181 0.062109 0.095139
0 9 0.332422 0.461111 0.119531 0.126389
0 10 0.251953 0.468403 0.078906 0.100694
0 11 0.186523 0.455556 0.149609 0.151389
0 12 0.024219 0.460764 0.048438 0.150694
0 13 0.058203 0.461111 0.112500 0.133333
0 14 0.053711 0.460069 0.107422 0.120139
0 18 0.151758 0.640625 0.123047 0.153472
0 19 0.079297 0.650694 0.073438 0.098611
0 20 0.025586 0.634028 0.051172 0.165278
