0 1 0.925195 0.461458 0.090234 0.115972
0 2 0.856836 0.455556 0.087109 0.113889
0 3 0.779102 0.461458 0.061328 0.100694
0 4 0.686328 0.455903 0.082031 0.121528
0 5 0.660352 0.469792 0.074609 0.088194
0 6 0.572461 0.455208 0.099609 0.122917
0 7 0.537305 0.453472 0.114453 0.138889
0 8 0.495898 0.475694 0.055078 0.093056
0 9 0.430273 0.456250 0.108203 0.108333
0 10 0.353906 0.465972 0.080469 0.097222
0 11 0.309961 0.457639 0.134766 0.133333
0 12 0.061523 0.465278 0.123047 0.134722
0 13 0.180273 0.462847 0.136328 0.136806
0 14 0.189258 0.457292 0.098828 0.115972
0 18 0.174023 0.637153 0.128516 0.163194
0 19 0.076758 0.645486 0.069141 0.102083
0 20 0.023438 0.625694 0.046875 0.159722
