0 4 0.939844 0.453819 0.078125 0.109028
0 5 0.885156 0.466319 0.064844 0.086806
0 6 0.818359 0.454514 0.100000 0.118750
0 7 0.781055 0.454861 0.098828 0.116667
0 8 0.747461 0.460764 0.041797 0.085417
0 9 0.747461 0.454167 0.087891 0.101389
0 10 0.673242 0.459722 0.072266 0.088889
0 11 0.639062 0.452431 0.121094 0.121528
0 12 0.400391 0.455556 0.122656 0.129167
0 13 0.539062 0.457986 0.100781 0.128472
0 14 0.492773 0.455556 0.077734 0.109722
0 15 0.312305 0.458681 0.105859 0.127083
0 16 0.239648 0.460417 0.101953 0.133333
0 17 0.047656 0.458681 0.095312 0.143750
0 18 0.227344 0.631944 0.149219 0.162500
0 19 0.113477 0.649306 0.071484 0.095833
0 20 0.031055 0.624653 0.062109 0.154861
