0 3 0.957422 0.466319 0.053906 0.088194
0 4 0.862305 0.460069 0.091797 0.111806
0 5 0.810352 0.468750 0.045703 0.095833
0 6 0.740820 0.459722 0.094141 0.104167
0 7 0.698828 0.457639 0.120313 0.122222
0 8 0.673438 0.465625 0.052344 0.077083
0 9 0.647266 0.446875 0.090625 0.097917
0 11 0.561328 0.451042 0.108594 0.135417
0 12 0.298633 0.457986 0.136328 0.132639
0 13 0.449609 0.452778 0.107813 0.131944
0 14 0.417969 0.456597 0.089063 0.111806
0 15 0.203906 0.460764 0.116406 0.125694
0 16 0.161133 0.469444 0.116016 0.134722
0 18 0.203516 0.636111 0.127344 0.158333
0 19 0.088867 0.654167 0.057422 0.095833
0 20 0.027734 0.619792 0.055469 0.168750
