0 1 0.987500 0.461806 0.024219 0.108333
0 2 0.937500 0.460764 0.069531 0.106250
0 3 0.858594 0.470486 0.065625 0.090972
0 4 0.754102 0.457986 0.085547 0.115972
0 5 0.720898 0.466319 0.061328 0.095139
0 6 0.640234 0.455208 0.103906 0.110417
0 7 0.600391 0.451736 0.128906 0.124306
0 8 0.572852 0.463542 0.051172 0.089583
0 9 0.514062 0.450347 0.106250 0.110417
0 10 0.452539 0.465278 0.065234 0.097222
0 11 0.419727 0.453472 0.108984 0.137500
0 12 0.169727 0.461806 0.138672 0.145833
0 13 0.293750 0.451736 0.124219 0.138194
0 14 0.297266 0.455903 0.083594 0.115972
0 15 0.041016 0.459722 0.082031 0.133333
0 16 0.031250 0.469097 0.062500 0.121528
0 18 0.177539 0.638542 0.162891 0.157639
0 19 0.080859 0.651042 0.055469 0.099306
0 20 0.022266 0.624306 0.044531 0.159722
