0 1 0.864844 0.457292 0.097656 0.120139
0 2 0.791992 0.460417 0.096484 0.108333
0 3 0.712695 0.464931 0.061328 0.100694
0 4 0.667383 0.455903 0.091797 0.120139
0 5 0.608203 0.470139 0.067969 0.093056
0 6 0.514648 0.455556 0.101953 0.127778
0 7 0.479492 0.455208 0.111328 0.127083
0 8 0.414648 0.470139 0.068359 0.091667
0 9 0.354883 0.457292 0.104297 0.113194
0 10 0.268945 0.468750 0.082422 0.100000
0 11 0.217773 0.455556 0.134766 0.152778
0 12 0.030078 0.459722 0.060156 0.144444
0 13 0.076367 0.456250 0.130078 0.134722
0 14 0.082227 0.459375 0.106641 0.124306
0 18 0.153320 0.639583 0.126172 0.155556
0 19 0.080664 0.648611 0.076172 0.102778
0 20 0.024023 0.630903 0.048047 0.167361
