0 3 0.962891 0.468056 0.053906 0.084722
0 4 0.866602 0.460417 0.094141 0.109722
0 5 0.816797 0.469792 0.047656 0.099306
0 6 0.747852 0.456597 0.098828 0.104861
0 7 0.705078 0.454514 0.121875 0.121528
0 8 0.680469 0.466319 0.055469 0.075694
0 9 0.652148 0.451736 0.091016 0.092361
0 11 0.564453 0.455556 0.103906 0.133333
0 12 0.307031 0.458681 0.123438 0.129861
0 13 0.455078 0.453819 0.112500 0.132639
0 14 0.425391 0.454514 0.087500 0.117361
0 15 0.210352 0.459375 0.117578 0.124306
0 16 0.163867 0.467708 0.122266 0.136806
0 18 0.204492 0.637847 0.123828 0.159028
0 19 0.084766 0.654861 0.060156 0.094444
0 20 0.026172 0.615972 0.052344 0.177778
