0 1 0.969727 0.466319 0.059766 0.111806
0 2 0.915820 0.463194 0.074609 0.104167
0 3 0.838281 0.469792 0.067969 0.096528
0 4 0.740625 0.457639 0.087500 0.116667
0 5 0.703320 0.467361 0.071484 0.088889
0 6 0.623828 0.453472 0.105469 0.118056
0 7 0.596484 0.452083 0.104688 0.125000
0 8 0.559570 0.469792 0.058984 0.089583
0 9 0.500000 0.453819 0.092188 0.109028
0 10 0.433203 0.462847 0.073438 0.095139
0 11 0.401758 0.454861 0.123047 0.133333
0 12 0.146680 0.467708 0.128516 0.143750
0 13 0.270117 0.456944 0.132422 0.141667
0 14 0.263281 0.459028 0.102344 0.122222
0 15 0.022852 0.465972 0.045703 0.123611
0 16 0.020508 0.467014 0.041016 0.117361
0 18 0.192578 0.634028 0.122656 0.155556
0 19 0.082227 0.649306 0.056641 0.109722
0 20 0.022461 0.623264 0.044922 0.161806
