0 1 0.950977 0.456944 0.079297 0.108333
0 2 0.881445 0.456944 0.078516 0.108333
0 3 0.800781 0.465625 0.067187 0.096528
0 4 0.711133 0.455208 0.091797 0.115972
0 5 0.677148 0.463542 0.076172 0.102083
0 6 0.591211 0.452083 0.101172 0.120833
0 7 0.567969 0.447917 0.096094 0.141667
0 8 0.524805 0.472222 0.058984 0.091667
0 9 0.462305 0.452083 0.101172 0.118056
0 10 0.390234 0.460417 0.075781 0.088889
0 11 0.346484 0.454514 0.128125 0.134028
0 12 0.087305 0.467708 0.137109 0.136806
0 13 0.216211 0.457639 0.133984 0.137500
0 14 0.223828 0.458333 0.092969 0.122222
0 18 0.171484 0.635417 0.149219 0.156944
0 19 0.073047 0.646875 0.072656 0.093750
0 20 0.021094 0.625000 0.042188 0.158333
