1 0.072656 0.652778 0.031250 0.086111
1 0.095508 0.676042 0.028516 0.090972
1 0.126172 0.670139 0.023438 0.094444
1 0.139844 0.665625 0.023438 0.106250
1 0.155078 0.671875 0.035156 0.113194
1 0.188086 0.671181 0.029297 0.111806
1 0.218555 0.668750 0.030078 0.113889
1 0.250781 0.695833 0.019531 0.062500
1 0.312305 0.671181 0.040234 0.120139
1 0.407422 0.672917 0.034375 0.120833
1 0.057031 0.691319 0.020313 0.045139
1 0.444727 0.707292 0.063672 0.052083
1 0.504297 0.709028 0.075000 0.062500
1 0.653320 0.695486 0.044141 0.150694
1 0.728711 0.685417 0.037109 0.156944
1 0.786328 0.681250 0.050000 0.162500
1 0.825977 0.680556 0.041797 0.172222
