1 0.007227 0.641319 0.014453 0.090972
1 0.185352 0.636458 0.023047 0.085417
1 0.181445 0.650000 0.033984 0.097222
1 0.206055 0.651736 0.023047 0.103472
1 0.212109 0.656597 0.031250 0.107639
1 0.244336 0.656250 0.026953 0.101389
1 0.267383 0.654514 0.025391 0.099306
1 0.277344 0.679861 0.021875 0.056944
1 0.342187 0.652431 0.039062 0.131250
1 0.427930 0.667014 0.041797 0.118750
1 0.114648 0.675694 0.019141 0.043056
1 0.476367 0.664583 0.043359 0.118056
1 0.529687 0.690972 0.068750 0.070833
1 0.655859 0.694792 0.040625 0.115972
1 0.766406 0.683333 0.044531 0.158333
1 0.856836 0.686111 0.045703 0.152778
1 0.908398 0.687500 0.046484 0.161111
