1 0.054102 0.660069 0.029297 0.095139
1 0.100000 0.683681 0.025781 0.092361
1 0.125586 0.683333 0.024609 0.086111
1 0.142383 0.680556 0.029297 0.102778
1 0.161328 0.678819 0.033594 0.110417
1 0.188281 0.681597 0.028906 0.109028
1 0.224023 0.678472 0.030859 0.109722
1 0.250781 0.704861 0.018750 0.059722
1 0.329297 0.676389 0.043750 0.122222
1 0.422461 0.679861 0.030859 0.120833
1 0.059180 0.697569 0.018359 0.046528
1 0.461133 0.715625 0.062109 0.049306
1 0.519336 0.718056 0.073828 0.063889
1 0.657813 0.700694 0.037500 0.154167
1 0.728320 0.687847 0.038672 0.170139
1 0.775000 0.688194 0.039062 0.158333
1 0.811523 0.688889 0.044922 0.166667
