1 0.091016 0.616319 0.025000 0.089583
1 0.296484 0.615972 0.023438 0.091667
1 0.241406 0.629167 0.029687 0.100000
1 0.277539 0.630903 0.028516 0.099306
1 0.288672 0.632639 0.029687 0.106944
1 0.320508 0.634028 0.028516 0.098611
1 0.349805 0.633681 0.028516 0.095139
1 0.343750 0.656597 0.020313 0.061806
1 0.409180 0.635069 0.026953 0.122917
1 0.487695 0.643750 0.034766 0.118056
1 0.195508 0.649653 0.017578 0.046528
1 0.547852 0.644792 0.030859 0.120139
1 0.602734 0.643403 0.039062 0.131250
1 0.658984 0.685764 0.059375 0.070139
1 0.793359 0.671875 0.044531 0.145139
1 0.889258 0.672222 0.044922 0.147222
1 0.984766 0.672569 0.028906 0.160417
