1 0.124219 0.637153 0.025781 0.093750
1 0.125195 0.657292 0.023828 0.089583
1 0.137500 0.649306 0.026562 0.095833
1 0.170313 0.653472 0.025000 0.108333
1 0.199219 0.655208 0.027344 0.102083
1 0.223828 0.651389 0.028125 0.102778
1 0.245703 0.678125 0.024219 0.059028
1 0.301758 0.646181 0.041016 0.135417
1 0.392188 0.658681 0.044531 0.120139
1 0.069922 0.674306 0.017188 0.045833
1 0.421289 0.686806 0.061328 0.056944
1 0.477930 0.687500 0.062891 0.062500
1 0.629687 0.678125 0.038281 0.134028
1 0.739453 0.668403 0.055469 0.168750
1 0.817773 0.676042 0.048828 0.145139
1 0.857031 0.671875 0.040625 0.165972
