1 0.041016 0.632292 0.025000 0.088194
1 0.235352 0.628819 0.028516 0.092361
1 0.208203 0.645139 0.028125 0.100000
1 0.243945 0.644792 0.023047 0.099306
1 0.251172 0.648611 0.026562 0.106944
1 0.279492 0.647222 0.026953 0.102778
1 0.304102 0.645486 0.026953 0.103472
1 0.308398 0.671181 0.021484 0.056250
1 0.373242 0.647569 0.033203 0.120139
1 0.457227 0.657639 0.038672 0.116667
1 0.150195 0.666319 0.017578 0.042361
1 0.510742 0.655208 0.035547 0.122917
1 0.570898 0.660069 0.054297 0.120139
1 0.656250 0.713194 0.073438 0.068056
1 0.786914 0.680208 0.034766 0.154861
1 0.873633 0.683333 0.051953 0.147222
1 0.945898 0.682639 0.046484 0.161111
