1 0.058008 0.645833 0.019922 0.058333
1 0.142969 0.643056 0.019531 0.063889
1 0.182422 0.658333 0.018750 0.062500
1 0.200195 0.656944 0.014453 0.065278
1 0.210156 0.653125 0.020313 0.074306
1 0.234180 0.653819 0.023047 0.074306
1 0.250781 0.655556 0.019531 0.072222
1 0.278906 0.654167 0.021875 0.076389
1 0.307031 0.673958 0.014063 0.042361
1 0.357617 0.653472 0.019922 0.080556
1 0.416211 0.657292 0.024609 0.081250
1 0.168555 0.668403 0.013672 0.032639
1 0.441797 0.681250 0.045312 0.033333
1 0.500586 0.680208 0.032422 0.072917
1 0.551172 0.671875 0.036719 0.097917
1 0.599414 0.661111 0.031641 0.111111
1 0.630859 0.660764 0.025781 0.109028
1 0.650391 0.662847 0.039844 0.115972
1 0.965430 0.644444 0.037109 0.116667
