1 0.049805 0.623958 0.025391 0.090972
1 0.247461 0.621528 0.028516 0.095833
1 0.213477 0.637153 0.026953 0.097917
1 0.258789 0.640278 0.029297 0.106944
1 0.286328 0.640972 0.027344 0.101389
1 0.310742 0.638889 0.027734 0.101389
1 0.314453 0.661806 0.021094 0.056944
1 0.377539 0.642361 0.037109 0.119444
1 0.465039 0.648611 0.036328 0.116667
1 0.159180 0.658681 0.017578 0.043750
1 0.516797 0.650694 0.037500 0.118056
1 0.577734 0.651736 0.047656 0.125694
1 0.655664 0.701042 0.065234 0.061806
1 0.785156 0.674306 0.044531 0.152778
1 0.877148 0.676389 0.047266 0.147222
1 0.953320 0.675694 0.046484 0.161111
