1 0.133984 0.661458 0.024219 0.088194
1 0.149805 0.654167 0.024609 0.101389
1 0.182812 0.657292 0.024219 0.109028
1 0.209375 0.659375 0.028125 0.104861
1 0.231055 0.655556 0.029297 0.104167
1 0.253125 0.683681 0.023438 0.057639
1 0.307812 0.650694 0.044531 0.133333
1 0.402539 0.663542 0.043359 0.120139
1 0.077930 0.676736 0.016797 0.050694
1 0.432617 0.686806 0.054297 0.072222
1 0.485742 0.694097 0.068359 0.059028
1 0.636328 0.684375 0.038281 0.134028
1 0.747070 0.673958 0.052734 0.167361
1 0.826953 0.680556 0.050781 0.145833
1 0.868945 0.679167 0.042578 0.165278
