1 0.030859 0.636111 0.025781 0.091667
1 0.222461 0.634375 0.027734 0.092361
1 0.202148 0.650347 0.027734 0.100694
1 0.230273 0.651736 0.023828 0.102083
1 0.240430 0.653819 0.026172 0.106250
1 0.271289 0.653125 0.030078 0.097917
1 0.297656 0.649306 0.027344 0.098611
1 0.300586 0.676736 0.021484 0.056250
1 0.364648 0.653125 0.033984 0.122917
1 0.449609 0.663889 0.040625 0.116667
1 0.139453 0.672222 0.017969 0.044444
1 0.500195 0.662500 0.036328 0.116667
1 0.561523 0.675000 0.058203 0.101389
1 0.660742 0.709375 0.073047 0.084028
1 0.783008 0.682292 0.037109 0.153472
1 0.869141 0.687500 0.053125 0.147222
1 0.935352 0.686111 0.046484 0.161111
