1 0.084180 0.631944 0.026953 0.090278
1 0.097461 0.655208 0.028516 0.090972
1 0.123438 0.644792 0.023438 0.103472
1 0.136719 0.643403 0.026562 0.104861
1 0.151758 0.647222 0.028516 0.111111
1 0.181445 0.650347 0.028516 0.106250
1 0.208398 0.642708 0.028516 0.110417
1 0.243164 0.670486 0.017578 0.060417
1 0.296680 0.641319 0.037891 0.122917
1 0.389844 0.647917 0.035937 0.115278
1 0.051172 0.669097 0.018750 0.047917
1 0.416016 0.683681 0.064062 0.052083
1 0.485938 0.678819 0.070312 0.063194
1 0.633203 0.667361 0.040625 0.151389
1 0.718359 0.656597 0.046094 0.160417
1 0.791406 0.649306 0.049219 0.162500
1 0.830469 0.655208 0.041406 0.165972
