1 0.039062 0.655903 0.020313 0.067361
1 0.138281 0.650694 0.020313 0.069444
1 0.174219 0.668056 0.019531 0.070833
1 0.197852 0.667361 0.017578 0.069444
1 0.211133 0.666319 0.021484 0.071528
1 0.229492 0.663542 0.021484 0.079861
1 0.249805 0.664583 0.022266 0.081944
1 0.275391 0.663889 0.021094 0.083333
1 0.299609 0.684375 0.015625 0.045139
1 0.359766 0.663889 0.028125 0.090278
1 0.424414 0.667014 0.026953 0.090972
1 0.151758 0.678125 0.016016 0.038194
1 0.454688 0.694444 0.047656 0.037500
1 0.498633 0.703819 0.041016 0.049306
1 0.590625 0.685764 0.033594 0.110417
1 0.636914 0.671875 0.034766 0.122917
1 0.675781 0.671181 0.028906 0.120139
1 0.698438 0.673958 0.033594 0.121528
