1 0.104102 0.632292 0.026172 0.093750
1 0.109180 0.655208 0.026953 0.090972
1 0.126562 0.643750 0.025781 0.101389
1 0.152734 0.648958 0.025781 0.109028
1 0.187305 0.646875 0.024609 0.109028
1 0.211133 0.644444 0.026172 0.108333
1 0.239453 0.671875 0.025000 0.060417
1 0.293945 0.640972 0.041016 0.129167
1 0.383789 0.649653 0.044922 0.118750
1 0.056055 0.669097 0.017578 0.046528
1 0.410352 0.682986 0.060547 0.052083
1 0.475781 0.679514 0.060156 0.063194
1 0.625000 0.668403 0.035937 0.149306
1 0.722070 0.658333 0.062891 0.163889
1 0.802148 0.655556 0.051172 0.162500
1 0.842969 0.658681 0.041406 0.165972
