1 0.076953 0.658681 0.024219 0.089583
1 0.099219 0.676389 0.025781 0.091667
1 0.137305 0.669792 0.025391 0.109028
1 0.152148 0.672917 0.031641 0.112500
1 0.184180 0.674306 0.029297 0.106944
1 0.213086 0.668403 0.030859 0.113194
1 0.247461 0.697917 0.020703 0.063889
1 0.306836 0.669097 0.039453 0.120139
1 0.399219 0.673611 0.035156 0.116667
1 0.057031 0.692361 0.017969 0.047222
1 0.435742 0.708681 0.063672 0.052083
1 0.500195 0.709028 0.069922 0.061111
1 0.645703 0.692361 0.038281 0.152778
1 0.724609 0.682292 0.041406 0.156250
1 0.788281 0.676389 0.050000 0.162500
1 0.827344 0.676389 0.041406 0.170833
