1 0.053711 0.650694 0.016797 0.061111
1 0.144336 0.645139 0.018359 0.065278
1 0.180078 0.660417 0.020313 0.069444
1 0.201367 0.661111 0.016016 0.063889
1 0.213477 0.660764 0.019141 0.070139
1 0.233008 0.657639 0.019922 0.079167
1 0.250586 0.658333 0.022266 0.080556
1 0.277344 0.658681 0.023438 0.078472
1 0.304102 0.679167 0.015234 0.043056
1 0.357812 0.658333 0.027344 0.083333
1 0.421094 0.661458 0.021094 0.084028
1 0.162695 0.672917 0.014453 0.034722
1 0.445312 0.686111 0.045312 0.036111
1 0.499414 0.679514 0.041016 0.079861
1 0.565234 0.677431 0.036719 0.100694
1 0.612695 0.665972 0.035547 0.113889
1 0.647656 0.665625 0.027344 0.110417
1 0.666992 0.667014 0.037109 0.115972
1 0.988672 0.643056 0.021094 0.123611
