1 0.089648 0.628125 0.028516 0.088194
1 0.097852 0.648958 0.028516 0.089583
1 0.123438 0.640625 0.023438 0.102083
1 0.136133 0.640972 0.025391 0.102778
1 0.150586 0.645139 0.026953 0.108333
1 0.179297 0.644792 0.028125 0.102083
1 0.206836 0.640278 0.029297 0.109722
1 0.241602 0.666667 0.022266 0.062500
1 0.293164 0.639583 0.039453 0.123611
1 0.390234 0.645486 0.035937 0.115972
1 0.052344 0.665625 0.017188 0.046528
1 0.411523 0.678125 0.066016 0.052083
1 0.483789 0.674306 0.069922 0.065278
1 0.629687 0.663194 0.038281 0.151389
1 0.714063 0.651389 0.051562 0.163889
1 0.792188 0.649306 0.050781 0.162500
1 0.832812 0.654514 0.041406 0.165972
