1 0.064648 0.643403 0.019141 0.057639
1 0.142773 0.639583 0.016797 0.059722
1 0.187695 0.653819 0.017578 0.060417
1 0.207031 0.651736 0.016406 0.064583
1 0.215820 0.651389 0.017578 0.069444
1 0.242773 0.651389 0.021484 0.072222
1 0.258203 0.653819 0.020313 0.071528
1 0.282422 0.652083 0.020313 0.075000
1 0.315039 0.670486 0.015234 0.040972
1 0.358789 0.650694 0.019922 0.080556
1 0.417383 0.653819 0.023047 0.081250
1 0.175977 0.665278 0.014453 0.033333
1 0.440430 0.678819 0.044141 0.038194
1 0.499219 0.676736 0.035937 0.081250
1 0.543359 0.669097 0.033594 0.097917
1 0.595117 0.658333 0.023828 0.111111
1 0.621094 0.661458 0.025000 0.104861
1 0.638672 0.660764 0.038281 0.111806
1 0.942383 0.644097 0.038672 0.111806
