1 0.114062 0.633681 0.025781 0.093750
1 0.116602 0.655903 0.025391 0.092361
1 0.131250 0.644792 0.027344 0.099306
1 0.161328 0.650000 0.025781 0.109722
1 0.192578 0.650000 0.025000 0.108333
1 0.216211 0.646181 0.026953 0.104861
1 0.240625 0.673958 0.024219 0.060417
1 0.295508 0.642014 0.041016 0.131250
1 0.385156 0.654514 0.044531 0.120139
1 0.063086 0.671875 0.017578 0.045139
1 0.412500 0.685764 0.060937 0.052083
1 0.474805 0.680556 0.061328 0.066667
1 0.625000 0.673264 0.035156 0.142361
1 0.730273 0.664236 0.060547 0.161806
1 0.808984 0.667014 0.045312 0.152083
1 0.847656 0.664236 0.041406 0.165972
