1 0.084180 0.631597 0.019141 0.057639
1 0.158398 0.629514 0.016797 0.056250
1 0.202930 0.644444 0.019141 0.059722
1 0.221875 0.640625 0.016406 0.065972
1 0.231641 0.638889 0.019531 0.072222
1 0.260547 0.640625 0.018750 0.071528
1 0.274609 0.643403 0.019531 0.068750
1 0.297070 0.641319 0.020703 0.072917
1 0.335938 0.658333 0.012500 0.040278
1 0.368750 0.639931 0.019531 0.075694
1 0.424414 0.644444 0.028516 0.076389
1 0.454883 0.668403 0.042578 0.038194
1 0.512891 0.657292 0.036719 0.081250
1 0.538086 0.656944 0.026953 0.097222
1 0.592773 0.647569 0.025391 0.106250
1 0.617188 0.648611 0.027344 0.101389
1 0.630273 0.654861 0.039453 0.097222
1 0.920312 0.631250 0.035156 0.112500
