1 0.080078 0.640625 0.023438 0.089583
1 0.098828 0.664236 0.025781 0.092361
1 0.124023 0.656250 0.022266 0.102778
1 0.137891 0.657292 0.027344 0.106250
1 0.153320 0.656597 0.026953 0.113194
1 0.183008 0.655903 0.029297 0.102083
1 0.210938 0.652083 0.026562 0.111111
1 0.245898 0.677778 0.019141 0.058333
1 0.301758 0.650347 0.037109 0.122917
1 0.391016 0.657292 0.037500 0.115972
1 0.052930 0.678819 0.019141 0.047917
1 0.425195 0.692014 0.063672 0.052083
1 0.491602 0.688542 0.065234 0.063194
1 0.637500 0.675347 0.038281 0.150694
1 0.716797 0.662153 0.041406 0.157639
1 0.791797 0.659028 0.050000 0.162500
1 0.828516 0.659028 0.041406 0.166667
