1 0.052930 0.651389 0.016797 0.066667
1 0.145508 0.647222 0.018359 0.066667
1 0.180273 0.663194 0.019922 0.069444
1 0.202734 0.661806 0.017969 0.065278
1 0.215234 0.663889 0.020313 0.070833
1 0.233594 0.659722 0.020313 0.081944
1 0.252930 0.660764 0.021484 0.079861
1 0.278320 0.660417 0.021484 0.080556
1 0.304492 0.680556 0.014453 0.043056
1 0.360547 0.659722 0.027344 0.083333
1 0.423828 0.660764 0.021094 0.085417
1 0.161328 0.673958 0.014063 0.035417
1 0.449609 0.687500 0.046875 0.036111
1 0.500195 0.689583 0.046484 0.072222
1 0.575195 0.680208 0.037891 0.103472
1 0.619922 0.667014 0.033594 0.114583
1 0.658008 0.667361 0.027734 0.111111
1 0.681445 0.670833 0.034766 0.118056
