1 0.092773 0.619444 0.018359 0.055556
1 0.166797 0.617361 0.018750 0.055556
1 0.215039 0.629167 0.017578 0.062500
1 0.232031 0.629861 0.014844 0.063889
1 0.241016 0.625694 0.017188 0.070833
1 0.269727 0.629167 0.020703 0.069444
1 0.288086 0.630208 0.018359 0.072917
1 0.306250 0.630556 0.018750 0.072222
1 0.347070 0.647917 0.015234 0.037500
1 0.373828 0.629514 0.018750 0.074306
1 0.431055 0.633333 0.028516 0.076389
1 0.470117 0.658333 0.042578 0.041667
1 0.515625 0.644792 0.031250 0.078472
1 0.534180 0.641319 0.025391 0.096528
1 0.591016 0.635764 0.029687 0.100694
1 0.614062 0.637847 0.025781 0.095139
1 0.626758 0.642014 0.034766 0.096528
1 0.910742 0.621528 0.026953 0.109722
