1 0.093555 0.617361 0.017578 0.055556
1 0.166797 0.613889 0.017188 0.054167
1 0.216406 0.627083 0.017188 0.058333
1 0.236133 0.622917 0.012109 0.063889
1 0.244727 0.619444 0.016797 0.070833
1 0.254102 0.623611 0.014453 0.065278
1 0.275195 0.625694 0.019922 0.069444
1 0.290625 0.625347 0.020313 0.064583
1 0.309375 0.627778 0.020313 0.070833
1 0.355078 0.642361 0.015625 0.038889
1 0.376172 0.626389 0.019531 0.072222
1 0.434570 0.627083 0.028516 0.076389
1 0.485156 0.653819 0.044531 0.039583
1 0.517773 0.643403 0.030078 0.074306
1 0.533203 0.634375 0.028125 0.096528
1 0.592578 0.630903 0.029687 0.099306
1 0.614453 0.633681 0.025781 0.095139
1 0.630078 0.634722 0.028906 0.097222
1 0.911719 0.618750 0.028125 0.104167
