1 0.068555 0.652778 0.024609 0.088889
1 0.096484 0.679167 0.032813 0.093056
1 0.129492 0.675694 0.023047 0.091667
1 0.145703 0.668403 0.023438 0.109028
1 0.163281 0.672569 0.029687 0.109028
1 0.192969 0.671875 0.029687 0.111806
1 0.224805 0.669444 0.029297 0.112500
1 0.253516 0.695833 0.021094 0.062500
1 0.325391 0.671181 0.039062 0.121528
1 0.412695 0.673264 0.041016 0.122917
1 0.062109 0.694097 0.017969 0.045139
1 0.458008 0.711458 0.063672 0.049306
1 0.513672 0.708333 0.071094 0.069444
1 0.663477 0.695833 0.037109 0.154167
1 0.732227 0.684722 0.041016 0.162500
1 0.790625 0.676042 0.042188 0.167361
1 0.825195 0.680903 0.044141 0.172917
