1 0.075195 0.655903 0.029297 0.089583
1 0.098047 0.677431 0.025781 0.089583
1 0.126172 0.673958 0.021094 0.095139
1 0.134961 0.668403 0.023828 0.109028
1 0.152539 0.671875 0.034766 0.114583
1 0.183398 0.671875 0.031641 0.110417
1 0.214062 0.669444 0.032813 0.113889
1 0.248438 0.697222 0.021094 0.062500
1 0.308594 0.669097 0.040625 0.120139
1 0.403320 0.672222 0.033984 0.119444
1 0.055273 0.692014 0.019141 0.046528
1 0.441602 0.708681 0.063672 0.052083
1 0.502344 0.710417 0.072656 0.062500
1 0.648828 0.695486 0.042969 0.150694
1 0.727148 0.686458 0.038672 0.156250
1 0.786719 0.679167 0.050000 0.162500
1 0.826758 0.678125 0.041797 0.171528
