0 3 0.312305 0.848958 0.101953 0.186806
0 2 0.010547 0.355556 0.021094 0.087500
0 1 0.019922 0.345833 0.039844 0.112500
0 4 0.403320 0.814931 0.046484 0.161806
0 5 0.240820 0.681250 0.067578 0.152778
0 8 0.222852 0.736806 0.066016 0.155556
0 7 0.274805 0.709028 0.059766 0.169444
0 11 0.310547 0.696181 0.043750 0.109028
0 6 0.027148 0.732292 0.054297 0.143750
0 10 0.471484 0.628472 0.078906 0.140278
0 9 0.372852 0.645833 0.094922 0.145833
0 12 0.427539 0.674306 0.053516 0.131944
0 13 0.538867 0.606944 0.056641 0.150000
0 14 0.585938 0.604861 0.052344 0.130556
0 15 0.631055 0.573611 0.086328 0.138889
0 16 0.619141 0.437500 0.069531 0.129167
0 17 0.737500 0.496181 0.037500 0.147917
0 18 0.765430 0.472569 0.034766 0.140972
0 20 0.910742 0.514583 0.044141 0.158333
0 21 0.877148 0.473958 0.067578 0.147917
0 19 0.793359 0.462500 0.026562 0.104167
0 22 0.765820 0.790972 0.127734 0.152778
0 23 0.871094 0.455556 0.075000 0.106944
0 24 0.566016 0.396181 0.035937 0.113194
0 25 0.567578 0.398264 0.064062 0.114583
0 28 0.860938 0.773958 0.074219 0.145139
0 29 0.816406 0.769792 0.078125 0.146528
