0 3 0.242188 0.749306 0.075781 0.183333
0 4 0.351172 0.729167 0.089844 0.162500
0 5 0.066406 0.623611 0.082031 0.177778
0 8 0.074219 0.666319 0.096094 0.157639
0 7 0.141016 0.652431 0.060937 0.143750
0 10 0.272461 0.555556 0.080078 0.155556
0 9 0.176953 0.572917 0.096094 0.184722
0 12 0.361523 0.583681 0.060547 0.143750
0 13 0.357812 0.531944 0.096094 0.141667
0 14 0.420898 0.537500 0.049609 0.122222
0 15 0.464844 0.500347 0.091406 0.159028
0 16 0.472656 0.314236 0.078906 0.140972
0 17 0.629687 0.434028 0.063281 0.163889
0 18 0.678320 0.398611 0.056641 0.152778
0 19 0.702930 0.372222 0.020703 0.131944
0 20 0.847852 0.486806 0.034766 0.141667
0 21 0.853711 0.431597 0.036328 0.178472
0 22 0.705078 0.675347 0.121875 0.150694
0 23 0.698633 0.322917 0.079297 0.123611
0 24 0.533203 0.303125 0.035156 0.089583
0 25 0.662891 0.315278 0.060937 0.108333
0 26 0.722266 0.342708 0.021875 0.072917
0 28 0.705859 0.667708 0.121875 0.156250
0 29 0.671484 0.657292 0.136719 0.160417
