0 3 0.253320 0.763542 0.067578 0.184028
0 4 0.358203 0.743403 0.053125 0.161806
0 5 0.100586 0.640972 0.078516 0.158333
0 8 0.093555 0.677778 0.109766 0.163889
0 7 0.170703 0.662153 0.054688 0.147917
0 10 0.313086 0.562153 0.090234 0.145139
0 9 0.225195 0.590625 0.075391 0.160417
0 12 0.369531 0.601736 0.064062 0.147917
0 13 0.400195 0.542708 0.068359 0.140972
0 14 0.447656 0.544097 0.060937 0.121528
0 15 0.497266 0.515278 0.088281 0.152778
0 16 0.511523 0.340278 0.065234 0.129167
0 17 0.643945 0.445139 0.076172 0.163889
0 18 0.696094 0.405208 0.030469 0.160417
0 19 0.720508 0.385069 0.026172 0.121528
0 20 0.857031 0.490278 0.026562 0.141667
0 21 0.844922 0.420486 0.037500 0.159028
0 22 0.723828 0.695833 0.125781 0.150000
0 23 0.734180 0.346875 0.073828 0.131250
0 24 0.538477 0.314583 0.041016 0.104167
0 25 0.629102 0.332639 0.060547 0.116667
0 27 0.696094 0.351736 0.034375 0.054861
0 28 0.743164 0.690278 0.111328 0.155556
0 29 0.706250 0.679514 0.122656 0.164583
