0 3 0.264844 0.846875 0.101562 0.190972
0 2 0.010547 0.351042 0.021094 0.096528
0 4 0.398438 0.813194 0.069531 0.170833
0 5 0.196680 0.696875 0.082422 0.159028
0 8 0.187109 0.742708 0.085156 0.157639
0 7 0.240234 0.707986 0.045312 0.161806
0 11 0.271094 0.702083 0.039844 0.123611
0 10 0.420898 0.628819 0.085547 0.135417
0 9 0.318555 0.649653 0.103516 0.146528
0 12 0.402148 0.678125 0.058203 0.138194
0 13 0.497266 0.609375 0.056250 0.152083
0 14 0.543555 0.618403 0.057422 0.120139
0 15 0.582812 0.575694 0.099219 0.152778
0 16 0.583594 0.427083 0.055469 0.123611
0 17 0.723633 0.505903 0.037891 0.167361
0 18 0.750781 0.479514 0.038281 0.156250
0 20 0.903320 0.534028 0.045703 0.159722
0 21 0.871094 0.487847 0.035156 0.150694
0 19 0.774609 0.457639 0.023438 0.116667
0 22 0.755859 0.786458 0.111719 0.154861
0 23 0.826562 0.440972 0.076563 0.118056
0 24 0.570312 0.389236 0.039062 0.106250
0 25 0.593164 0.400694 0.076953 0.115278
0 27 0.632227 0.415972 0.026172 0.080556
0 28 0.829883 0.767361 0.083203 0.152778
0 29 0.781836 0.760069 0.080078 0.152083
