0 3 0.212500 0.766319 0.128125 0.184028
0 4 0.348438 0.739931 0.095312 0.157639
0 8 0.027734 0.690278 0.055469 0.163889
0 7 0.096289 0.670486 0.069922 0.170139
0 11 0.114648 0.681597 0.048828 0.117361
0 10 0.195898 0.592014 0.076172 0.171528
0 9 0.139063 0.641319 0.046875 0.186806
0 12 0.315820 0.610069 0.062109 0.146528
0 13 0.292773 0.568403 0.080859 0.157639
0 14 0.351758 0.581597 0.046484 0.127083
0 15 0.375195 0.540972 0.105078 0.165278
0 16 0.434180 0.369444 0.030859 0.177778
0 17 0.554688 0.471528 0.064844 0.152778
0 18 0.635352 0.445833 0.058984 0.151389
0 19 0.685547 0.411458 0.025000 0.140972
0 20 0.804297 0.520486 0.048438 0.138194
0 21 0.843945 0.482986 0.039453 0.165972
0 22 0.653516 0.688889 0.101562 0.161111
0 23 0.635938 0.330208 0.075000 0.135417
0 24 0.531250 0.306944 0.040625 0.102778
0 25 0.723633 0.340625 0.033203 0.121528
0 26 0.737891 0.354167 0.014844 0.081944
0 28 0.639648 0.687847 0.121484 0.159028
0 29 0.616016 0.669792 0.141406 0.161806
