0 1 0.109961 0.325347 0.039453 0.132639
0 2 0.142187 0.349306 0.033594 0.125000
0 3 0.309375 0.804167 0.075000 0.190278
0 4 0.456055 0.767014 0.082422 0.154861
0 8 0.013086 0.742014 0.026172 0.161806
0 7 0.073828 0.732292 0.104688 0.153472
0 11 0.146289 0.735069 0.030859 0.115972
0 10 0.172461 0.669097 0.069141 0.168750
0 9 0.189844 0.703125 0.057031 0.168750
0 12 0.296484 0.664236 0.067187 0.153472
0 13 0.289258 0.628125 0.077734 0.174306
0 14 0.352344 0.658681 0.053125 0.124306
0 15 0.362305 0.595139 0.091016 0.162500
0 16 0.515430 0.551389 0.083203 0.162500
0 17 0.588086 0.531250 0.083984 0.173611
0 18 0.640234 0.518403 0.087500 0.140972
0 19 0.722656 0.487500 0.039062 0.137500
0 20 0.788867 0.592708 0.075391 0.125694
0 21 0.876563 0.564931 0.075781 0.139583
0 22 0.715430 0.722569 0.096484 0.157639
0 23 0.651172 0.364931 0.057031 0.127083
0 24 0.602344 0.334028 0.064844 0.131944
0 25 0.822070 0.385069 0.037109 0.115972
0 26 0.822656 0.423611 0.023438 0.068056
0 28 0.672852 0.721528 0.099609 0.152778
0 29 0.630859 0.701042 0.064062 0.156250
