0 3 0.241211 0.750347 0.081641 0.184028
0 4 0.355859 0.729514 0.071094 0.160417
0 5 0.084375 0.634722 0.070312 0.162500
0 8 0.088086 0.665278 0.090234 0.159722
0 7 0.153516 0.645833 0.049219 0.158333
0 10 0.279492 0.552431 0.093359 0.147917
0 9 0.201758 0.578125 0.073047 0.164583
0 12 0.360742 0.587153 0.066797 0.147917
0 13 0.375195 0.537500 0.082422 0.144444
0 14 0.430664 0.533681 0.051953 0.121528
0 15 0.478711 0.505556 0.083203 0.155556
0 16 0.488477 0.319792 0.074609 0.140972
0 17 0.638477 0.435417 0.057422 0.161111
0 18 0.682031 0.394097 0.053906 0.168750
0 19 0.708203 0.375000 0.028125 0.134722
0 20 0.852148 0.484375 0.027734 0.149306
0 21 0.859570 0.423611 0.054297 0.181944
0 22 0.709766 0.678819 0.124219 0.149306
0 23 0.702539 0.328125 0.090234 0.135417
0 24 0.535156 0.302083 0.037500 0.101389
0 25 0.652734 0.320833 0.064844 0.108333
0 28 0.721680 0.672569 0.123047 0.154861
0 29 0.686133 0.662153 0.128516 0.161806
