0 3 0.225000 0.736458 0.118750 0.204861
0 4 0.338281 0.730208 0.096094 0.163194
0 5 0.048828 0.639236 0.096875 0.159028
0 8 0.070508 0.667361 0.083203 0.158333
0 7 0.138281 0.654167 0.057031 0.150000
0 10 0.257031 0.552778 0.089844 0.161111
0 9 0.177734 0.587847 0.076563 0.181250
0 12 0.356055 0.585069 0.058984 0.142361
0 13 0.351367 0.538194 0.083984 0.138889
0 14 0.404102 0.538194 0.059766 0.130556
0 15 0.452148 0.503472 0.088672 0.154167
0 16 0.470508 0.320486 0.070703 0.154861
0 17 0.621289 0.440972 0.062891 0.155556
0 18 0.681250 0.410069 0.048438 0.142361
0 19 0.700586 0.379514 0.020703 0.135417
0 20 0.845313 0.490278 0.034375 0.138889
0 21 0.847852 0.436806 0.038672 0.175000
0 22 0.697656 0.673611 0.121875 0.154167
0 23 0.690820 0.314583 0.074609 0.126389
0 24 0.531250 0.301042 0.036719 0.088194
0 25 0.677148 0.315278 0.055078 0.091667
0 26 0.727148 0.338194 0.018359 0.088889
0 28 0.695312 0.671181 0.128125 0.152083
0 29 0.664648 0.655903 0.137891 0.156250
