0 3 0.220898 0.759028 0.116016 0.194444
0 4 0.345898 0.737153 0.096484 0.157639
0 5 0.016602 0.664583 0.033203 0.141667
0 8 0.033203 0.685069 0.066406 0.163194
0 7 0.106641 0.670486 0.068750 0.163194
0 10 0.202734 0.582986 0.080469 0.167361
0 9 0.146289 0.620486 0.050391 0.171528
0 12 0.319141 0.607986 0.059375 0.146528
0 13 0.297070 0.554861 0.090234 0.144444
0 14 0.361328 0.567014 0.046875 0.138194
0 15 0.402148 0.530208 0.091797 0.167361
0 16 0.440430 0.350000 0.036328 0.177778
0 17 0.570312 0.462500 0.063281 0.155556
0 18 0.643555 0.439236 0.058984 0.156250
0 19 0.687109 0.410069 0.025000 0.135417
0 20 0.813867 0.518056 0.048828 0.123611
0 21 0.851172 0.471875 0.033594 0.175694
0 22 0.660937 0.683333 0.116406 0.156944
0 23 0.650391 0.327431 0.079687 0.135417
0 24 0.533203 0.304514 0.036719 0.100694
0 25 0.717578 0.333333 0.034375 0.123611
0 26 0.737109 0.352083 0.015625 0.086111
0 28 0.637891 0.683333 0.139844 0.152778
0 29 0.616797 0.668403 0.145313 0.150694
