0 2 0.010547 0.310417 0.021094 0.090278
0 3 0.220898 0.779514 0.094141 0.185417
0 4 0.354883 0.753125 0.091797 0.159028
0 7 0.067383 0.694792 0.068359 0.160417
0 11 0.102148 0.697222 0.046484 0.125000
0 10 0.164062 0.621875 0.078906 0.172917
0 9 0.128516 0.653125 0.045312 0.182639
0 12 0.288281 0.631250 0.069531 0.155556
0 13 0.257812 0.577431 0.085156 0.167361
0 14 0.328711 0.601389 0.039453 0.138889
0 15 0.350195 0.557639 0.102734 0.159722
0 16 0.432422 0.430556 0.032031 0.180556
0 17 0.544727 0.489583 0.062109 0.169444
0 18 0.606250 0.474653 0.068750 0.136806
0 19 0.675586 0.440972 0.033984 0.143056
0 20 0.784570 0.546875 0.054297 0.132639
0 21 0.836328 0.510764 0.050781 0.152083
0 22 0.625977 0.702778 0.112109 0.162500
0 23 0.613477 0.350000 0.071484 0.115278
0 24 0.532813 0.313194 0.046875 0.109722
0 25 0.727344 0.357639 0.032031 0.118056
0 26 0.739062 0.382986 0.022656 0.082639
0 28 0.625000 0.702778 0.125000 0.161111
0 29 0.587891 0.684722 0.126562 0.154167
