0 1 0.167187 0.321528 0.036719 0.150000
0 2 0.199805 0.346528 0.037109 0.122222
0 3 0.352148 0.791319 0.082422 0.186806
0 4 0.506055 0.756250 0.080078 0.156944
0 5 0.017188 0.702431 0.034375 0.152083
0 8 0.033984 0.741319 0.064844 0.175694
0 7 0.100586 0.723611 0.094141 0.155556
0 11 0.183203 0.728472 0.033594 0.122222
0 10 0.198828 0.665625 0.064844 0.170139
0 9 0.212109 0.700347 0.051562 0.165972
0 12 0.329883 0.667708 0.062109 0.153472
0 13 0.319922 0.621875 0.067187 0.170139
0 14 0.375000 0.639931 0.040625 0.132639
0 15 0.376172 0.595139 0.095312 0.176389
0 16 0.551758 0.547569 0.085547 0.161806
0 17 0.617188 0.528472 0.078125 0.159722
0 18 0.678125 0.519792 0.058594 0.139583
0 19 0.752539 0.485069 0.042578 0.128472
0 20 0.804688 0.582986 0.076563 0.125694
0 21 0.904102 0.563542 0.083984 0.135417
0 22 0.754102 0.713542 0.094141 0.154861
0 23 0.675195 0.357292 0.072266 0.131250
0 24 0.638867 0.320486 0.050391 0.136806
0 25 0.861523 0.378125 0.047266 0.135417
0 26 0.863867 0.421875 0.020703 0.071528
0 28 0.703125 0.712500 0.114844 0.152778
0 29 0.674023 0.690278 0.051172 0.152778
