0 1 0.096680 0.320833 0.039453 0.126389
0 2 0.130859 0.350000 0.036719 0.123611
0 3 0.277734 0.803472 0.118750 0.187500
0 4 0.446094 0.769792 0.082031 0.154861
0 8 0.009766 0.737153 0.018750 0.159028
0 7 0.074414 0.732986 0.102734 0.154861
0 11 0.142383 0.732986 0.030859 0.117361
0 10 0.168750 0.670139 0.070312 0.166667
0 9 0.176563 0.704167 0.047656 0.170833
0 12 0.289453 0.665972 0.068750 0.151389
0 13 0.285742 0.622222 0.080859 0.170833
0 14 0.345703 0.659722 0.056250 0.125000
0 15 0.351367 0.599306 0.099609 0.163889
0 16 0.514453 0.548611 0.057031 0.170833
0 17 0.581836 0.531597 0.079297 0.175694
0 18 0.631055 0.519792 0.087109 0.143750
0 19 0.716797 0.492014 0.043750 0.136806
0 20 0.781641 0.594097 0.083594 0.127083
0 21 0.871680 0.559722 0.069141 0.143056
0 22 0.706445 0.723264 0.098828 0.157639
0 23 0.643555 0.365278 0.060547 0.123611
0 24 0.591016 0.334722 0.075000 0.130556
0 25 0.811133 0.387153 0.040234 0.120139
0 26 0.813086 0.425694 0.024609 0.070833
0 28 0.662500 0.722917 0.100000 0.152778
0 29 0.621094 0.703819 0.062500 0.156250
