0 3 0.246289 0.750347 0.083984 0.184028
0 4 0.333594 0.731250 0.109375 0.162500
0 5 0.037305 0.647917 0.074609 0.152778
0 8 0.050195 0.671181 0.090234 0.157639
0 7 0.131055 0.656250 0.059766 0.156944
0 10 0.234180 0.563194 0.083984 0.156944
0 9 0.165039 0.582986 0.057422 0.195139
0 12 0.336914 0.590972 0.086328 0.145833
0 13 0.336133 0.540972 0.082422 0.143056
0 14 0.389453 0.544097 0.049219 0.136806
0 15 0.431445 0.509028 0.087109 0.155556
0 16 0.456836 0.322222 0.058984 0.155556
0 17 0.597266 0.445486 0.070312 0.143750
0 18 0.662695 0.419097 0.055078 0.147917
0 19 0.691406 0.388542 0.025000 0.129861
0 20 0.838477 0.505208 0.041016 0.129861
0 21 0.853320 0.444097 0.030859 0.167361
0 22 0.686523 0.674306 0.127734 0.155556
0 23 0.667383 0.318750 0.073047 0.126389
0 24 0.530078 0.300347 0.036719 0.097917
0 25 0.694922 0.324653 0.051562 0.097917
0 26 0.729688 0.340972 0.014844 0.091667
0 28 0.674414 0.673958 0.129297 0.152083
0 29 0.640820 0.659375 0.151953 0.157639
