0 3 0.263672 0.837847 0.102344 0.188194
0 4 0.390430 0.812847 0.059766 0.160417
0 5 0.172852 0.689583 0.088672 0.170833
0 8 0.175586 0.739583 0.079297 0.159722
0 7 0.228125 0.720139 0.041406 0.156944
0 11 0.249023 0.694097 0.051953 0.121528
0 10 0.403320 0.632292 0.083984 0.140972
0 9 0.299023 0.649306 0.100391 0.154167
0 12 0.392969 0.672222 0.061719 0.137500
0 13 0.475391 0.605556 0.060937 0.159722
0 14 0.526172 0.613194 0.045312 0.109722
0 15 0.577148 0.574653 0.080859 0.146528
0 16 0.570508 0.419792 0.058203 0.122917
0 17 0.700977 0.506250 0.059766 0.161111
0 18 0.740430 0.471181 0.037109 0.163194
0 20 0.889258 0.540278 0.024609 0.154167
0 21 0.851172 0.479167 0.053906 0.168056
0 19 0.765234 0.450347 0.022656 0.122917
0 22 0.746680 0.777431 0.108984 0.153472
0 23 0.808789 0.433333 0.069141 0.118056
0 24 0.567773 0.385764 0.053516 0.115972
0 25 0.592969 0.394097 0.067187 0.118750
0 27 0.640234 0.422222 0.029687 0.072222
0 28 0.817969 0.762847 0.080469 0.150694
0 29 0.766016 0.756944 0.082031 0.158333
