0 3 0.245312 0.750000 0.085938 0.188889
0 4 0.338672 0.731250 0.102344 0.158333
0 5 0.029297 0.647569 0.058594 0.163194
0 8 0.042773 0.678125 0.085547 0.168750
0 7 0.103906 0.663194 0.092969 0.150000
0 10 0.227148 0.568056 0.073828 0.155556
0 9 0.152148 0.591319 0.061328 0.182639
0 12 0.320898 0.595833 0.088672 0.145833
0 13 0.322852 0.546528 0.089453 0.141667
0 14 0.379883 0.557292 0.056641 0.131250
0 15 0.414453 0.510417 0.096875 0.165278
0 16 0.442383 0.330903 0.044922 0.174306
0 17 0.580273 0.450694 0.094141 0.154167
0 18 0.658203 0.428819 0.057813 0.147917
0 19 0.690820 0.392361 0.024609 0.129167
0 20 0.826172 0.505556 0.051562 0.127778
0 21 0.851758 0.455208 0.031641 0.168750
0 22 0.674609 0.678125 0.132812 0.149306
0 23 0.661914 0.321528 0.076172 0.130556
0 24 0.520508 0.302083 0.052734 0.093056
0 25 0.706250 0.331597 0.044531 0.113194
0 26 0.730859 0.339931 0.015625 0.086806
0 28 0.669727 0.677431 0.118359 0.153472
0 29 0.630859 0.662153 0.158594 0.156250
