0 1 0.015234 0.301042 0.030469 0.136806
0 2 0.028906 0.324653 0.039844 0.114583
0 3 0.238086 0.791319 0.080078 0.185417
0 4 0.373242 0.760764 0.088672 0.160417
0 7 0.051758 0.711458 0.103516 0.157639
0 11 0.100391 0.714931 0.037500 0.122917
0 10 0.153320 0.636458 0.070703 0.165972
0 9 0.114648 0.677778 0.074609 0.163889
0 12 0.275195 0.647917 0.076172 0.154167
0 13 0.257812 0.595833 0.071094 0.158333
0 14 0.328125 0.623958 0.044531 0.129861
0 15 0.340039 0.575694 0.101953 0.168056
0 16 0.449805 0.475694 0.029297 0.179167
0 17 0.533203 0.512153 0.089063 0.165972
0 18 0.600391 0.497222 0.060937 0.126389
0 19 0.681250 0.462153 0.036719 0.136806
0 20 0.773242 0.569444 0.066797 0.126389
0 21 0.838281 0.533333 0.055469 0.151389
0 22 0.642383 0.712500 0.087891 0.156944
0 23 0.606250 0.361458 0.077344 0.115972
0 24 0.541406 0.327083 0.059375 0.120833
0 25 0.742188 0.372917 0.035937 0.123611
0 26 0.756055 0.391319 0.027734 0.081250
0 28 0.626367 0.712153 0.101172 0.160417
0 29 0.589258 0.698264 0.126172 0.165972
