0 1 0.078125 0.320486 0.039844 0.129861
0 2 0.107422 0.350000 0.028125 0.122222
0 3 0.272461 0.795486 0.113672 0.197917
0 4 0.427734 0.769444 0.083594 0.155556
0 8 0.007422 0.739931 0.014844 0.161806
0 7 0.070703 0.730556 0.107031 0.159722
0 11 0.130078 0.732986 0.020313 0.117361
0 10 0.162695 0.663194 0.072266 0.180556
0 9 0.158203 0.704514 0.054688 0.165972
0 12 0.288086 0.663194 0.062109 0.140278
0 13 0.276758 0.620833 0.083984 0.168056
0 14 0.342187 0.652083 0.055469 0.119444
0 15 0.346680 0.590278 0.102734 0.170833
0 16 0.496484 0.544792 0.057813 0.179861
0 17 0.563281 0.530556 0.080469 0.169444
0 18 0.631836 0.519097 0.068359 0.139583
0 19 0.710938 0.487847 0.036719 0.136806
0 20 0.781641 0.590278 0.078906 0.127778
0 21 0.865625 0.558681 0.064062 0.147917
0 22 0.689258 0.725000 0.105859 0.158333
0 23 0.632422 0.367708 0.060937 0.121528
0 24 0.584766 0.335069 0.077344 0.129861
0 25 0.787305 0.390278 0.057422 0.122222
0 26 0.800000 0.420486 0.024219 0.068750
0 28 0.649805 0.726042 0.112891 0.156250
0 29 0.615820 0.705903 0.090234 0.153472
