0 3 0.294922 0.847569 0.089844 0.184028
0 2 0.009766 0.348958 0.019531 0.097917
0 4 0.404102 0.820486 0.062891 0.161806
0 5 0.215625 0.689931 0.074219 0.159028
0 8 0.209766 0.739236 0.070312 0.157639
0 7 0.254492 0.716667 0.041797 0.162500
0 11 0.288672 0.698958 0.046875 0.135417
0 10 0.441797 0.629861 0.080469 0.137500
0 9 0.338867 0.649306 0.091797 0.154167
0 12 0.414648 0.678472 0.051172 0.136111
0 13 0.509570 0.616319 0.059766 0.153472
0 14 0.559766 0.616667 0.055469 0.118056
0 15 0.600977 0.579861 0.086328 0.152778
0 16 0.602734 0.426736 0.053906 0.129861
0 17 0.739648 0.507986 0.042578 0.161806
0 18 0.758398 0.475000 0.035547 0.155556
0 20 0.899414 0.523611 0.030859 0.159722
0 21 0.877734 0.481250 0.035156 0.156944
0 19 0.779297 0.456944 0.028906 0.115278
0 22 0.756055 0.790972 0.126172 0.148611
0 23 0.833594 0.444792 0.094531 0.113194
0 24 0.571875 0.393403 0.048438 0.114583
0 25 0.579492 0.393750 0.067578 0.123611
0 27 0.624609 0.419097 0.027344 0.081250
0 28 0.840039 0.774306 0.080859 0.143056
0 29 0.797461 0.765972 0.076172 0.150000
