0 3 0.231445 0.770486 0.082422 0.186806
0 4 0.350977 0.744097 0.093359 0.160417
0 8 0.016602 0.694097 0.033203 0.164583
0 7 0.063477 0.683333 0.107422 0.159722
0 11 0.106445 0.686111 0.049609 0.118056
0 10 0.181641 0.605556 0.078906 0.165278
0 9 0.127930 0.643056 0.053516 0.175000
0 12 0.293750 0.620833 0.081250 0.150000
0 13 0.278125 0.567361 0.078125 0.154167
0 14 0.338281 0.588542 0.045312 0.134028
0 15 0.368555 0.547569 0.093359 0.150694
0 16 0.436914 0.387500 0.033984 0.179167
0 17 0.553711 0.478819 0.058984 0.165972
0 18 0.620508 0.461458 0.062109 0.135417
0 19 0.683594 0.429167 0.025781 0.136111
0 20 0.798047 0.534375 0.048438 0.134028
0 21 0.841602 0.501736 0.040234 0.161806
0 22 0.633203 0.693056 0.121875 0.158333
0 23 0.621289 0.338194 0.073828 0.129167
0 24 0.536328 0.306944 0.035156 0.108333
0 25 0.720508 0.345833 0.041797 0.127778
0 26 0.737500 0.368403 0.020313 0.082639
0 28 0.625781 0.692014 0.133594 0.157639
0 29 0.598047 0.678125 0.133594 0.157639
