0 3 0.312109 0.846181 0.101562 0.184028
0 2 0.014258 0.352083 0.028516 0.094444
0 1 0.018750 0.345486 0.037500 0.114583
0 4 0.404102 0.812500 0.048828 0.159722
0 5 0.227734 0.675694 0.079687 0.148611
0 8 0.224805 0.734722 0.066016 0.154167
0 7 0.268945 0.712500 0.055078 0.165278
0 11 0.305664 0.693056 0.038672 0.119444
0 6 0.026562 0.735417 0.053125 0.154167
0 10 0.464453 0.630556 0.079687 0.136111
0 9 0.367969 0.646181 0.085156 0.143750
0 12 0.426953 0.677431 0.049219 0.132639
0 13 0.531641 0.610764 0.058594 0.150694
0 14 0.578906 0.608681 0.052344 0.125694
0 15 0.628125 0.573958 0.082031 0.140972
0 16 0.617773 0.435764 0.063672 0.127083
0 17 0.743164 0.494097 0.035547 0.161806
0 18 0.765430 0.473264 0.037891 0.138194
0 20 0.900391 0.514236 0.028906 0.159028
0 21 0.869336 0.477431 0.076172 0.139583
0 19 0.789453 0.457292 0.025000 0.110417
0 22 0.763867 0.791319 0.124609 0.153472
0 23 0.864648 0.451042 0.082422 0.104861
0 24 0.567773 0.398264 0.037891 0.106250
0 25 0.569727 0.393750 0.062891 0.112500
0 28 0.850781 0.770833 0.085938 0.154167
0 29 0.812695 0.769792 0.081641 0.152083
