0 3 0.229687 0.786458 0.116406 0.188194
0 4 0.358984 0.763542 0.044531 0.156250
0 5 0.106250 0.650347 0.099219 0.165972
0 8 0.122070 0.693750 0.077734 0.159722
0 7 0.180078 0.671181 0.050781 0.153472
0 10 0.331250 0.585764 0.089063 0.147917
0 9 0.232422 0.606944 0.094531 0.156944
0 12 0.377539 0.622917 0.051172 0.140278
0 13 0.419141 0.558333 0.064062 0.150000
0 14 0.465625 0.559722 0.050781 0.123611
0 15 0.506641 0.524653 0.096875 0.168750
0 16 0.515625 0.359722 0.078906 0.131944
0 17 0.664844 0.458333 0.054688 0.169444
0 18 0.704102 0.417014 0.032422 0.160417
0 20 0.863867 0.504861 0.026953 0.147222
0 21 0.846484 0.440625 0.035937 0.170139
0 19 0.727539 0.400347 0.021484 0.122917
0 22 0.709180 0.718056 0.173828 0.155556
0 23 0.747656 0.371181 0.068750 0.121528
0 24 0.543555 0.331250 0.041797 0.109722
0 25 0.617188 0.346181 0.063281 0.120139
0 27 0.678711 0.380903 0.033203 0.068750
0 28 0.754297 0.712153 0.115625 0.154861
0 29 0.722656 0.701736 0.107031 0.159028
