0 1 0.028516 0.307292 0.042188 0.132639
0 2 0.052734 0.337500 0.046094 0.120833
0 3 0.242578 0.803125 0.092969 0.193750
0 4 0.386328 0.765625 0.089063 0.160417
0 7 0.055273 0.717708 0.110547 0.163194
0 11 0.107227 0.720486 0.034766 0.121528
0 10 0.153516 0.646181 0.075000 0.163194
0 9 0.136914 0.686806 0.044141 0.165278
0 12 0.265430 0.645486 0.094141 0.147917
0 13 0.258789 0.612847 0.068359 0.159028
0 14 0.329102 0.627083 0.046484 0.120833
0 15 0.338867 0.578819 0.101953 0.159028
0 16 0.469336 0.497569 0.037109 0.181250
0 17 0.549023 0.518403 0.064453 0.168750
0 18 0.602539 0.503472 0.071484 0.129167
0 19 0.689258 0.472222 0.038672 0.145833
0 20 0.774414 0.573958 0.069141 0.128472
0 21 0.845703 0.537153 0.063281 0.157639
0 22 0.653516 0.718750 0.103906 0.159722
0 23 0.604688 0.364583 0.082812 0.119444
0 24 0.556641 0.332639 0.060937 0.125000
0 25 0.752344 0.380556 0.043750 0.127778
0 26 0.766602 0.395833 0.028516 0.080556
0 28 0.633008 0.720486 0.116797 0.154861
0 29 0.597852 0.704861 0.124609 0.161111
