0 3 0.208203 0.763194 0.138281 0.186111
0 4 0.347266 0.738542 0.096094 0.157639
0 5 0.014648 0.660417 0.029297 0.140278
0 8 0.031250 0.687153 0.062500 0.161806
0 7 0.103125 0.668056 0.066406 0.172222
0 10 0.199609 0.586458 0.076563 0.165972
0 9 0.142773 0.625694 0.044141 0.175000
0 12 0.318164 0.608681 0.063672 0.147917
0 13 0.294922 0.556597 0.085938 0.147917
0 14 0.355664 0.569097 0.044141 0.135417
0 15 0.389648 0.541667 0.098828 0.166667
0 16 0.444336 0.356944 0.044922 0.168056
0 17 0.562891 0.468750 0.065625 0.155556
0 18 0.638867 0.440625 0.057422 0.157639
0 19 0.685547 0.409375 0.025781 0.142361
0 20 0.810352 0.523264 0.051172 0.128472
0 21 0.849609 0.477778 0.035156 0.169444
0 22 0.657617 0.686458 0.109766 0.160417
0 23 0.641406 0.329167 0.075000 0.133333
0 24 0.533398 0.303125 0.037891 0.106250
0 25 0.720508 0.336806 0.032422 0.118056
0 26 0.738477 0.353819 0.015234 0.084028
0 28 0.640234 0.688542 0.128125 0.160417
0 29 0.617578 0.670486 0.139063 0.150694
