0 3 0.308984 0.847917 0.098437 0.186111
0 2 0.015820 0.355556 0.031641 0.087500
0 1 0.016602 0.344444 0.033203 0.115278
0 4 0.404883 0.811458 0.055859 0.159028
0 5 0.212109 0.669444 0.095312 0.158333
0 8 0.222461 0.738194 0.062891 0.158333
0 7 0.265039 0.714583 0.055859 0.165278
0 11 0.301563 0.692708 0.041406 0.118750
0 6 0.018945 0.735069 0.037891 0.159028
0 10 0.457813 0.629514 0.080469 0.135417
0 9 0.358203 0.650347 0.087500 0.146528
0 12 0.426172 0.677083 0.050000 0.129167
0 13 0.520117 0.612153 0.064453 0.153472
0 14 0.575586 0.606250 0.048047 0.118056
0 15 0.618945 0.574306 0.086328 0.141667
0 16 0.616211 0.435417 0.058203 0.120833
0 17 0.740234 0.498958 0.034375 0.161806
0 18 0.762500 0.479861 0.040625 0.141667
0 20 0.891992 0.518403 0.043359 0.154861
0 21 0.869336 0.485069 0.069141 0.150694
0 19 0.787695 0.457639 0.024609 0.113889
0 22 0.759180 0.789931 0.124609 0.150694
0 23 0.852930 0.449306 0.091016 0.109722
0 24 0.569531 0.397569 0.038281 0.109028
0 25 0.572852 0.392014 0.065234 0.117361
0 28 0.844531 0.770833 0.092188 0.152778
0 29 0.807031 0.770833 0.082031 0.156944
