0 3 0.252539 0.807639 0.078516 0.184722
0 4 0.360938 0.781944 0.042969 0.158333
0 5 0.135156 0.674653 0.071875 0.145139
0 8 0.142969 0.715972 0.069531 0.161111
0 7 0.193555 0.699306 0.051953 0.151389
0 10 0.348828 0.605208 0.098437 0.140972
0 9 0.251758 0.627083 0.091797 0.158333
0 12 0.385742 0.644792 0.050391 0.136806
0 13 0.436523 0.583333 0.062109 0.155556
0 14 0.481445 0.584028 0.062891 0.130556
0 15 0.527148 0.557639 0.090234 0.163889
0 16 0.538672 0.386458 0.063281 0.139583
0 17 0.680859 0.484722 0.043750 0.162500
0 18 0.712695 0.444097 0.032422 0.157639
0 20 0.869922 0.521875 0.025781 0.145139
0 21 0.852734 0.458681 0.032031 0.178472
0 19 0.738672 0.427778 0.023438 0.120833
0 22 0.733789 0.744097 0.128516 0.159028
0 23 0.765625 0.401042 0.073438 0.127083
0 24 0.551172 0.360764 0.042969 0.102083
0 25 0.606641 0.365625 0.067187 0.128472
0 27 0.661523 0.402431 0.034766 0.065972
0 28 0.775977 0.734375 0.099609 0.152083
0 29 0.729492 0.722917 0.091016 0.162500
