0 1 0.176172 0.319097 0.039062 0.147917
0 2 0.210938 0.342361 0.042188 0.133333
0 3 0.358398 0.789583 0.102734 0.186111
0 4 0.518555 0.753472 0.079297 0.155556
0 5 0.017578 0.704167 0.035156 0.165278
0 8 0.046484 0.736111 0.053906 0.179167
0 7 0.108008 0.721528 0.090234 0.152778
0 11 0.188867 0.726389 0.042578 0.123611
0 10 0.206055 0.668750 0.063672 0.158333
0 9 0.222852 0.701736 0.047266 0.171528
0 12 0.335547 0.673611 0.064062 0.150000
0 13 0.326758 0.615625 0.064453 0.177083
0 14 0.377930 0.642708 0.044141 0.121528
0 15 0.386523 0.592014 0.087891 0.168750
0 16 0.560742 0.544097 0.078516 0.164583
0 17 0.621680 0.527083 0.073047 0.158333
0 18 0.685937 0.517014 0.058594 0.140972
0 19 0.755273 0.483681 0.045703 0.121528
0 20 0.809766 0.580556 0.068750 0.123611
0 21 0.909375 0.559722 0.087500 0.143056
0 22 0.760938 0.710764 0.094531 0.156250
0 23 0.684570 0.355556 0.064453 0.131944
0 24 0.646094 0.317361 0.043750 0.143056
0 25 0.866406 0.371528 0.053125 0.133333
0 26 0.872461 0.426389 0.019922 0.073611
0 28 0.712305 0.711111 0.113672 0.158333
0 29 0.682813 0.684375 0.054688 0.154861
