0 3 0.245312 0.751736 0.085156 0.184028
0 4 0.335352 0.731250 0.108203 0.159722
0 5 0.033789 0.648958 0.067578 0.154861
0 8 0.044531 0.674306 0.089063 0.166667
0 7 0.119922 0.660764 0.074219 0.150694
0 10 0.231250 0.566319 0.077344 0.156250
0 9 0.160547 0.592361 0.058594 0.179167
0 12 0.328125 0.594097 0.092969 0.146528
0 13 0.327539 0.543403 0.088672 0.140972
0 14 0.384570 0.548958 0.051172 0.135417
0 15 0.412305 0.514583 0.109766 0.169444
0 16 0.446875 0.333681 0.054688 0.163194
0 17 0.594531 0.447222 0.068750 0.151389
0 18 0.655664 0.419097 0.067578 0.152083
0 19 0.691211 0.386806 0.021484 0.129167
0 20 0.834570 0.506250 0.041016 0.123611
0 21 0.851758 0.453125 0.029297 0.164583
0 22 0.678711 0.676042 0.133203 0.156250
0 23 0.664062 0.318403 0.075781 0.128472
0 24 0.531055 0.301736 0.034766 0.099306
0 25 0.701367 0.329514 0.047266 0.113194
0 26 0.730469 0.342014 0.014063 0.092361
0 28 0.673828 0.677083 0.121094 0.156944
0 29 0.636328 0.659028 0.157812 0.155556
