0 1 0.116211 0.322569 0.053516 0.139583
0 2 0.151953 0.347222 0.028906 0.127778
0 3 0.324219 0.801389 0.077344 0.186111
0 4 0.469531 0.764583 0.080469 0.154167
0 8 0.019141 0.747917 0.038281 0.170833
0 7 0.080469 0.734028 0.100000 0.154167
0 11 0.150977 0.733333 0.033984 0.120833
0 10 0.180664 0.670139 0.068359 0.163889
0 9 0.201172 0.705208 0.064062 0.164583
0 12 0.295117 0.672222 0.093359 0.163889
0 13 0.292187 0.628472 0.081250 0.176389
0 14 0.360352 0.657986 0.051172 0.125694
0 15 0.369141 0.597569 0.092188 0.165972
0 16 0.529102 0.552083 0.080859 0.158333
0 17 0.598828 0.531250 0.073438 0.166667
0 18 0.652539 0.520139 0.080078 0.136111
0 19 0.730664 0.488542 0.043359 0.129861
0 20 0.795508 0.593056 0.070703 0.125000
0 21 0.877930 0.567014 0.087109 0.139583
0 22 0.726758 0.720486 0.098047 0.156250
0 23 0.659375 0.362500 0.057031 0.129167
0 24 0.612500 0.332639 0.060156 0.130556
0 25 0.834961 0.382986 0.037109 0.117361
0 26 0.833203 0.423264 0.021094 0.071528
0 28 0.683594 0.720833 0.100781 0.151389
0 29 0.641992 0.700000 0.061328 0.156944
