0 1 0.017773 0.300000 0.035547 0.133333
0 2 0.025781 0.321181 0.045312 0.117361
0 3 0.232422 0.789583 0.082812 0.184722
0 4 0.367969 0.758333 0.089844 0.159722
0 7 0.054297 0.710069 0.104688 0.165972
0 11 0.099219 0.711458 0.035937 0.118750
0 10 0.154688 0.631944 0.073438 0.162500
0 9 0.119922 0.672917 0.064062 0.168056
0 12 0.275391 0.642361 0.081250 0.155556
0 13 0.255469 0.595486 0.077344 0.157639
0 14 0.325977 0.616667 0.042578 0.127778
0 15 0.338672 0.566319 0.103125 0.165972
0 16 0.438477 0.459375 0.038672 0.164583
0 17 0.542969 0.498611 0.064844 0.162500
0 18 0.601562 0.491319 0.064062 0.124306
0 19 0.680273 0.461458 0.034766 0.132639
0 20 0.777344 0.565625 0.057813 0.124306
0 21 0.828516 0.519444 0.068750 0.158333
0 22 0.637500 0.710417 0.087500 0.156944
0 23 0.608789 0.358681 0.073047 0.114583
0 24 0.539453 0.323264 0.055469 0.121528
0 25 0.737695 0.368750 0.033203 0.119444
0 26 0.750977 0.389931 0.026953 0.081250
0 28 0.625195 0.709375 0.108203 0.159028
0 29 0.587695 0.694097 0.127734 0.159028
