0 1 0.069531 0.317708 0.040625 0.131250
0 2 0.095703 0.351736 0.032813 0.120139
0 3 0.275781 0.804167 0.096875 0.184722
0 4 0.419922 0.771875 0.083594 0.156250
0 7 0.070117 0.729861 0.108203 0.159722
0 11 0.124219 0.734375 0.023438 0.110417
0 10 0.161328 0.664931 0.072656 0.179861
0 9 0.152344 0.702083 0.060156 0.165278
0 12 0.288086 0.657292 0.064453 0.143750
0 13 0.277734 0.626042 0.078906 0.175694
0 14 0.341211 0.651389 0.061328 0.122222
0 15 0.341602 0.589236 0.101172 0.168750
0 16 0.496680 0.532292 0.033984 0.174306
0 17 0.556250 0.529861 0.082031 0.169444
0 18 0.627344 0.515278 0.066406 0.130556
0 19 0.707617 0.484375 0.037109 0.125694
0 20 0.781055 0.584028 0.077734 0.134722
0 21 0.860938 0.551042 0.062500 0.153472
0 22 0.680859 0.724306 0.106250 0.156944
0 23 0.627344 0.366667 0.060937 0.119444
0 24 0.581445 0.335417 0.069141 0.126389
0 25 0.784180 0.388889 0.048047 0.123611
0 26 0.792188 0.419097 0.023438 0.070139
0 28 0.648633 0.725347 0.110547 0.153472
0 29 0.616211 0.706597 0.103516 0.153472
