0 1 0.787500 0.674306 0.280469 0.530556
0 2 0.534570 0.667361 0.173047 0.355556
0 6 0.525781 0.550347 0.233594 0.343750
0 9 0.954883 0.378125 0.088672 0.239583
0 10 0.631836 0.541667 0.277734 0.365278
0 11 0.764844 0.342361 0.189062 0.206944
0 13 0.928711 0.288889 0.141016 0.219444
0 14 0.359570 0.610069 0.328516 0.403472
0 21 0.739453 0.189236 0.089063 0.064583
0 24 0.693359 0.253125 0.068750 0.078472
0 25 0.737695 0.262847 0.074609 0.099306
0 26 0.722266 0.215278 0.052344 0.059722
0 29 0.640625 0.202431 0.092188 0.084028
0 32 0.579492 0.198958 0.070703 0.079861
0 33 0.106250 0.259722 0.031250 0.076389
0 34 0.051953 0.282986 0.081250 0.102083
0 42 0.471094 0.297222 0.085938 0.120833
0 43 0.536523 0.293056 0.070703 0.165278
0 44 0.545312 0.213194 0.050781 0.070833
0 45 0.393945 0.274306 0.112109 0.129167
0 46 0.448828 0.221528 0.085938 0.075000
0 47 0.397461 0.316319 0.127734 0.163194
0 48 0.345508 0.321181 0.081641 0.167361
0 50 0.343555 0.230556 0.036328 0.081944
