0 1 0.855469 0.650000 0.287500 0.527778
0 2 0.607617 0.643056 0.198828 0.352778
0 6 0.560937 0.526389 0.232031 0.379167
0 9 0.975977 0.350347 0.046484 0.245139
0 10 0.666211 0.534375 0.303516 0.389583
0 11 0.779297 0.324306 0.161719 0.219444
0 13 0.957422 0.261806 0.083594 0.219444
0 14 0.374414 0.584028 0.233203 0.415278
0 24 0.727930 0.236806 0.078516 0.081944
0 25 0.797461 0.241319 0.073047 0.104861
0 26 0.781641 0.195833 0.050000 0.066667
0 29 0.675391 0.185069 0.094531 0.084028
0 30 0.776367 0.175000 0.078516 0.080556
0 32 0.609961 0.185764 0.097266 0.082639
0 33 0.165430 0.243056 0.033203 0.083333
0 34 0.114648 0.264236 0.088672 0.109028
0 42 0.509375 0.279861 0.071875 0.126389
0 43 0.586719 0.270833 0.071094 0.163889
0 44 0.600586 0.189236 0.043359 0.070139
0 45 0.428711 0.247917 0.101953 0.112500
0 46 0.486523 0.199653 0.087109 0.072917
0 47 0.450195 0.287153 0.125391 0.153472
0 48 0.403516 0.304167 0.085938 0.172222
0 50 0.403711 0.206944 0.034766 0.077778
