0 1 0.874805 0.630208 0.248828 0.529861
0 2 0.643945 0.623958 0.162891 0.360417
0 6 0.580664 0.506944 0.209766 0.372222
0 10 0.702930 0.515972 0.297266 0.394444
0 11 0.803906 0.295833 0.166406 0.208333
0 13 0.978906 0.251389 0.040625 0.241667
0 14 0.405859 0.562153 0.216406 0.428472
0 24 0.753516 0.210069 0.067187 0.081250
0 25 0.835938 0.217014 0.085156 0.097917
0 26 0.826172 0.173264 0.056250 0.065972
0 29 0.709766 0.159375 0.090625 0.079861
0 22 0.801172 0.150347 0.089844 0.075694
0 30 0.807617 0.161111 0.046484 0.095833
0 31 0.805664 0.165625 0.093359 0.067361
0 32 0.637891 0.163194 0.099219 0.080556
0 33 0.208398 0.217708 0.031641 0.081250
0 34 0.154492 0.239931 0.087891 0.104861
0 42 0.554883 0.254861 0.088672 0.129167
0 43 0.642578 0.248264 0.075781 0.161806
0 44 0.649805 0.169792 0.043359 0.074306
0 45 0.451758 0.219444 0.108203 0.119444
0 46 0.512695 0.182986 0.081641 0.084028
0 47 0.499414 0.269097 0.144922 0.164583
0 48 0.448437 0.278125 0.088281 0.170139
0 50 0.447656 0.182986 0.031250 0.071528
