0 1 0.731250 0.663542 0.269531 0.522917
0 2 0.498437 0.657292 0.185938 0.349306
0 3 0.970508 0.543750 0.057422 0.316667
0 6 0.499023 0.543750 0.238672 0.356944
0 9 0.932617 0.371181 0.133203 0.225694
0 10 0.566211 0.546181 0.293359 0.374306
0 11 0.736914 0.340972 0.166016 0.219444
0 13 0.887305 0.272917 0.162891 0.211111
0 14 0.274805 0.602083 0.230859 0.423611
0 21 0.706641 0.182986 0.086719 0.077083
0 24 0.665430 0.243750 0.086328 0.079167
0 25 0.693750 0.255903 0.083594 0.099306
0 26 0.666992 0.207639 0.046484 0.058333
0 29 0.606836 0.195486 0.083984 0.092361
0 32 0.533984 0.192014 0.080469 0.072917
0 33 0.055469 0.251042 0.030469 0.075694
0 34 0.022656 0.275347 0.045312 0.103472
0 42 0.427344 0.287847 0.082031 0.121528
0 43 0.490039 0.279861 0.068359 0.156944
0 44 0.494141 0.202778 0.053125 0.068056
0 45 0.360742 0.265278 0.123828 0.131944
0 46 0.417969 0.211111 0.091406 0.076389
0 47 0.350391 0.304514 0.132812 0.157639
0 48 0.294727 0.313194 0.085547 0.165278
0 49 0.311328 0.269792 0.095312 0.135417
0 50 0.293750 0.219792 0.037500 0.075694
