0 1 0.845508 0.664931 0.300391 0.531250
0 2 0.591602 0.656597 0.197266 0.357639
0 6 0.550195 0.545833 0.226172 0.379167
0 9 0.969141 0.366319 0.060156 0.234028
0 10 0.659766 0.535764 0.291406 0.379861
0 11 0.788867 0.331944 0.193359 0.208333
0 13 0.950391 0.273611 0.097656 0.213889
0 14 0.348633 0.593403 0.230078 0.431250
0 24 0.719141 0.245486 0.083594 0.085417
0 25 0.778906 0.248958 0.082031 0.097917
0 26 0.764453 0.205208 0.055469 0.068750
0 29 0.667383 0.196181 0.094141 0.092361
0 30 0.765625 0.180556 0.082812 0.077778
0 32 0.601562 0.191319 0.092188 0.079861
0 33 0.150781 0.252083 0.034375 0.084722
0 34 0.098828 0.268750 0.086719 0.106944
0 42 0.498437 0.285069 0.075000 0.124306
0 43 0.568555 0.281597 0.085547 0.157639
0 44 0.585742 0.201736 0.049609 0.071528
0 45 0.417969 0.254167 0.100781 0.106944
0 46 0.475391 0.207639 0.089063 0.069444
0 47 0.438477 0.301389 0.123828 0.163889
0 48 0.392578 0.307292 0.092188 0.167361
0 50 0.389062 0.216667 0.035937 0.079167
