0 1 0.752539 0.668403 0.276953 0.527083
0 2 0.516406 0.659375 0.193750 0.343750
0 3 0.976172 0.560764 0.046094 0.324306
0 6 0.505859 0.553125 0.234375 0.371528
0 9 0.941797 0.373264 0.114844 0.231250
0 10 0.588672 0.545833 0.288281 0.370833
0 11 0.744922 0.344444 0.169531 0.220833
0 13 0.902930 0.276042 0.158984 0.202083
0 14 0.292383 0.604861 0.237109 0.425000
0 21 0.716406 0.185069 0.092969 0.072917
0 24 0.676562 0.248611 0.081250 0.077778
0 25 0.705859 0.258681 0.075781 0.096528
0 26 0.685156 0.212500 0.049219 0.062500
0 29 0.621094 0.199306 0.079687 0.086111
0 32 0.550195 0.197222 0.074609 0.073611
0 33 0.072656 0.254861 0.031250 0.075000
0 34 0.031641 0.279167 0.063281 0.100000
0 42 0.436133 0.292361 0.091016 0.115278
0 43 0.505664 0.285764 0.072266 0.160417
0 44 0.512109 0.209028 0.050781 0.068056
0 45 0.368555 0.268403 0.123047 0.127083
0 46 0.425586 0.215278 0.084766 0.073611
0 47 0.365039 0.308333 0.130078 0.159722
0 48 0.308398 0.316667 0.080078 0.162500
0 49 0.330859 0.273611 0.083594 0.134722
0 50 0.310937 0.226042 0.035937 0.079861
