0 6 0.907617 0.347917 0.183203 0.365278
0 14 0.923047 0.406597 0.150000 0.400694
0 27 0.415234 0.612500 0.278906 0.379167
0 28 0.192383 0.503472 0.145703 0.473611
0 33 0.734375 0.057639 0.034375 0.086111
0 34 0.678125 0.085417 0.074219 0.106944
0 35 0.380664 0.262153 0.141797 0.195139
0 36 0.401367 0.096875 0.058203 0.082639
0 37 0.304883 0.148958 0.071484 0.093750
0 38 0.291602 0.115278 0.055078 0.106944
0 39 0.058984 0.138889 0.086719 0.111111
0 45 0.838086 0.080208 0.102734 0.120139
0 46 0.890625 0.032986 0.086719 0.065972
0 47 0.955664 0.111806 0.087109 0.168056
0 48 0.967969 0.117361 0.062500 0.165278
