0 1 0.771875 0.673264 0.279687 0.529861
0 2 0.517578 0.664236 0.173437 0.352083
0 6 0.530664 0.547569 0.251172 0.347917
0 9 0.949219 0.375000 0.100000 0.226389
0 10 0.617969 0.543403 0.278906 0.364583
0 11 0.752344 0.342708 0.171094 0.209028
0 13 0.918750 0.281597 0.154688 0.211806
0 14 0.326758 0.614583 0.275391 0.413889
0 21 0.730859 0.187500 0.095312 0.068056
0 24 0.684570 0.252083 0.070703 0.079167
0 25 0.721289 0.264583 0.073828 0.098611
0 26 0.708008 0.214931 0.046484 0.060417
0 29 0.631055 0.201389 0.086328 0.086111
0 32 0.565039 0.201042 0.072266 0.075694
0 33 0.089453 0.259375 0.031250 0.074306
0 34 0.039453 0.282986 0.078906 0.100694
0 42 0.457813 0.298264 0.078125 0.122917
0 43 0.522070 0.290972 0.072266 0.162500
0 44 0.529102 0.212153 0.052734 0.071528
0 45 0.382617 0.273611 0.116797 0.131944
0 46 0.435937 0.218056 0.082812 0.073611
0 47 0.380664 0.312847 0.126172 0.163194
0 48 0.325000 0.321875 0.087500 0.163194
0 49 0.349805 0.270833 0.080078 0.119444
0 50 0.327734 0.229861 0.037500 0.083333
