0 1 0.935937 0.552083 0.126562 0.526389
0 2 0.764062 0.547569 0.142187 0.365972
0 6 0.694531 0.432292 0.228906 0.359028
0 10 0.795703 0.432639 0.297656 0.379167
0 11 0.842383 0.218403 0.153516 0.200694
0 14 0.568750 0.489583 0.245312 0.405556
0 22 0.866406 0.078819 0.091406 0.071528
0 24 0.825977 0.137153 0.066016 0.061806
0 25 0.960938 0.153125 0.078906 0.114583
0 26 0.953906 0.092014 0.057813 0.064583
0 27 0.082617 0.700694 0.165234 0.370833
0 29 0.807813 0.081597 0.081250 0.071528
0 30 0.930469 0.077431 0.055469 0.077083
0 31 0.883984 0.089236 0.061719 0.064583
0 32 0.694531 0.097569 0.093750 0.086806
0 33 0.333789 0.147222 0.032422 0.077778
0 34 0.280273 0.173958 0.085547 0.107639
0 42 0.661914 0.183681 0.078516 0.135417
0 43 0.753711 0.177431 0.058984 0.167361
0 44 0.775195 0.099653 0.036328 0.078472
0 45 0.514453 0.157292 0.099219 0.113194
0 46 0.574023 0.113542 0.083984 0.077083
0 47 0.603320 0.197917 0.140234 0.156944
0 48 0.566016 0.205903 0.085938 0.167361
0 50 0.568750 0.111111 0.031250 0.069444
