0 2 0.905273 0.510764 0.134766 0.360417
0 6 0.811914 0.390972 0.256641 0.363889
0 10 0.892383 0.397222 0.213672 0.380556
0 11 0.933008 0.175000 0.132422 0.188889
0 14 0.707617 0.453472 0.194922 0.401389
0 24 0.945508 0.094097 0.077734 0.070139
0 27 0.165234 0.658681 0.289844 0.374306
0 29 0.956055 0.041319 0.066797 0.075694
0 32 0.809180 0.057292 0.098828 0.082639
0 33 0.481250 0.106597 0.031250 0.084028
0 34 0.428906 0.130556 0.075000 0.109722
0 35 0.119336 0.300694 0.117578 0.184722
0 36 0.147852 0.142708 0.059766 0.075694
0 37 0.098437 0.181250 0.066406 0.080556
0 38 0.037305 0.141667 0.054297 0.087500
0 42 0.799414 0.143750 0.087891 0.134722
0 43 0.895117 0.129514 0.060547 0.170139
0 44 0.928125 0.053819 0.040625 0.074306
0 45 0.632812 0.118056 0.092969 0.113889
0 46 0.696289 0.077778 0.091797 0.086111
0 47 0.743555 0.161458 0.146484 0.171528
0 48 0.718164 0.168403 0.073828 0.174306
0 50 0.720703 0.063889 0.031250 0.070833
