0 1 0.828125 0.668403 0.296875 0.527083
0 2 0.566992 0.659722 0.180078 0.352778
0 6 0.537305 0.548264 0.226953 0.370139
0 9 0.964453 0.378819 0.069531 0.242361
0 10 0.652734 0.537500 0.281250 0.370833
0 11 0.780469 0.337847 0.191406 0.203472
0 13 0.943750 0.281250 0.110937 0.213889
0 14 0.350781 0.596528 0.235937 0.416667
0 24 0.708984 0.251736 0.074219 0.085417
0 25 0.770312 0.252778 0.071875 0.097222
0 26 0.756250 0.211458 0.058594 0.063194
0 29 0.658594 0.200347 0.096094 0.085417
0 30 0.752148 0.186458 0.090234 0.074306
0 32 0.597461 0.194444 0.085547 0.077778
0 33 0.136523 0.259375 0.031641 0.084028
0 34 0.083008 0.274306 0.084766 0.105556
0 42 0.486328 0.292708 0.085156 0.120139
0 43 0.560547 0.285417 0.068750 0.156944
0 44 0.572461 0.209375 0.046484 0.071528
0 45 0.412695 0.262847 0.107422 0.114583
0 46 0.464844 0.215972 0.096094 0.070833
0 47 0.425000 0.308681 0.123438 0.161806
0 48 0.375977 0.312500 0.085547 0.161111
0 50 0.373437 0.224306 0.035937 0.080556
