0 1 0.916016 0.567014 0.166406 0.525694
0 2 0.734961 0.562847 0.166016 0.354861
0 6 0.661133 0.440972 0.205859 0.359722
0 10 0.767383 0.440625 0.308203 0.372917
0 11 0.842187 0.228472 0.194531 0.231944
0 14 0.507422 0.504514 0.223438 0.407639
0 22 0.842187 0.091667 0.085938 0.077778
0 24 0.798828 0.149306 0.060156 0.066667
0 25 0.922656 0.169444 0.066406 0.122222
0 26 0.914648 0.111458 0.053516 0.068750
0 27 0.065820 0.673264 0.131641 0.336806
0 29 0.772070 0.102083 0.085547 0.077778
0 30 0.890625 0.091319 0.062500 0.089583
0 31 0.853125 0.103819 0.060156 0.061806
0 32 0.671289 0.108333 0.090234 0.080556
0 33 0.295703 0.162500 0.034375 0.079167
0 34 0.239844 0.184375 0.082812 0.103472
0 42 0.625586 0.197569 0.067578 0.127083
0 43 0.720703 0.189236 0.058594 0.160417
0 44 0.738281 0.114931 0.039844 0.078472
0 45 0.488477 0.172569 0.101953 0.114583
0 46 0.561133 0.130556 0.079297 0.081944
0 47 0.573633 0.214236 0.141016 0.160417
0 48 0.527539 0.217014 0.085547 0.163194
0 50 0.532813 0.126736 0.029687 0.070139
