0 1 0.880664 0.622222 0.237109 0.525000
0 2 0.663672 0.620833 0.164844 0.363889
0 6 0.591797 0.498611 0.204687 0.368056
0 10 0.711523 0.498611 0.298047 0.373611
0 11 0.799023 0.288542 0.150391 0.206250
0 14 0.412109 0.562153 0.217188 0.431250
0 22 0.811133 0.146181 0.098047 0.081250
0 24 0.760938 0.207292 0.067187 0.085417
0 25 0.851562 0.214931 0.077344 0.102083
0 26 0.841211 0.165278 0.053516 0.065278
0 29 0.714453 0.156597 0.095312 0.088194
0 30 0.822852 0.152778 0.055078 0.094444
0 31 0.806445 0.162847 0.082422 0.068750
0 32 0.645703 0.163542 0.096875 0.085417
0 33 0.222070 0.213542 0.030078 0.078472
0 34 0.167773 0.237153 0.085547 0.103472
0 42 0.566602 0.248264 0.072266 0.120139
0 43 0.663672 0.242361 0.092969 0.162500
0 44 0.665234 0.164931 0.043750 0.071528
0 45 0.456445 0.212153 0.107422 0.118750
0 46 0.519141 0.176042 0.077344 0.079861
0 47 0.512695 0.263542 0.146484 0.161806
0 48 0.459180 0.268056 0.087891 0.161111
0 50 0.460742 0.177431 0.030078 0.070139
