0 6 0.935547 0.323264 0.127344 0.364583
0 14 0.971680 0.370139 0.055859 0.394444
0 27 0.494922 0.579514 0.277344 0.365972
0 28 0.278125 0.465625 0.146875 0.478472
0 33 0.825195 0.030208 0.032422 0.060417
0 34 0.765039 0.053819 0.074609 0.107639
0 35 0.461133 0.229514 0.133984 0.199306
0 36 0.488477 0.064931 0.066797 0.084028
0 37 0.373437 0.113194 0.071875 0.087500
0 38 0.379688 0.075694 0.052344 0.097222
0 39 0.150195 0.111458 0.086328 0.121528
0 40 0.053320 0.114236 0.048828 0.053472
0 41 0.023828 0.097917 0.046875 0.088889
0 45 0.897070 0.050000 0.098047 0.100000
0 46 0.958203 0.019097 0.075781 0.038194
