0 1 0.290430 0.520486 0.261328 0.513194
0 2 0.072852 0.520486 0.145703 0.360417
0 3 0.634180 0.410069 0.158984 0.321528
0 4 0.746680 0.401736 0.108203 0.320139
0 5 0.893164 0.320833 0.116797 0.341667
0 6 0.084961 0.396528 0.169922 0.345833
0 7 0.688672 0.332292 0.148438 0.352083
0 9 0.634180 0.246528 0.151172 0.256944
0 10 0.197852 0.397917 0.263672 0.381944
0 11 0.444336 0.207292 0.147266 0.238194
0 12 0.961328 0.159375 0.075781 0.165972
0 13 0.481641 0.134375 0.173437 0.210417
0 15 0.949414 0.039583 0.078516 0.076389
0 16 0.908203 0.036458 0.096875 0.072917
0 18 0.654102 0.062153 0.041016 0.117361
0 19 0.672461 0.032639 0.066797 0.051389
0 20 0.575195 0.039236 0.038672 0.064583
0 21 0.353320 0.040278 0.085547 0.068056
0 23 0.299805 0.054514 0.056641 0.053472
0 24 0.325781 0.102778 0.074219 0.075000
0 25 0.263867 0.128125 0.105078 0.120139
0 26 0.245508 0.068403 0.049609 0.065972
0 29 0.225586 0.051042 0.086328 0.084028
0 32 0.123633 0.054861 0.081641 0.070833
0 42 0.066016 0.140625 0.093750 0.121528
0 43 0.053711 0.142361 0.049609 0.162500
0 44 0.066797 0.061806 0.057813 0.068056
0 45 0.043945 0.126736 0.087891 0.152083
0 46 0.027148 0.062847 0.054297 0.071528
