0 1 0.908984 0.576042 0.180469 0.528472
0 2 0.717187 0.570833 0.157031 0.356944
0 6 0.647852 0.452431 0.205078 0.361806
0 10 0.757031 0.445139 0.314063 0.368056
0 11 0.842969 0.238542 0.200000 0.192361
0 14 0.484180 0.506944 0.204297 0.418056
0 22 0.834375 0.101736 0.087500 0.077083
0 24 0.790039 0.160417 0.062891 0.062500
0 25 0.908203 0.175694 0.067969 0.120833
0 26 0.902148 0.121875 0.051953 0.071528
0 27 0.059180 0.653472 0.118359 0.318056
0 29 0.767578 0.109722 0.076563 0.081944
0 30 0.879687 0.097222 0.057813 0.077778
0 31 0.843555 0.110764 0.072266 0.063194
0 32 0.665820 0.115278 0.093359 0.083333
0 33 0.282813 0.167361 0.034375 0.079167
0 34 0.225781 0.190972 0.084375 0.104167
0 42 0.614258 0.203472 0.068359 0.131944
0 43 0.709375 0.191319 0.060156 0.159028
0 44 0.725391 0.122222 0.041406 0.075000
0 45 0.480859 0.178472 0.103125 0.115278
0 46 0.553516 0.137153 0.072656 0.081250
0 47 0.558594 0.220139 0.141406 0.159722
0 48 0.520508 0.219444 0.093359 0.156944
0 50 0.519336 0.131597 0.030078 0.070139
