0 1 0.698242 0.654167 0.275391 0.523611
0 2 0.465039 0.645139 0.175391 0.352778
0 3 0.965820 0.520833 0.066797 0.298611
0 6 0.461719 0.528472 0.210938 0.350000
0 9 0.921094 0.352778 0.146094 0.212500
0 10 0.598633 0.521181 0.308203 0.352083
0 11 0.733789 0.330556 0.178516 0.234722
0 13 0.861719 0.264236 0.163281 0.213194
0 14 0.239453 0.595486 0.217969 0.420139
0 20 0.969922 0.161458 0.038281 0.063194
0 21 0.687500 0.170833 0.092188 0.076389
0 23 0.663281 0.177431 0.070312 0.063194
0 24 0.655859 0.233333 0.087500 0.075000
0 25 0.664648 0.254861 0.083984 0.122222
0 26 0.642188 0.201389 0.057813 0.066667
0 29 0.582031 0.187847 0.084375 0.086806
0 32 0.510156 0.182639 0.080469 0.076389
0 33 0.025000 0.237847 0.035937 0.075694
0 42 0.411328 0.272222 0.085938 0.108333
0 43 0.463281 0.271181 0.067969 0.153472
0 44 0.463672 0.190972 0.061719 0.068056
0 45 0.353125 0.248264 0.111719 0.120139
0 46 0.398242 0.202083 0.076953 0.077778
0 47 0.323242 0.294444 0.136328 0.166667
0 48 0.268555 0.298264 0.087109 0.174306
0 49 0.292578 0.254861 0.104688 0.136111
0 50 0.264844 0.209722 0.035937 0.083333
