0 6 0.949805 0.328819 0.098828 0.370139
0 27 0.545508 0.587847 0.269141 0.375694
0 28 0.320312 0.479514 0.151562 0.481250
0 33 0.871289 0.032639 0.033984 0.065278
0 34 0.809961 0.063194 0.080078 0.111111
0 35 0.500000 0.232986 0.124219 0.188194
0 36 0.530078 0.075347 0.060937 0.082639
0 37 0.401367 0.126736 0.059766 0.089583
0 38 0.418750 0.082986 0.055469 0.092361
0 39 0.188086 0.121875 0.070703 0.121528
0 40 0.098242 0.124653 0.051172 0.057639
0 41 0.069531 0.112500 0.042969 0.094444
0 45 0.929883 0.055556 0.097266 0.111111
0 46 0.969727 0.027778 0.058984 0.055556
