0 1 0.860742 0.643403 0.276953 0.531250
0 2 0.613867 0.632986 0.185547 0.353472
0 6 0.571289 0.523264 0.230078 0.377083
0 9 0.980664 0.344792 0.037109 0.256250
0 10 0.677734 0.532292 0.304688 0.399306
0 11 0.782813 0.315625 0.154688 0.213194
0 13 0.965430 0.258333 0.067578 0.226389
0 14 0.395703 0.529861 0.256250 0.506944
0 24 0.735742 0.227778 0.071484 0.079167
0 25 0.811328 0.231944 0.068750 0.095833
0 26 0.798438 0.184722 0.054688 0.066667
0 29 0.686328 0.172569 0.093750 0.078472
0 30 0.782422 0.169792 0.062500 0.082639
0 31 0.771094 0.175000 0.075781 0.063889
0 32 0.619141 0.177083 0.094531 0.076389
0 33 0.179492 0.231944 0.031641 0.079167
0 34 0.128516 0.254861 0.089063 0.104167
0 42 0.522461 0.264583 0.076953 0.115278
0 43 0.602539 0.260764 0.062109 0.161806
0 44 0.618164 0.183333 0.044141 0.072222
0 45 0.434766 0.244444 0.105469 0.120833
0 46 0.499219 0.191667 0.089063 0.076389
0 47 0.463281 0.277778 0.127344 0.155556
0 48 0.414844 0.284722 0.085938 0.155556
0 50 0.416992 0.195139 0.031641 0.069444
