0 1 0.623047 0.650347 0.282031 0.527083
0 2 0.397461 0.641319 0.166016 0.352083
0 3 0.921094 0.527083 0.138281 0.325000
0 6 0.388477 0.529514 0.220703 0.361806
0 7 0.971680 0.471181 0.055078 0.367361
0 9 0.874805 0.353125 0.162891 0.225694
0 10 0.499414 0.526736 0.237891 0.372917
0 11 0.699805 0.330903 0.185547 0.234028
0 13 0.790039 0.258681 0.166016 0.211806
0 14 0.164062 0.586806 0.219531 0.418056
0 18 0.975391 0.186458 0.042969 0.127083
0 20 0.889844 0.158681 0.044531 0.061806
0 21 0.626953 0.164583 0.085938 0.069444
0 23 0.600195 0.174653 0.059766 0.053472
0 24 0.582617 0.228125 0.081641 0.082639
0 25 0.582422 0.252431 0.081250 0.114583
0 26 0.563867 0.196528 0.058203 0.062500
0 29 0.520898 0.181250 0.107422 0.091667
0 32 0.438867 0.178125 0.081641 0.075694
0 42 0.350781 0.273958 0.085938 0.115972
0 43 0.380078 0.267014 0.067969 0.153472
0 44 0.384180 0.187153 0.062109 0.063194
0 45 0.299805 0.238889 0.099609 0.116667
0 46 0.330859 0.197569 0.080469 0.078472
0 47 0.245312 0.291667 0.135156 0.162500
0 48 0.185547 0.300000 0.085938 0.176389
0 49 0.208789 0.256250 0.108203 0.130556
0 50 0.184961 0.208681 0.039453 0.085417
