0 1 0.902539 0.588194 0.193359 0.533333
0 2 0.700195 0.582986 0.157422 0.365972
0 6 0.634180 0.460417 0.198047 0.370833
0 10 0.746680 0.458333 0.308203 0.370833
0 11 0.820703 0.246528 0.168750 0.184722
0 14 0.465430 0.520139 0.200391 0.405556
0 22 0.828516 0.108681 0.085938 0.078472
0 24 0.782617 0.169097 0.069922 0.068750
0 25 0.895117 0.186458 0.076172 0.121528
0 26 0.888086 0.130556 0.055078 0.070833
0 27 0.054883 0.671875 0.109766 0.310417
0 29 0.754102 0.120486 0.072266 0.084028
0 30 0.865820 0.108681 0.048047 0.081250
0 31 0.838672 0.119792 0.084375 0.061806
0 32 0.657422 0.123611 0.092969 0.080556
0 33 0.268945 0.174653 0.033203 0.082639
0 34 0.212891 0.198958 0.084375 0.102083
0 42 0.606055 0.210764 0.081641 0.125694
0 43 0.698438 0.202431 0.057813 0.159028
0 44 0.712695 0.130556 0.044141 0.076389
0 45 0.475391 0.185069 0.103906 0.115972
0 46 0.545508 0.146875 0.076953 0.084028
0 47 0.548438 0.229861 0.139844 0.159722
0 48 0.504297 0.228819 0.093750 0.167361
0 50 0.506445 0.140625 0.030078 0.074306
