0 1 0.891992 0.604167 0.214453 0.529167
0 2 0.680664 0.600000 0.171484 0.361111
0 6 0.606836 0.480903 0.202734 0.361806
0 10 0.727734 0.483333 0.296875 0.375000
0 11 0.798047 0.265625 0.134375 0.182639
0 14 0.455273 0.538889 0.265234 0.405556
0 22 0.812500 0.130208 0.078125 0.078472
0 24 0.769727 0.187500 0.062891 0.076389
0 25 0.875391 0.201736 0.092188 0.111806
0 26 0.865039 0.145486 0.055859 0.061806
0 27 0.029883 0.752778 0.059766 0.275000
0 29 0.733789 0.135069 0.080859 0.077083
0 30 0.842773 0.128472 0.049609 0.086111
0 31 0.820508 0.142014 0.078516 0.065972
0 32 0.646875 0.142014 0.094531 0.082639
0 33 0.243555 0.196181 0.033203 0.078472
0 34 0.188867 0.218403 0.083984 0.103472
0 42 0.583008 0.226389 0.076172 0.115278
0 43 0.675195 0.223611 0.061328 0.158333
0 44 0.685156 0.144444 0.046094 0.069444
0 45 0.466016 0.198958 0.105469 0.117361
0 46 0.536133 0.164236 0.083203 0.085417
0 47 0.531055 0.248958 0.145703 0.161806
0 48 0.482617 0.249653 0.091016 0.172917
0 50 0.483789 0.160417 0.029297 0.069444
