0 6 0.917578 0.340278 0.163281 0.355556
0 14 0.936719 0.387847 0.125781 0.390972
0 27 0.437109 0.604514 0.288281 0.377083
0 28 0.214844 0.487847 0.145313 0.467361
0 33 0.760156 0.048611 0.032813 0.087500
0 34 0.701172 0.076042 0.074219 0.113194
0 35 0.406250 0.250347 0.149219 0.192361
0 36 0.426563 0.087153 0.062500 0.081250
0 37 0.324805 0.136458 0.067578 0.092361
0 38 0.319922 0.101736 0.054688 0.103472
0 39 0.085742 0.130903 0.081641 0.114583
0 45 0.854102 0.070833 0.101953 0.119444
0 46 0.910547 0.028472 0.085938 0.056944
0 47 0.968750 0.104861 0.060937 0.170833
0 48 0.978711 0.103472 0.041016 0.163889
