0 1 0.330469 0.567014 0.282813 0.511806
0 2 0.098828 0.561806 0.147656 0.350000
0 3 0.653125 0.448264 0.160156 0.317361
0 4 0.777734 0.446528 0.115625 0.323611
0 5 0.914648 0.364583 0.107422 0.341667
0 6 0.109375 0.445139 0.214844 0.348611
0 7 0.735156 0.385069 0.178906 0.365972
0 9 0.631641 0.276389 0.156250 0.234722
0 10 0.215820 0.454167 0.255859 0.388889
0 11 0.477734 0.249653 0.206250 0.246528
0 12 0.963867 0.195139 0.070703 0.161111
0 13 0.503711 0.181250 0.169922 0.204167
0 15 0.969141 0.076736 0.063281 0.079861
0 16 0.922070 0.062153 0.098047 0.104861
0 17 0.843750 0.066319 0.042969 0.057639
0 18 0.685547 0.105208 0.050781 0.121528
0 19 0.692773 0.076042 0.069141 0.053472
0 20 0.598047 0.079514 0.039844 0.059028
0 21 0.367383 0.084722 0.091016 0.073611
0 23 0.322852 0.095833 0.064453 0.056944
0 24 0.334375 0.146528 0.076563 0.080556
0 25 0.290625 0.173264 0.087500 0.118750
0 26 0.274414 0.112153 0.057422 0.059028
0 29 0.250781 0.094792 0.094531 0.082639
0 32 0.153516 0.096875 0.080469 0.075694
0 42 0.082812 0.184375 0.089844 0.107639
0 43 0.082617 0.183333 0.053516 0.170833
0 44 0.097266 0.109722 0.064062 0.077778
0 45 0.047070 0.156250 0.085547 0.109722
0 46 0.047461 0.117361 0.080859 0.088889
