0 6 0.928711 0.322917 0.141016 0.366667
0 14 0.961133 0.375347 0.076953 0.395139
0 27 0.484766 0.580903 0.269531 0.367361
0 28 0.260937 0.465972 0.145313 0.472222
0 33 0.806250 0.031944 0.031250 0.063889
0 34 0.746289 0.056597 0.073828 0.106250
0 35 0.439648 0.231250 0.126172 0.193056
0 36 0.472266 0.069444 0.067969 0.079167
0 37 0.358398 0.116667 0.065234 0.084722
0 38 0.364258 0.082292 0.065234 0.097917
0 39 0.133594 0.111111 0.082031 0.113889
0 40 0.033008 0.118403 0.046484 0.060417
0 41 0.015234 0.102431 0.030469 0.088194
0 45 0.883594 0.054861 0.100781 0.109722
0 46 0.948828 0.020139 0.089063 0.040278
