0 2 0.876172 0.515972 0.130469 0.362500
0 6 0.788086 0.398611 0.237891 0.359722
0 10 0.873828 0.393750 0.250781 0.373611
0 11 0.918164 0.180556 0.162109 0.195833
0 14 0.663867 0.456250 0.191016 0.408333
0 22 0.961328 0.044444 0.069531 0.073611
0 24 0.919531 0.100347 0.071094 0.071528
0 27 0.138086 0.660417 0.267578 0.358333
0 29 0.922852 0.046181 0.066797 0.074306
0 32 0.777344 0.066667 0.098437 0.090278
0 33 0.447656 0.115625 0.031250 0.082639
0 34 0.395117 0.138542 0.074609 0.107639
0 35 0.087305 0.304861 0.123047 0.176389
0 36 0.112500 0.150694 0.062500 0.081944
0 37 0.066211 0.188889 0.058984 0.079167
0 38 0.013477 0.153819 0.026953 0.089583
0 42 0.765234 0.147569 0.081250 0.131250
0 43 0.861523 0.139583 0.058984 0.166667
0 44 0.893945 0.063889 0.042578 0.081944
0 45 0.605664 0.123958 0.098828 0.111806
0 46 0.667383 0.085417 0.093359 0.087500
0 47 0.708789 0.167361 0.142578 0.170833
0 48 0.679297 0.170486 0.083594 0.172917
0 50 0.685937 0.071875 0.028906 0.065972
