0 6 0.897656 0.373611 0.203125 0.368056
0 10 0.957812 0.399306 0.082812 0.415278
0 14 0.834766 0.439931 0.178125 0.400694
0 27 0.312695 0.642708 0.276953 0.375694
0 28 0.085742 0.548264 0.151172 0.490972
0 32 0.928320 0.045139 0.091016 0.073611
0 33 0.632422 0.093403 0.034375 0.084028
0 34 0.581055 0.118056 0.080078 0.109722
0 35 0.273438 0.295139 0.131250 0.197222
0 36 0.298242 0.130208 0.065234 0.074306
0 37 0.222656 0.172917 0.064062 0.081944
0 38 0.192188 0.135764 0.057813 0.084028
0 42 0.950391 0.120833 0.067187 0.125000
0 45 0.758789 0.111806 0.094141 0.123611
0 46 0.815039 0.065972 0.089453 0.079167
0 47 0.883203 0.148611 0.135156 0.175000
0 48 0.871680 0.147569 0.073047 0.171528
0 50 0.872070 0.050694 0.033203 0.073611
