0 6 0.954102 0.331250 0.090234 0.365278
0 27 0.548242 0.591319 0.287891 0.374306
0 28 0.328711 0.479861 0.158984 0.475000
0 33 0.885547 0.033681 0.032031 0.067361
0 34 0.819336 0.068056 0.079297 0.112500
0 35 0.515039 0.239236 0.124609 0.190972
0 36 0.542969 0.078125 0.063281 0.084028
0 37 0.408594 0.130208 0.061719 0.088194
0 38 0.430859 0.089236 0.067187 0.088194
0 39 0.203320 0.125347 0.079297 0.121528
0 40 0.111914 0.130903 0.044922 0.060417
0 41 0.082031 0.117708 0.042188 0.095139
0 45 0.937305 0.060417 0.094141 0.115278
0 46 0.972656 0.027431 0.053125 0.054861
