0 1 0.293359 0.506597 0.260937 0.515972
0 2 0.085938 0.503819 0.128125 0.359028
0 3 0.660547 0.393750 0.162500 0.327778
0 4 0.761133 0.380556 0.094141 0.309722
0 5 0.898047 0.296528 0.106250 0.343056
0 6 0.088281 0.378819 0.175781 0.342361
0 7 0.701367 0.321528 0.161328 0.350000
0 8 0.748047 0.255556 0.117188 0.179167
0 9 0.663477 0.230903 0.151172 0.261806
0 10 0.249023 0.376736 0.247266 0.379861
0 11 0.488672 0.195139 0.181250 0.238889
0 12 0.975391 0.148611 0.047656 0.163889
0 13 0.496289 0.120486 0.175391 0.204861
0 15 0.961523 0.031250 0.066016 0.062500
0 18 0.660547 0.049306 0.042188 0.098611
0 19 0.684180 0.023958 0.069922 0.047917
0 20 0.586914 0.024653 0.039453 0.049306
0 21 0.372070 0.027778 0.086328 0.061111
0 23 0.309766 0.038194 0.052344 0.051389
0 24 0.348438 0.083681 0.075000 0.081250
0 25 0.263086 0.111458 0.089453 0.115972
0 26 0.253320 0.048611 0.058984 0.056944
0 29 0.231445 0.037847 0.081641 0.075694
0 32 0.138086 0.039583 0.077734 0.075000
0 42 0.091602 0.125347 0.101953 0.122917
0 43 0.062500 0.132639 0.045312 0.151389
0 44 0.076953 0.042708 0.050781 0.068750
0 45 0.056445 0.113889 0.108203 0.156944
0 46 0.031836 0.050694 0.063672 0.070833
