1 1 0.889258 0.664931 0.026172 0.092361
1 2 0.812891 0.672222 0.028906 0.084722
1 3 0.759570 0.671875 0.023828 0.085417
1 4 0.748047 0.663889 0.025000 0.091667
1 5 0.699023 0.696528 0.054297 0.052778
1 6 0.646094 0.706944 0.058594 0.040278
1 7 0.564648 0.654861 0.051172 0.037500
1 8 0.569922 0.662847 0.056250 0.043750
1 9 0.495508 0.672917 0.057422 0.041667
1 10 0.541797 0.668403 0.053125 0.039583
1 11 0.493945 0.662847 0.058203 0.038194
1 12 0.441992 0.660764 0.052734 0.054861
1 13 0.440234 0.675694 0.053125 0.043056
1 14 0.393164 0.684028 0.053516 0.038889
1 15 0.393164 0.673611 0.055859 0.036111
