1 1 0.880664 0.666319 0.029297 0.090972
1 2 0.757617 0.675347 0.023828 0.088194
1 3 0.708594 0.672917 0.026562 0.087500
1 4 0.720898 0.690625 0.059766 0.042361
1 5 0.577734 0.669097 0.053906 0.038194
1 6 0.544141 0.671181 0.059375 0.042361
1 7 0.513086 0.657292 0.047266 0.038194
1 8 0.506250 0.660069 0.043750 0.043750
1 9 0.458203 0.677778 0.055469 0.041667
1 10 0.481445 0.666667 0.055078 0.043056
1 11 0.416797 0.677083 0.057031 0.036111
1 12 0.385937 0.680556 0.046094 0.034722
1 13 0.350781 0.682639 0.055469 0.041667
