1 1 0.885156 0.667014 0.032031 0.088194
1 2 0.767969 0.671875 0.025781 0.092361
1 3 0.721875 0.672569 0.027344 0.085417
1 4 0.748047 0.690972 0.052344 0.041667
1 5 0.591406 0.674306 0.057031 0.044444
1 6 0.559961 0.672569 0.061328 0.039583
1 7 0.530078 0.659028 0.046875 0.037500
1 8 0.522266 0.660764 0.042188 0.042361
1 9 0.469141 0.674653 0.054688 0.043750
1 10 0.495508 0.667014 0.055859 0.043750
1 11 0.434180 0.674306 0.057422 0.037500
1 13 0.388086 0.680903 0.047266 0.043750
1 14 0.333398 0.678819 0.048047 0.036806
