1 1 0.885742 0.666319 0.029297 0.092361
1 2 0.786914 0.676389 0.028516 0.084722
1 3 0.742578 0.671875 0.024219 0.086806
1 4 0.746484 0.674653 0.042188 0.071528
1 5 0.654883 0.701736 0.059766 0.039583
1 6 0.573828 0.676042 0.063281 0.039583
1 7 0.559180 0.658333 0.045703 0.037500
1 8 0.550391 0.659722 0.042969 0.040278
1 9 0.487305 0.674306 0.056641 0.040278
1 10 0.521094 0.667014 0.051562 0.043750
1 11 0.466016 0.669792 0.056250 0.039583
1 12 0.427539 0.668750 0.045703 0.037500
1 13 0.415820 0.678125 0.048047 0.040972
1 14 0.375391 0.686111 0.050781 0.037500
1 15 0.333203 0.673611 0.050000 0.037500
