1 1 0.890625 0.663542 0.025781 0.096528
1 2 0.826758 0.670833 0.027734 0.086111
1 3 0.768555 0.673958 0.028516 0.085417
1 4 0.748047 0.665972 0.024219 0.091667
1 5 0.699414 0.672917 0.028516 0.081944
1 6 0.707617 0.700347 0.058984 0.049306
1 7 0.562109 0.653472 0.048438 0.041667
1 8 0.579688 0.669097 0.053906 0.035417
1 9 0.497656 0.673264 0.060156 0.040972
1 10 0.554492 0.668750 0.055078 0.043056
1 11 0.505273 0.667014 0.058203 0.038194
1 12 0.451172 0.662847 0.050781 0.049306
1 13 0.450000 0.672917 0.051562 0.043056
1 14 0.410352 0.680556 0.056641 0.038889
1 15 0.402148 0.672569 0.048047 0.036806
1 16 0.342578 0.688542 0.056250 0.034028
1 17 0.324805 0.675000 0.044922 0.031944
