1 1 0.878125 0.666319 0.028906 0.090972
1 2 0.753320 0.675347 0.023828 0.088194
1 3 0.704102 0.673264 0.026953 0.088194
1 4 0.710742 0.691667 0.059766 0.041667
1 5 0.575977 0.669097 0.053516 0.036806
1 6 0.540234 0.671181 0.058594 0.043750
1 7 0.508008 0.656250 0.048828 0.036111
1 8 0.501563 0.659028 0.043750 0.041667
1 9 0.454688 0.677083 0.056250 0.043056
1 10 0.476367 0.666319 0.055859 0.043750
1 11 0.412695 0.679514 0.055859 0.036806
1 12 0.375977 0.682292 0.050391 0.036806
1 13 0.341016 0.681597 0.054688 0.042361
