1 1 0.884766 0.664931 0.029687 0.088194
1 2 0.775977 0.675347 0.026953 0.090972
1 3 0.729688 0.671528 0.028125 0.086111
1 4 0.754492 0.688542 0.048828 0.046528
1 5 0.607227 0.682292 0.053516 0.047917
1 6 0.566016 0.675694 0.062500 0.038889
1 7 0.538477 0.658333 0.049609 0.037500
1 8 0.535937 0.659375 0.044531 0.042361
1 9 0.474805 0.674653 0.052734 0.042361
1 10 0.504297 0.665625 0.053906 0.040972
1 11 0.444727 0.673611 0.056641 0.037500
1 12 0.420508 0.668750 0.045703 0.033333
1 13 0.398047 0.680903 0.048438 0.042361
1 14 0.348633 0.683681 0.051953 0.036806
