1 1 0.885156 0.665625 0.029687 0.089583
1 2 0.778516 0.675694 0.026562 0.088889
1 3 0.733398 0.671875 0.027734 0.085417
1 4 0.752539 0.685069 0.051953 0.054861
1 5 0.615625 0.689583 0.058594 0.047222
1 6 0.567773 0.676042 0.062891 0.039583
1 7 0.543555 0.658333 0.050391 0.038889
1 8 0.540430 0.658333 0.044141 0.043056
1 9 0.476562 0.675000 0.055469 0.040278
1 10 0.508984 0.667708 0.053125 0.043750
1 11 0.450391 0.672917 0.055469 0.036111
1 12 0.422656 0.667361 0.044531 0.034722
1 13 0.403516 0.679861 0.050000 0.041667
1 14 0.357031 0.685069 0.050000 0.036806
