1 1 0.883398 0.668750 0.030859 0.086111
1 2 0.762891 0.673611 0.025000 0.093056
1 3 0.714844 0.671528 0.025000 0.087500
1 4 0.742383 0.690972 0.051953 0.038889
1 5 0.583008 0.671181 0.054297 0.040972
1 6 0.552539 0.674306 0.062109 0.038889
1 7 0.522266 0.658681 0.047656 0.038194
1 8 0.515820 0.660764 0.043359 0.045139
1 9 0.463672 0.675694 0.056250 0.044444
1 10 0.489063 0.667014 0.055469 0.040972
1 11 0.423828 0.675347 0.055469 0.039583
1 12 0.398047 0.675694 0.046875 0.033333
1 13 0.373047 0.682292 0.053125 0.040972
1 14 0.319922 0.677083 0.048438 0.038889
