1 1 0.875586 0.667361 0.029297 0.087500
1 2 0.748633 0.675000 0.023828 0.090278
1 3 0.699805 0.673264 0.026172 0.088194
1 4 0.698438 0.693403 0.060156 0.039583
1 5 0.574219 0.668056 0.053906 0.036111
1 6 0.535937 0.671181 0.058594 0.045139
1 7 0.503711 0.656597 0.049609 0.036806
1 8 0.498242 0.659722 0.044141 0.041667
1 9 0.452539 0.678125 0.058203 0.042361
1 10 0.472070 0.667014 0.055078 0.043750
1 11 0.408789 0.679861 0.056641 0.036111
1 12 0.366016 0.680903 0.051562 0.038194
1 13 0.333594 0.676736 0.048438 0.040972
