1 1 0.872461 0.668403 0.030859 0.092361
1 2 0.741016 0.676389 0.028906 0.090278
1 3 0.695703 0.672222 0.025781 0.090278
1 4 0.667773 0.694792 0.060547 0.039583
1 5 0.567773 0.667361 0.057422 0.038889
1 6 0.527539 0.670486 0.058984 0.045139
1 7 0.498242 0.652083 0.047266 0.031944
1 8 0.491211 0.660764 0.043359 0.046528
1 9 0.446680 0.677778 0.056641 0.040278
1 10 0.467773 0.668056 0.051953 0.044444
1 11 0.401758 0.678819 0.058984 0.038194
1 12 0.346484 0.677431 0.053125 0.034028
1 13 0.314453 0.677431 0.047656 0.035417
