1 1 0.890234 0.664583 0.026562 0.090278
1 2 0.820508 0.672222 0.029297 0.084722
1 3 0.761523 0.672222 0.024609 0.086111
1 4 0.749219 0.664583 0.022656 0.091667
1 5 0.699414 0.687500 0.038672 0.068056
1 6 0.675781 0.706597 0.058594 0.043750
1 7 0.566602 0.656250 0.048828 0.038889
1 8 0.574414 0.665625 0.060547 0.038194
1 9 0.495898 0.672917 0.056641 0.041667
1 10 0.547070 0.667361 0.055859 0.041667
1 11 0.498828 0.664236 0.059375 0.032639
1 12 0.446289 0.661458 0.051953 0.052083
1 13 0.444141 0.673264 0.050000 0.045139
1 14 0.400195 0.681944 0.059766 0.038889
1 15 0.398633 0.675000 0.051953 0.036111
1 16 0.316016 0.683333 0.045312 0.034722
