1 1 0.883008 0.668056 0.030078 0.087500
1 2 0.760547 0.674653 0.025781 0.088194
1 3 0.711719 0.673264 0.025000 0.088194
1 4 0.730469 0.690972 0.057813 0.041667
1 5 0.579297 0.669097 0.057031 0.039583
1 6 0.547852 0.672569 0.061328 0.042361
1 7 0.514258 0.659375 0.045703 0.039583
1 8 0.511523 0.660764 0.043359 0.045139
1 9 0.462500 0.679167 0.056250 0.038889
1 10 0.486133 0.667361 0.053516 0.041667
1 11 0.421484 0.675694 0.058594 0.036111
1 12 0.392188 0.677778 0.047656 0.031944
1 13 0.362109 0.681597 0.053906 0.039583
1 14 0.314063 0.678125 0.047656 0.036806
