1 1 0.890625 0.664236 0.025781 0.093750
1 2 0.822461 0.670833 0.027734 0.086111
1 3 0.763281 0.673611 0.025781 0.084722
1 4 0.748633 0.665625 0.022266 0.089583
1 5 0.698242 0.675347 0.030078 0.074306
1 6 0.688867 0.707292 0.058984 0.040972
1 7 0.564258 0.655556 0.046484 0.040278
1 8 0.575586 0.666319 0.061328 0.036806
1 9 0.495703 0.672917 0.057031 0.040278
1 10 0.549805 0.667014 0.054297 0.042361
1 11 0.500781 0.664931 0.057813 0.036806
1 12 0.446875 0.662847 0.052344 0.050694
1 13 0.446289 0.674653 0.050391 0.046528
1 14 0.405078 0.682639 0.057031 0.041667
1 15 0.399023 0.674653 0.048828 0.038194
1 16 0.325195 0.683333 0.045703 0.034722
