1 1 0.888672 0.666667 0.028125 0.091667
1 2 0.833203 0.670833 0.027344 0.084722
1 3 0.772266 0.674653 0.028906 0.085417
1 4 0.749219 0.667708 0.025000 0.089583
1 5 0.704102 0.670833 0.028516 0.086111
1 6 0.720313 0.703472 0.063281 0.043056
1 7 0.563086 0.652083 0.044141 0.038889
1 8 0.582422 0.670139 0.057813 0.037500
1 9 0.498828 0.676389 0.059375 0.040278
1 10 0.556055 0.669097 0.054297 0.042361
1 11 0.509766 0.665625 0.056250 0.035417
1 12 0.453906 0.663889 0.048438 0.044444
1 13 0.457422 0.673611 0.048438 0.043056
1 14 0.416016 0.678819 0.056250 0.042361
1 15 0.406445 0.670486 0.046484 0.042361
1 16 0.358984 0.688542 0.059375 0.034028
1 17 0.350781 0.676042 0.050781 0.028472
