2 0.131641 0.637500 0.079687 0.076389
2 0.077148 0.711458 0.076953 0.102083
2 0.820898 0.354861 0.050391 0.065278
2 0.443945 0.374306 0.030859 0.066667
2 0.367383 0.460069 0.069922 0.078472
2 0.485742 0.631250 0.073828 0.077778
2 0.876953 0.385069 0.049219 0.071528
2 0.809766 0.423611 0.030469 0.056944
2 0.736133 0.520833 0.042578 0.066667
2 0.440234 0.483681 0.065625 0.075694
2 0.421289 0.581597 0.034766 0.111806
2 0.373437 0.539236 0.071875 0.097917
2 0.474414 0.795486 0.048047 0.159028
2 0.670312 0.802778 0.039062 0.152778
2 0.623633 0.943403 0.053516 0.111806
2 0.543555 0.946181 0.100391 0.106250
2 0.990039 0.903125 0.018359 0.153472
2 0.882031 0.845139 0.108594 0.159722
2 0.113672 0.918056 0.086719 0.162500
2 0.029297 0.792014 0.058594 0.095139
2 0.195117 0.921875 0.101172 0.110417
