2 0.659375 0.214236 0.023438 0.043750
2 0.197266 0.424306 0.062500 0.043056
2 0.577344 0.679861 0.052344 0.126389
2 0.188086 0.447569 0.030078 0.089583
2 0.682617 0.227083 0.042578 0.048611
2 0.021875 0.556250 0.043750 0.069444
2 0.239453 0.920486 0.058594 0.157639
2 0.401758 0.281597 0.028516 0.053472
2 0.376563 0.305556 0.049219 0.058333
2 0.440039 0.566319 0.051172 0.078472
2 0.456055 0.395486 0.059766 0.046528
2 0.794531 0.282639 0.027344 0.044444
2 0.679688 0.267708 0.028125 0.047917
2 0.623047 0.328472 0.028125 0.044444
2 0.508203 0.292708 0.051562 0.052083
2 0.407422 0.370833 0.030469 0.069444
2 0.359180 0.355556 0.055859 0.068056
2 0.496875 0.393056 0.059375 0.056944
2 0.574805 0.418056 0.037891 0.072222
2 0.517773 0.473611 0.033203 0.075000
2 0.517188 0.530903 0.064062 0.075694
2 0.782422 0.484028 0.023438 0.090278
2 0.753125 0.520486 0.035156 0.103472
2 0.248828 0.544097 0.029687 0.103472
2 0.242578 0.497917 0.074219 0.063889
2 0.297656 0.527083 0.071875 0.063889
2 0.223242 0.638194 0.074609 0.095833
2 0.253906 0.648611 0.054688 0.120833
