2 0.146094 0.538194 0.068750 0.056944
2 0.588477 0.957639 0.051172 0.083333
2 0.121875 0.585764 0.041406 0.100694
2 0.741992 0.292014 0.047266 0.053472
2 0.198828 0.973611 0.048438 0.051389
2 0.405859 0.328472 0.024219 0.065278
2 0.370703 0.392014 0.057813 0.068750
2 0.448047 0.895139 0.055469 0.175000
2 0.459961 0.518403 0.066016 0.057639
2 0.829688 0.340972 0.053125 0.062500
2 0.735547 0.347222 0.027344 0.052778
2 0.670117 0.427083 0.037891 0.058333
2 0.431055 0.399306 0.054297 0.068056
2 0.400000 0.479514 0.035937 0.095139
2 0.357617 0.452083 0.065234 0.083333
2 0.468164 0.581250 0.037891 0.105556
2 0.624805 0.601042 0.039453 0.111806
2 0.553906 0.673611 0.045312 0.113889
2 0.518359 0.746875 0.079687 0.110417
2 0.882031 0.682292 0.037500 0.125694
2 0.824414 0.692014 0.077734 0.140972
2 0.166211 0.756597 0.051172 0.157639
2 0.080078 0.671181 0.091406 0.088194
2 0.227344 0.735069 0.085156 0.086806
2 0.120703 0.911111 0.110937 0.138889
2 0.152148 0.915625 0.096484 0.167361
