2 0.170703 0.458681 0.065625 0.053472
2 0.577539 0.773264 0.058203 0.146528
2 0.154492 0.491667 0.033203 0.093056
2 0.686523 0.244444 0.043359 0.050000
2 0.211133 0.933333 0.048828 0.131944
2 0.385352 0.298611 0.024609 0.055556
2 0.363477 0.331597 0.055078 0.059028
2 0.425977 0.644097 0.057422 0.093750
2 0.443750 0.432639 0.057813 0.048611
2 0.805859 0.305556 0.028125 0.051389
2 0.684766 0.288542 0.028125 0.050694
2 0.625586 0.355903 0.031641 0.047917
2 0.469727 0.320486 0.052734 0.053472
2 0.393164 0.403819 0.033984 0.079861
2 0.352344 0.385417 0.060156 0.070833
2 0.492188 0.431597 0.059375 0.064583
2 0.574805 0.459722 0.037891 0.083333
2 0.514258 0.525347 0.031641 0.084028
2 0.513086 0.592361 0.066016 0.091667
2 0.800781 0.536458 0.027344 0.103472
2 0.767773 0.567708 0.038672 0.113194
2 0.213281 0.608681 0.036719 0.115972
2 0.165430 0.553472 0.080078 0.066667
2 0.263867 0.590972 0.072266 0.068056
2 0.184766 0.721181 0.085938 0.106250
2 0.213867 0.736111 0.066016 0.140278
