2 0.661328 0.222569 0.023438 0.043750
2 0.186328 0.442361 0.063281 0.043056
2 0.579102 0.715278 0.054297 0.134722
2 0.177344 0.467014 0.033594 0.089583
2 0.683984 0.233681 0.042969 0.049306
2 0.393750 0.291319 0.031250 0.054861
2 0.370312 0.317014 0.052344 0.059028
2 0.434766 0.596528 0.053906 0.081944
2 0.451562 0.411458 0.058594 0.047917
2 0.800391 0.292361 0.026562 0.044444
2 0.683008 0.277778 0.026953 0.047222
2 0.625000 0.338542 0.029687 0.046528
2 0.494727 0.305556 0.051953 0.050000
2 0.402539 0.384722 0.031641 0.072222
2 0.354102 0.369444 0.060547 0.069444
2 0.495117 0.409722 0.061328 0.059722
2 0.575586 0.432986 0.037891 0.074306
2 0.517969 0.494444 0.031250 0.076389
2 0.517578 0.556597 0.066406 0.085417
2 0.790430 0.506597 0.024609 0.095139
2 0.762305 0.544097 0.037109 0.102083
2 0.236328 0.570139 0.032813 0.108333
2 0.210742 0.520139 0.073828 0.062500
2 0.285742 0.554861 0.076172 0.066667
2 0.208984 0.671181 0.075781 0.097917
2 0.240039 0.682986 0.058984 0.128472
