2 0.145508 0.508333 0.067578 0.056944
2 0.578125 0.894444 0.059375 0.162500
2 0.128320 0.543403 0.033984 0.099306
2 0.705273 0.270139 0.046484 0.052778
2 0.183008 0.956250 0.058203 0.086111
2 0.385156 0.314583 0.024219 0.066667
2 0.359766 0.364931 0.054688 0.065972
2 0.430469 0.772222 0.050781 0.140278
2 0.442188 0.479514 0.060937 0.052083
2 0.808594 0.324306 0.044531 0.056944
2 0.702734 0.319097 0.030469 0.054861
2 0.640039 0.393750 0.033984 0.054167
2 0.431836 0.367361 0.055078 0.061111
2 0.387305 0.447917 0.034766 0.087500
2 0.340430 0.421875 0.058203 0.079861
2 0.472656 0.501736 0.045312 0.082639
2 0.588672 0.525000 0.025000 0.086111
2 0.521875 0.592014 0.032031 0.096528
2 0.504102 0.673958 0.074609 0.093750
2 0.832617 0.610069 0.030078 0.114583
2 0.788867 0.624306 0.061328 0.119444
2 0.175781 0.692014 0.040625 0.140972
2 0.089453 0.618403 0.087500 0.075694
2 0.231641 0.671528 0.080469 0.077778
2 0.137109 0.833333 0.100000 0.122222
2 0.171289 0.847222 0.080078 0.163889
