2 0.658594 0.208681 0.024219 0.043750
2 0.206641 0.406250 0.060156 0.043056
2 0.576367 0.648264 0.049609 0.120139
2 0.197266 0.426736 0.026562 0.085417
2 0.680469 0.218750 0.042188 0.047222
2 0.014063 0.856250 0.028125 0.070833
2 0.031055 0.539236 0.062109 0.090972
2 0.249609 0.898264 0.053906 0.165972
2 0.408008 0.275694 0.028516 0.054167
2 0.381055 0.294097 0.048828 0.056250
2 0.444336 0.542708 0.050391 0.075694
2 0.457813 0.380208 0.055469 0.045139
2 0.789844 0.274653 0.028125 0.043750
2 0.678320 0.259375 0.028516 0.046528
2 0.621875 0.315625 0.026562 0.043750
2 0.521094 0.281597 0.048438 0.047917
2 0.410742 0.357292 0.030078 0.068750
2 0.363672 0.342708 0.054688 0.065972
2 0.499414 0.380208 0.058203 0.056250
2 0.574023 0.400000 0.037109 0.066667
2 0.517773 0.455903 0.035547 0.075694
2 0.518359 0.505208 0.064062 0.070139
2 0.776563 0.466667 0.023438 0.086111
2 0.748633 0.497222 0.035547 0.104167
2 0.258203 0.515278 0.031250 0.088889
2 0.267969 0.475694 0.067969 0.079167
2 0.310547 0.507639 0.070312 0.065278
2 0.235156 0.605556 0.068750 0.090278
2 0.262891 0.618750 0.053125 0.118056
