2 0.661719 0.228125 0.023438 0.043750
2 0.182031 0.445833 0.063281 0.043056
2 0.579102 0.726736 0.055859 0.136806
2 0.174023 0.472569 0.034766 0.089583
2 0.685547 0.235764 0.042969 0.049306
2 0.391406 0.293403 0.030469 0.056250
2 0.368750 0.319792 0.053125 0.059028
2 0.433398 0.603819 0.054297 0.082639
2 0.450000 0.414583 0.057813 0.047222
2 0.801562 0.295139 0.026562 0.044444
2 0.683398 0.280903 0.026953 0.047917
2 0.625000 0.342014 0.029687 0.046528
2 0.489648 0.308681 0.051953 0.052083
2 0.401172 0.388889 0.032031 0.075000
2 0.353125 0.372917 0.060937 0.069444
2 0.494141 0.412847 0.061719 0.060417
2 0.575977 0.438194 0.037109 0.075000
2 0.517578 0.500000 0.030469 0.077778
2 0.516602 0.563542 0.067578 0.086806
2 0.792578 0.511806 0.025000 0.097222
2 0.763281 0.550347 0.037500 0.104861
2 0.233008 0.577083 0.033203 0.109722
2 0.201172 0.526389 0.074219 0.063889
2 0.283984 0.561458 0.075781 0.067361
2 0.204297 0.681944 0.077344 0.098611
2 0.235547 0.691667 0.059375 0.129167
