2 0.103906 0.692708 0.085156 0.081250
2 0.044336 0.773611 0.078516 0.102778
2 0.847852 0.395139 0.055859 0.072222
2 0.447461 0.405208 0.033984 0.070139
2 0.363281 0.502431 0.069531 0.085417
2 0.481641 0.696181 0.078125 0.088194
2 0.891992 0.407986 0.049609 0.074306
2 0.834961 0.461806 0.035547 0.059722
2 0.756055 0.577778 0.046484 0.077778
2 0.434766 0.532639 0.071094 0.081944
2 0.414453 0.638194 0.039062 0.127778
2 0.365430 0.588542 0.076172 0.111806
2 0.458594 0.907986 0.054688 0.174306
2 0.667773 0.924653 0.066797 0.154861
2 0.896875 0.929167 0.128906 0.141667
