2 0.659180 0.208681 0.025391 0.043750
2 0.209375 0.403472 0.060156 0.043056
2 0.576758 0.641319 0.049609 0.118750
2 0.200781 0.422917 0.026562 0.084722
2 0.682031 0.217361 0.042188 0.047222
2 0.017188 0.847222 0.034375 0.076389
2 0.036914 0.527431 0.069922 0.089583
2 0.250977 0.895833 0.053516 0.165278
2 0.411914 0.275000 0.026172 0.054167
2 0.382812 0.292014 0.049219 0.056250
2 0.445312 0.536806 0.050000 0.075000
2 0.458398 0.376389 0.054297 0.044444
2 0.789844 0.272917 0.028125 0.043056
2 0.678516 0.257639 0.028906 0.045833
2 0.622852 0.313194 0.026172 0.044444
2 0.525000 0.278125 0.047656 0.046528
2 0.412500 0.354514 0.028906 0.065972
2 0.366602 0.337500 0.054297 0.065278
2 0.500586 0.376389 0.056641 0.055556
2 0.574805 0.397222 0.037109 0.066667
2 0.516992 0.451736 0.038672 0.075694
2 0.519531 0.498611 0.063281 0.066667
2 0.776172 0.462500 0.023438 0.084722
2 0.748828 0.495833 0.035937 0.102778
2 0.260937 0.510764 0.031250 0.089583
2 0.277734 0.468403 0.069531 0.078472
2 0.312695 0.505208 0.068359 0.071528
2 0.237500 0.600694 0.067969 0.091667
2 0.266602 0.612153 0.051953 0.114583
