2 0.145703 0.584375 0.071094 0.064583
2 0.106055 0.638889 0.062109 0.097222
2 0.785156 0.321875 0.048438 0.060417
2 0.428516 0.344444 0.028906 0.061111
2 0.373242 0.423958 0.062109 0.074306
2 0.475000 0.566667 0.069531 0.068056
2 0.852930 0.359375 0.049609 0.065972
2 0.770898 0.380208 0.030078 0.052083
2 0.705469 0.471875 0.040625 0.061806
2 0.435547 0.436806 0.056250 0.073611
2 0.413477 0.523611 0.034766 0.102778
2 0.366797 0.489931 0.068750 0.088194
2 0.473047 0.687500 0.032031 0.136111
2 0.650586 0.693056 0.032422 0.131944
2 0.595898 0.816319 0.061328 0.168750
2 0.535547 0.843403 0.085938 0.122917
2 0.942383 0.786806 0.042578 0.148611
2 0.856250 0.762153 0.101562 0.129861
2 0.146875 0.834375 0.061719 0.174306
2 0.051172 0.727431 0.078906 0.099306
2 0.219336 0.814236 0.093359 0.095139
2 0.094336 0.974653 0.118359 0.049306
