2 0.148242 0.546875 0.070703 0.060417
2 0.588867 0.968750 0.044141 0.061111
2 0.120313 0.593750 0.044531 0.101389
2 0.749414 0.297222 0.048828 0.054167
2 0.411523 0.330556 0.026172 0.065278
2 0.373828 0.395139 0.061719 0.063889
2 0.447852 0.914931 0.053516 0.168750
2 0.463281 0.525694 0.067187 0.058333
2 0.835156 0.344792 0.050781 0.063194
2 0.742188 0.354514 0.028125 0.052083
2 0.676172 0.433681 0.039062 0.059028
2 0.432227 0.406944 0.055078 0.069444
2 0.405859 0.485764 0.029687 0.096528
2 0.360352 0.457639 0.064453 0.083333
2 0.468750 0.602083 0.039844 0.112500
2 0.629102 0.615972 0.036328 0.115278
2 0.560937 0.700694 0.047656 0.140278
2 0.520117 0.761111 0.082422 0.112500
2 0.891992 0.700694 0.038672 0.130556
2 0.832031 0.703472 0.077344 0.137500
2 0.164453 0.768403 0.053125 0.160417
2 0.077734 0.679514 0.092969 0.085417
2 0.227148 0.746875 0.088672 0.086806
2 0.116016 0.927431 0.114844 0.138194
2 0.149023 0.922222 0.098828 0.154167
