2 0.152930 0.484722 0.065234 0.054167
2 0.572852 0.831944 0.056641 0.151389
2 0.133398 0.519097 0.034766 0.088194
2 0.692773 0.255556 0.044922 0.051389
2 0.187500 0.944444 0.057031 0.109722
2 0.378516 0.307639 0.019531 0.061111
2 0.355273 0.350347 0.055859 0.064583
2 0.429297 0.707639 0.056250 0.119444
2 0.438281 0.457292 0.060156 0.050694
2 0.807813 0.315972 0.039062 0.058333
2 0.689648 0.301736 0.030078 0.047917
2 0.629297 0.374306 0.033594 0.051389
2 0.447070 0.343750 0.058984 0.055556
2 0.383984 0.430556 0.035937 0.076389
2 0.342578 0.404861 0.057813 0.077778
2 0.482227 0.468750 0.058203 0.077778
2 0.578125 0.488542 0.032031 0.086806
2 0.512305 0.560417 0.030078 0.088889
2 0.504102 0.632639 0.070703 0.095833
2 0.813086 0.573611 0.031641 0.109722
2 0.776953 0.600000 0.044531 0.123611
2 0.192188 0.655903 0.038281 0.131250
2 0.115430 0.592014 0.084766 0.075694
2 0.242383 0.636111 0.076953 0.077778
2 0.154102 0.777778 0.091016 0.109722
2 0.187305 0.795833 0.073047 0.155556
