2 0.658984 0.213542 0.023438 0.043750
2 0.199219 0.420139 0.061719 0.043056
2 0.576562 0.671181 0.050000 0.124306
2 0.190039 0.442014 0.029297 0.088194
2 0.681250 0.224653 0.042188 0.047917
2 0.024023 0.553819 0.048047 0.075694
2 0.246484 0.909028 0.061719 0.169444
2 0.403320 0.280208 0.029297 0.053472
2 0.377344 0.302431 0.048438 0.057639
2 0.441016 0.560417 0.050781 0.077778
2 0.456445 0.392014 0.058203 0.046528
2 0.792578 0.280556 0.027344 0.044444
2 0.678711 0.264931 0.028516 0.047917
2 0.622461 0.325347 0.027734 0.043750
2 0.511328 0.290625 0.050781 0.050694
2 0.408398 0.367361 0.029297 0.069444
2 0.360742 0.351389 0.052734 0.066667
2 0.497070 0.389931 0.059766 0.057639
2 0.574414 0.412153 0.037891 0.070139
2 0.517969 0.469444 0.032813 0.075000
2 0.516797 0.525000 0.064844 0.076389
2 0.780859 0.479167 0.023438 0.088889
2 0.751563 0.514236 0.035156 0.106250
2 0.251758 0.537500 0.029297 0.102778
2 0.248828 0.493056 0.072656 0.069444
2 0.300195 0.522222 0.071484 0.063889
2 0.225781 0.630556 0.073438 0.094444
2 0.255664 0.640625 0.053516 0.118750
