2 0.661328 0.207639 0.026562 0.043056
2 0.214844 0.397222 0.060156 0.043056
2 0.576562 0.629167 0.050000 0.116667
2 0.206250 0.414583 0.025781 0.083333
2 0.683984 0.214931 0.041406 0.046528
2 0.021875 0.829861 0.043750 0.081944
2 0.052148 0.511458 0.065234 0.090972
2 0.251367 0.887847 0.055859 0.160417
2 0.416992 0.274653 0.025391 0.059028
2 0.385547 0.287500 0.049219 0.055556
2 0.446875 0.528125 0.048438 0.074306
2 0.461719 0.371875 0.053906 0.043750
2 0.790039 0.270139 0.028516 0.043056
2 0.678906 0.253819 0.028906 0.045139
2 0.623437 0.307639 0.024219 0.045833
2 0.531641 0.275000 0.046094 0.050000
2 0.415234 0.349306 0.028906 0.065278
2 0.370508 0.335417 0.053516 0.063889
2 0.502344 0.371181 0.055469 0.056250
2 0.576367 0.390278 0.037109 0.066667
2 0.515820 0.444792 0.044922 0.075694
2 0.521289 0.490972 0.061328 0.066667
2 0.774414 0.455556 0.023828 0.083333
2 0.746680 0.489583 0.033984 0.095833
2 0.266211 0.501389 0.030859 0.091667
2 0.292383 0.458681 0.058984 0.074306
2 0.316992 0.493750 0.067578 0.063889
2 0.240820 0.593056 0.069922 0.093056
2 0.270703 0.599653 0.050781 0.109028
