2 0.660547 0.208681 0.026562 0.043750
2 0.212500 0.400694 0.060156 0.043056
2 0.576953 0.634722 0.050000 0.118056
2 0.203711 0.418403 0.026172 0.084028
2 0.683594 0.215625 0.042188 0.046528
2 0.019922 0.838542 0.039844 0.081250
2 0.045312 0.518750 0.069531 0.093056
2 0.251953 0.893750 0.053906 0.165278
2 0.414453 0.275000 0.025781 0.056944
2 0.384375 0.289236 0.049219 0.056250
2 0.446289 0.532292 0.049609 0.075694
2 0.460742 0.375000 0.054297 0.044444
2 0.789844 0.271528 0.028125 0.043056
2 0.678516 0.255208 0.028906 0.045139
2 0.624023 0.310069 0.025391 0.045139
2 0.528516 0.275347 0.046875 0.046528
2 0.414258 0.352083 0.028516 0.065278
2 0.369727 0.336806 0.053516 0.063889
2 0.501563 0.372917 0.055469 0.055556
2 0.575586 0.393750 0.037109 0.066667
2 0.516602 0.448264 0.041797 0.075694
2 0.520117 0.494444 0.062109 0.066667
2 0.775391 0.457986 0.023438 0.084028
2 0.748242 0.493403 0.035547 0.097917
2 0.263672 0.505556 0.031250 0.090278
2 0.284766 0.463542 0.070312 0.077083
2 0.314844 0.500694 0.066406 0.070833
2 0.239258 0.598264 0.068359 0.092361
2 0.268945 0.604861 0.051172 0.109722
