2 0.146875 0.571875 0.071094 0.061806
2 0.110352 0.620486 0.057422 0.095139
2 0.776172 0.313889 0.046094 0.055556
2 0.425195 0.340972 0.030078 0.062500
2 0.373242 0.416319 0.060547 0.072917
2 0.444922 0.957292 0.036719 0.084028
2 0.472656 0.554514 0.067969 0.067361
2 0.847070 0.353819 0.048828 0.063194
2 0.761719 0.371528 0.031250 0.051389
2 0.697656 0.461806 0.039844 0.061111
2 0.434766 0.428819 0.057031 0.071528
2 0.411523 0.513194 0.034766 0.100000
2 0.363867 0.480903 0.064453 0.086806
2 0.473047 0.655556 0.030469 0.120833
2 0.643164 0.662153 0.030078 0.118750
2 0.588477 0.769792 0.062891 0.143750
2 0.532617 0.817708 0.086328 0.121528
2 0.926562 0.759028 0.040625 0.141667
2 0.849414 0.745139 0.097266 0.118056
2 0.154102 0.815972 0.059766 0.169444
2 0.064062 0.711806 0.085938 0.093056
2 0.222266 0.797917 0.092969 0.093056
2 0.098633 0.961458 0.127734 0.075694
2 0.154492 0.964583 0.102734 0.069444
