2 0.660156 0.215625 0.023438 0.043750
2 0.194922 0.428472 0.063281 0.043056
2 0.578320 0.689583 0.052734 0.127778
2 0.186719 0.452083 0.031250 0.090278
2 0.683398 0.228472 0.042578 0.048611
2 0.019336 0.561806 0.038672 0.070833
2 0.400586 0.284028 0.027734 0.054167
2 0.375000 0.308333 0.050000 0.058333
2 0.439063 0.573611 0.052344 0.079167
2 0.455859 0.399306 0.060937 0.047222
2 0.796094 0.285417 0.027344 0.044444
2 0.680664 0.270139 0.027734 0.047222
2 0.623633 0.329514 0.028516 0.045139
2 0.503906 0.295833 0.048438 0.051389
2 0.405859 0.373611 0.032031 0.069444
2 0.357812 0.359028 0.057031 0.068056
2 0.496680 0.397569 0.059766 0.057639
2 0.574805 0.422917 0.037891 0.072222
2 0.517578 0.478472 0.033594 0.075000
2 0.518164 0.537153 0.063672 0.078472
2 0.784570 0.491667 0.023828 0.091667
2 0.754883 0.523611 0.035547 0.102778
2 0.246094 0.550694 0.029687 0.104167
2 0.235156 0.503819 0.073438 0.061806
2 0.294922 0.535764 0.075000 0.065972
2 0.221094 0.644097 0.075000 0.097917
2 0.250391 0.655556 0.055469 0.120833
