2 0.141797 0.605208 0.074219 0.067361
2 0.093359 0.668056 0.072656 0.093056
2 0.803125 0.335417 0.046094 0.058333
2 0.438086 0.358333 0.030078 0.063889
2 0.370117 0.439236 0.070703 0.075694
2 0.482031 0.593056 0.071094 0.070833
2 0.864258 0.369444 0.048047 0.065278
2 0.789648 0.400347 0.030859 0.054861
2 0.721094 0.494792 0.041406 0.064583
2 0.437500 0.457639 0.058594 0.076389
2 0.418945 0.548264 0.034766 0.110417
2 0.372461 0.512500 0.068359 0.090278
2 0.474609 0.732986 0.039062 0.145139
2 0.662695 0.736111 0.033984 0.130556
2 0.609180 0.885069 0.055078 0.171528
2 0.542578 0.900347 0.089844 0.131250
2 0.971289 0.837153 0.047266 0.154861
2 0.872266 0.797222 0.107031 0.127778
2 0.132812 0.878819 0.075781 0.184028
2 0.039453 0.761111 0.078906 0.097222
2 0.213086 0.862500 0.091797 0.102778
