2 0.147852 0.553472 0.072266 0.062500
2 0.117578 0.602778 0.047656 0.097222
2 0.757227 0.301042 0.050391 0.054861
2 0.417187 0.334375 0.028125 0.064583
2 0.374414 0.400347 0.064453 0.064583
2 0.444922 0.927083 0.045312 0.145833
2 0.465820 0.531944 0.067578 0.058333
2 0.839844 0.348264 0.050000 0.064583
2 0.747461 0.359722 0.029297 0.052778
2 0.681641 0.440625 0.038281 0.059028
2 0.433008 0.414583 0.055078 0.070833
2 0.408203 0.492361 0.029687 0.100000
2 0.361914 0.465278 0.065234 0.084722
2 0.469531 0.622222 0.040625 0.126389
2 0.633594 0.632986 0.032813 0.118750
2 0.570508 0.715625 0.054297 0.132639
2 0.526367 0.785417 0.080078 0.118056
2 0.905078 0.722222 0.039844 0.134722
2 0.839063 0.713542 0.081250 0.121528
2 0.162305 0.781250 0.053516 0.159722
2 0.077148 0.689583 0.092578 0.091667
2 0.225586 0.759375 0.090234 0.086806
2 0.109570 0.939583 0.117578 0.119444
2 0.147852 0.931597 0.107422 0.135417
