2 0.171875 0.456250 0.064844 0.051389
2 0.578320 0.762153 0.057422 0.145139
2 0.159375 0.489583 0.032813 0.094444
2 0.686523 0.242361 0.043359 0.050000
2 0.213672 0.931597 0.046094 0.135417
2 0.387109 0.297222 0.026562 0.054167
2 0.363867 0.328819 0.055078 0.059028
2 0.428906 0.633333 0.055469 0.088889
2 0.445312 0.427431 0.057813 0.047917
2 0.805078 0.302778 0.027344 0.048611
2 0.685156 0.287153 0.028125 0.050694
2 0.626172 0.352431 0.031250 0.047917
2 0.476758 0.317361 0.054297 0.052778
2 0.395313 0.400347 0.033594 0.078472
2 0.351953 0.379167 0.060937 0.063889
2 0.491602 0.427431 0.062109 0.063194
2 0.575586 0.454167 0.037109 0.079167
2 0.514844 0.518750 0.031250 0.081944
2 0.512305 0.584028 0.069141 0.088889
2 0.799023 0.530208 0.026953 0.102083
2 0.767188 0.565972 0.038281 0.111111
2 0.217969 0.600000 0.036719 0.112500
2 0.172266 0.548264 0.077344 0.067361
2 0.268945 0.583681 0.073047 0.074306
2 0.188672 0.712500 0.085156 0.104167
2 0.221289 0.722222 0.063672 0.137500
