2 0.660547 0.217014 0.023438 0.043750
2 0.192578 0.431944 0.063281 0.043056
2 0.578320 0.698264 0.052734 0.129861
2 0.183984 0.457986 0.032031 0.090972
2 0.683398 0.229861 0.042578 0.048611
2 0.016602 0.567708 0.033203 0.070139
2 0.399414 0.286111 0.028516 0.055556
2 0.373047 0.311111 0.050781 0.058333
2 0.437695 0.580903 0.052734 0.079861
2 0.454492 0.403819 0.059766 0.047917
2 0.797461 0.287500 0.026953 0.044444
2 0.681250 0.272917 0.027344 0.047222
2 0.624219 0.331597 0.028906 0.046528
2 0.500977 0.297917 0.048047 0.052778
2 0.404687 0.377431 0.031250 0.070139
2 0.356836 0.362500 0.058984 0.069444
2 0.496484 0.402083 0.060156 0.058333
2 0.575586 0.425694 0.037891 0.073611
2 0.517969 0.483333 0.032813 0.075000
2 0.518555 0.543056 0.064453 0.080556
2 0.786719 0.496875 0.024219 0.093750
2 0.758008 0.531597 0.034766 0.106250
2 0.243359 0.556944 0.030469 0.105556
2 0.228320 0.508333 0.069922 0.063889
2 0.293945 0.538889 0.072266 0.065278
2 0.216602 0.653819 0.075391 0.097917
2 0.247266 0.663889 0.057031 0.126389
