2 0.166211 0.463542 0.065234 0.056250
2 0.576758 0.785764 0.058984 0.149306
2 0.149609 0.497222 0.033594 0.091667
2 0.686523 0.246528 0.044922 0.050000
2 0.205664 0.935417 0.051953 0.127778
2 0.383789 0.299653 0.023047 0.057639
2 0.360938 0.335417 0.056250 0.059722
2 0.423047 0.656597 0.058594 0.099306
2 0.441992 0.437500 0.058203 0.048611
2 0.805859 0.307986 0.032031 0.053472
2 0.684961 0.292014 0.028516 0.050694
2 0.625195 0.359028 0.032422 0.048611
2 0.466016 0.323958 0.054688 0.052083
2 0.390625 0.408333 0.034375 0.081944
2 0.349609 0.388889 0.058594 0.072222
2 0.490820 0.437500 0.058984 0.065278
2 0.574023 0.465972 0.037891 0.083333
2 0.513086 0.531250 0.031641 0.084722
2 0.511328 0.600347 0.067969 0.092361
2 0.802539 0.543403 0.027734 0.104861
2 0.769141 0.574306 0.038281 0.115278
2 0.209180 0.619097 0.036328 0.121528
2 0.156055 0.559375 0.080859 0.065972
2 0.258984 0.602431 0.073438 0.074306
2 0.178516 0.732292 0.085156 0.107639
2 0.208984 0.746181 0.067187 0.143750
