0 0.020117 0.295139 0.040234 0.115278
0 0.018750 0.321528 0.035156 0.112500
0 0.225586 0.786806 0.090234 0.184722
0 0.362500 0.756944 0.090625 0.158333
0 0.059570 0.700694 0.083984 0.168056
0 0.099023 0.705903 0.041016 0.124306
0 0.156445 0.625000 0.077734 0.165278
0 0.122461 0.669097 0.058984 0.171528
0 0.281250 0.639236 0.071094 0.161806
0 0.251172 0.596181 0.089063 0.149306
0 0.329492 0.609028 0.038672 0.129167
0 0.339844 0.562153 0.099219 0.164583
0 0.438281 0.450000 0.029687 0.177778
0 0.540625 0.498611 0.064062 0.172222
0 0.603320 0.488542 0.066797 0.128472
0 0.679883 0.452083 0.029297 0.136111
0 0.779687 0.560069 0.059375 0.124306
0 0.823828 0.513542 0.072656 0.163194
0 0.634375 0.707639 0.090625 0.159722
0 0.609961 0.356944 0.071484 0.113889
0 0.539453 0.319444 0.047656 0.120833
0 0.733984 0.364583 0.032031 0.116667
0 0.745898 0.386458 0.025391 0.079861
0 0.626367 0.706597 0.112109 0.159028
0 0.586914 0.687847 0.128516 0.152083
