0 0.008203 0.287500 0.016406 0.106944
0 0.016992 0.320833 0.030859 0.106944
0 0.223047 0.783681 0.094531 0.184028
0 0.357812 0.753472 0.090625 0.156944
0 0.063867 0.696181 0.071484 0.164583
0 0.100000 0.701736 0.042969 0.122917
0 0.159961 0.624653 0.078516 0.168750
0 0.128906 0.663889 0.048438 0.169444
0 0.284180 0.635417 0.069922 0.161111
0 0.248047 0.590278 0.099219 0.155556
0 0.327539 0.608681 0.041016 0.135417
0 0.343555 0.562847 0.101172 0.157639
0 0.435742 0.439931 0.029297 0.195139
0 0.540625 0.495486 0.067969 0.172917
0 0.604297 0.485764 0.066406 0.129861
0 0.676562 0.445139 0.029687 0.141667
0 0.781250 0.551736 0.056250 0.132639
0 0.835742 0.514236 0.051953 0.157639
0 0.628711 0.703472 0.104297 0.159722
0 0.610547 0.354514 0.071875 0.118750
0 0.540234 0.317014 0.035937 0.115972
0 0.730664 0.360764 0.032422 0.115972
0 0.741211 0.384028 0.022266 0.084722
0 0.626172 0.704167 0.115625 0.159722
0 0.587695 0.685417 0.126172 0.154167
