0 0.283789 0.819097 0.097266 0.186806
0 0.366992 0.793403 0.047266 0.160417
0 0.144727 0.683333 0.076172 0.143056
0 0.154883 0.725347 0.062891 0.156250
0 0.206641 0.708333 0.055469 0.152778
0 0.222656 0.685764 0.045312 0.125694
0 0.360547 0.617708 0.103125 0.139583
0 0.268164 0.634375 0.084766 0.153472
0 0.389844 0.647917 0.050000 0.123611
0 0.441797 0.594097 0.067969 0.152083
0 0.491406 0.592014 0.064062 0.128472
0 0.543945 0.565278 0.080859 0.156944
0 0.549609 0.396528 0.062500 0.136111
0 0.688281 0.495139 0.047656 0.162500
0 0.720703 0.454861 0.038281 0.163889
0 0.874219 0.531944 0.023438 0.148611
0 0.855078 0.468750 0.030469 0.170833
0 0.746094 0.431944 0.021875 0.119444
0 0.736719 0.756944 0.130469 0.155556
0 0.774414 0.412500 0.070703 0.120833
0 0.556641 0.370833 0.049219 0.104167
0 0.601367 0.376042 0.067578 0.128472
0 0.653906 0.410764 0.035156 0.064583
0 0.786328 0.742708 0.090625 0.150694
0 0.738281 0.734722 0.078125 0.156944
