0 0.039648 0.309375 0.039453 0.132639
0 0.063281 0.338542 0.036719 0.124306
0 0.251953 0.802431 0.093750 0.192361
0 0.394336 0.765972 0.087109 0.159722
0 0.058203 0.722222 0.113281 0.162500
0 0.109961 0.721875 0.033203 0.124306
0 0.155078 0.649306 0.076563 0.169444
0 0.144141 0.689583 0.044531 0.172222
0 0.269922 0.649306 0.097656 0.144444
0 0.262695 0.610764 0.068359 0.167361
0 0.332227 0.641667 0.058203 0.120833
0 0.337695 0.579514 0.112891 0.160417
0 0.472461 0.513542 0.030078 0.197917
0 0.552734 0.522222 0.063281 0.163889
0 0.609570 0.504514 0.064453 0.129861
0 0.694727 0.477083 0.035547 0.144444
0 0.780859 0.576389 0.062500 0.130556
0 0.849219 0.547917 0.063281 0.145833
0 0.660937 0.721181 0.109375 0.161806
0 0.605273 0.365625 0.082422 0.118750
0 0.566992 0.334028 0.061328 0.126389
0 0.758789 0.384375 0.049609 0.124306
0 0.772656 0.396875 0.025781 0.075694
0 0.637109 0.722917 0.114062 0.156944
0 0.603906 0.703125 0.125781 0.153472
