0 0.234766 0.760417 0.095312 0.187500
0 0.344336 0.736458 0.096484 0.157639
0 0.018750 0.659375 0.037500 0.146528
0 0.035742 0.685069 0.071484 0.167361
0 0.108789 0.670139 0.068359 0.155556
0 0.206055 0.582639 0.084766 0.169444
0 0.148438 0.617361 0.053906 0.170833
0 0.321094 0.606250 0.059375 0.143056
0 0.295508 0.557986 0.102734 0.140972
0 0.368359 0.563542 0.055469 0.139583
0 0.409766 0.524653 0.086719 0.168750
0 0.435156 0.347917 0.035937 0.184722
0 0.576367 0.457986 0.061328 0.152083
0 0.649414 0.434028 0.056641 0.147222
0 0.688281 0.403472 0.025000 0.140278
0 0.815820 0.515625 0.052734 0.124306
0 0.852734 0.469792 0.035156 0.171528
0 0.665234 0.679167 0.121875 0.148611
0 0.652930 0.325347 0.076953 0.135417
0 0.535547 0.304861 0.043750 0.100000
0 0.714453 0.334722 0.036719 0.119444
0 0.735547 0.351736 0.015625 0.086806
0 0.643945 0.681597 0.138672 0.149306
0 0.617383 0.667361 0.151172 0.152778
