0 0.250977 0.774653 0.067578 0.186806
0 0.359961 0.753472 0.048828 0.159722
0 0.097266 0.640278 0.098437 0.170833
0 0.112109 0.684375 0.084375 0.167361
0 0.175000 0.668056 0.054688 0.155556
0 0.323047 0.572917 0.084375 0.143056
0 0.230273 0.599653 0.078516 0.159028
0 0.373242 0.612153 0.062891 0.143750
0 0.408984 0.552083 0.064844 0.144444
0 0.459375 0.549653 0.049219 0.124306
0 0.506055 0.521875 0.089453 0.159028
0 0.510352 0.351042 0.076172 0.131250
0 0.660742 0.455556 0.051953 0.168056
0 0.699609 0.406944 0.030469 0.156944
0 0.725977 0.393750 0.030078 0.123611
0 0.860156 0.489583 0.026562 0.131944
0 0.843750 0.430208 0.039844 0.164583
0 0.719531 0.707986 0.147656 0.150694
0 0.741602 0.358333 0.071484 0.126389
0 0.541406 0.321528 0.040625 0.104167
0 0.623242 0.340278 0.062109 0.115278
0 0.686914 0.368056 0.035547 0.062500
0 0.743555 0.698264 0.123828 0.154861
0 0.715625 0.689236 0.113281 0.161806
