0 0.263867 0.757639 0.091797 0.181944
0 0.357812 0.736458 0.057031 0.157639
0 0.097852 0.638194 0.071484 0.159722
0 0.099805 0.670139 0.088672 0.162500
0 0.171680 0.651389 0.067578 0.150000
0 0.290820 0.559028 0.108984 0.140278
0 0.216406 0.584375 0.073438 0.159028
0 0.362109 0.594097 0.073438 0.149306
0 0.387695 0.537847 0.076172 0.143750
0 0.439453 0.532292 0.066406 0.122917
0 0.493945 0.509375 0.087109 0.157639
0 0.507617 0.331250 0.067578 0.136111
0 0.644922 0.433333 0.060937 0.165278
0 0.692578 0.403819 0.031250 0.160417
0 0.715430 0.378819 0.026953 0.125694
0 0.855273 0.482292 0.026172 0.143750
0 0.846094 0.424306 0.035937 0.150000
0 0.720313 0.689236 0.122656 0.149306
0 0.725781 0.338542 0.073438 0.132639
0 0.540430 0.305556 0.036328 0.104167
0 0.636328 0.329167 0.062500 0.112500
0 0.739258 0.683333 0.106641 0.151389
0 0.695898 0.673611 0.130078 0.163889
