0 0.229297 0.797222 0.122656 0.187500
0 0.358203 0.772917 0.041406 0.154167
0 0.123047 0.665278 0.079687 0.158333
0 0.133203 0.704514 0.071094 0.163194
0 0.187109 0.686806 0.049219 0.151389
0 0.341211 0.593750 0.091016 0.144444
0 0.233203 0.617361 0.110937 0.156944
0 0.383398 0.634028 0.051953 0.141667
0 0.426953 0.568750 0.064062 0.156944
0 0.473242 0.572917 0.057422 0.126389
0 0.520117 0.534028 0.083984 0.175000
0 0.523242 0.369792 0.082422 0.131250
0 0.672656 0.469792 0.048438 0.168750
0 0.707812 0.436806 0.028125 0.147222
0 0.866211 0.516319 0.027734 0.152083
0 0.850000 0.446181 0.032813 0.168750
0 0.732422 0.411458 0.021875 0.125694
0 0.725781 0.725000 0.146094 0.168056
0 0.757812 0.387847 0.071875 0.125694
0 0.546680 0.345833 0.041016 0.106944
0 0.613477 0.354514 0.068359 0.125694
0 0.672070 0.392014 0.037109 0.068750
0 0.764648 0.723611 0.108203 0.154167
0 0.726172 0.713194 0.100781 0.158333
