0 0.019922 0.306597 0.038281 0.132639
0 0.036523 0.333333 0.042578 0.116667
0 0.243164 0.796528 0.079297 0.191667
0 0.379492 0.763889 0.089453 0.159722
0 0.052539 0.714583 0.105078 0.165278
0 0.103906 0.718750 0.037500 0.122222
0 0.152148 0.639931 0.070703 0.167361
0 0.132812 0.684375 0.055469 0.168750
0 0.269531 0.653125 0.081250 0.157639
0 0.258594 0.604514 0.071875 0.159028
0 0.329297 0.627778 0.046094 0.133333
0 0.340039 0.579514 0.098047 0.156250
0 0.466211 0.488542 0.047266 0.190972
0 0.538086 0.519792 0.081641 0.164583
0 0.600586 0.501736 0.067578 0.128472
0 0.686523 0.465625 0.033203 0.139583
0 0.773242 0.572569 0.070703 0.127083
0 0.844922 0.532292 0.052344 0.159028
0 0.648438 0.716667 0.089844 0.158333
0 0.604688 0.361458 0.082031 0.117361
0 0.547266 0.331944 0.063281 0.123611
0 0.747656 0.378819 0.036719 0.128472
0 0.760938 0.390278 0.028906 0.076389
0 0.635156 0.714931 0.106250 0.161806
0 0.591602 0.700347 0.126953 0.165972
