0 0.234766 0.768056 0.092188 0.183333
0 0.349219 0.743403 0.092188 0.160417
0 0.020313 0.695833 0.040625 0.163889
0 0.069922 0.681944 0.105469 0.156944
0 0.109375 0.684375 0.049219 0.121528
0 0.188867 0.597569 0.076953 0.172917
0 0.125977 0.638194 0.060547 0.175000
0 0.294531 0.618403 0.085156 0.147917
0 0.284961 0.565972 0.073047 0.159722
0 0.342383 0.583333 0.043359 0.131944
0 0.362305 0.542708 0.119922 0.153472
0 0.428906 0.381944 0.039844 0.175000
0 0.554102 0.474653 0.061328 0.164583
0 0.627930 0.455208 0.058984 0.147917
0 0.684570 0.426389 0.026172 0.137500
0 0.801172 0.531250 0.048438 0.130556
0 0.838086 0.487153 0.047266 0.168750
0 0.645312 0.692361 0.103125 0.161111
0 0.625977 0.330208 0.083203 0.132639
0 0.536328 0.306250 0.032031 0.108333
0 0.719336 0.343056 0.041797 0.129167
0 0.737891 0.364236 0.017188 0.079861
0 0.631445 0.690972 0.127734 0.159722
0 0.602930 0.675000 0.137891 0.156944
