0 0.198828 0.315278 0.037500 0.143056
0 0.235156 0.345139 0.042188 0.129167
0 0.375781 0.781597 0.130469 0.186806
0 0.545703 0.744444 0.075781 0.152778
0 0.031250 0.694792 0.058594 0.174306
0 0.064062 0.734722 0.058594 0.180556
0 0.116406 0.717014 0.083594 0.157639
0 0.206055 0.721181 0.044922 0.118750
0 0.208203 0.662847 0.075000 0.156250
0 0.233398 0.694444 0.055078 0.176389
0 0.343555 0.661458 0.062891 0.150694
0 0.334180 0.614583 0.073047 0.170833
0 0.382227 0.641319 0.044141 0.109028
0 0.399414 0.583333 0.072266 0.169444
0 0.557031 0.554514 0.118750 0.139583
0 0.637891 0.513889 0.065625 0.161111
0 0.692578 0.512153 0.068750 0.146528
0 0.766797 0.472222 0.047656 0.123611
0 0.816797 0.575347 0.060937 0.122917
0 0.908984 0.554861 0.096094 0.148611
0 0.769141 0.703125 0.096094 0.160417
0 0.707812 0.350694 0.048438 0.140278
0 0.672461 0.304514 0.051172 0.147917
0 0.895117 0.368056 0.043359 0.136111
0 0.887500 0.419444 0.021875 0.073611
0 0.735938 0.705208 0.102344 0.156250
0 0.704883 0.676736 0.048047 0.149306
