0 0.137305 0.320486 0.041016 0.135417
0 0.166602 0.345139 0.031641 0.127778
0 0.332813 0.799653 0.076563 0.181250
0 0.481445 0.762500 0.081641 0.155556
0 0.024805 0.748611 0.049609 0.177778
0 0.088086 0.729167 0.099609 0.152778
0 0.159961 0.733681 0.041797 0.120139
0 0.180664 0.668056 0.080078 0.175000
0 0.197852 0.703819 0.047266 0.174306
0 0.305664 0.677431 0.084766 0.153472
0 0.295703 0.623264 0.086719 0.181250
0 0.363086 0.656944 0.054297 0.129167
0 0.368750 0.600000 0.090625 0.166667
0 0.541211 0.551042 0.078516 0.156250
0 0.605273 0.526389 0.079297 0.173611
0 0.661523 0.519097 0.068359 0.134028
0 0.739648 0.490972 0.045703 0.122222
0 0.793555 0.589931 0.083984 0.120139
0 0.886719 0.563542 0.089063 0.136806
0 0.737695 0.718750 0.094922 0.158333
0 0.664062 0.361111 0.064844 0.130556
0 0.622656 0.327778 0.056250 0.130556
0 0.847656 0.381944 0.037500 0.123611
0 0.843555 0.424653 0.019922 0.075694
0 0.688281 0.720486 0.113281 0.150694
0 0.653516 0.697222 0.057031 0.156944
