0 0.234375 0.767361 0.082812 0.181944
0 0.348438 0.743403 0.094531 0.161806
0 0.023242 0.694097 0.046484 0.165972
0 0.080664 0.680208 0.098828 0.157639
0 0.112305 0.684722 0.050391 0.118056
0 0.191016 0.596528 0.078125 0.169444
0 0.125977 0.636806 0.065234 0.180556
0 0.303906 0.613889 0.078125 0.145833
0 0.289062 0.565972 0.076563 0.162500
0 0.348633 0.584722 0.041797 0.127778
0 0.364453 0.539583 0.121094 0.162500
0 0.426758 0.374653 0.041797 0.172917
0 0.553516 0.469097 0.064844 0.161806
0 0.631055 0.453472 0.058203 0.138889
0 0.684961 0.416319 0.024609 0.135417
0 0.801367 0.522222 0.050391 0.141667
0 0.842383 0.481944 0.038672 0.176389
0 0.648828 0.690972 0.101562 0.161111
0 0.631445 0.329514 0.080078 0.136806
0 0.531836 0.306944 0.041797 0.105556
0 0.721484 0.340625 0.036719 0.127083
0 0.738867 0.357292 0.015234 0.079861
0 0.637305 0.689931 0.120703 0.160417
0 0.610742 0.672917 0.139453 0.156944
