0 0.191797 0.313542 0.038281 0.143750
0 0.227344 0.343056 0.039062 0.127778
0 0.381250 0.783681 0.100781 0.186806
0 0.537500 0.746875 0.077344 0.152083
0 0.021094 0.693056 0.040625 0.181944
0 0.062891 0.734375 0.061719 0.179861
0 0.116406 0.713542 0.087500 0.157639
0 0.204102 0.722917 0.043359 0.119444
0 0.208594 0.662847 0.071094 0.161806
0 0.235156 0.696875 0.046875 0.172917
0 0.336914 0.662153 0.069922 0.156250
0 0.329492 0.614583 0.077734 0.172222
0 0.383789 0.637847 0.044141 0.121528
0 0.394531 0.581597 0.080469 0.160417
0 0.568164 0.545833 0.091797 0.154167
0 0.634961 0.513889 0.061328 0.165278
0 0.690820 0.511111 0.066797 0.141667
0 0.761523 0.471528 0.048828 0.129167
0 0.816406 0.575347 0.062500 0.120139
0 0.915625 0.556944 0.086719 0.143056
0 0.767383 0.704514 0.097266 0.159028
0 0.702539 0.350000 0.049609 0.140278
0 0.664258 0.305208 0.044922 0.152083
0 0.882617 0.369792 0.048828 0.132639
0 0.883984 0.420486 0.020313 0.070139
0 0.732617 0.705903 0.100391 0.156250
0 0.698633 0.679167 0.049609 0.152778
