0 0.249414 0.753472 0.064453 0.183333
0 0.356055 0.731944 0.055859 0.155556
0 0.091797 0.634722 0.068750 0.165278
0 0.101758 0.668056 0.076172 0.159722
0 0.166406 0.646528 0.063281 0.159722
0 0.284375 0.556597 0.102344 0.145139
0 0.209570 0.579514 0.073047 0.163194
0 0.359180 0.588889 0.077734 0.148611
0 0.382227 0.544792 0.077734 0.154861
0 0.433984 0.534375 0.062500 0.128472
0 0.486914 0.507292 0.085547 0.152083
0 0.501367 0.321528 0.069922 0.140278
0 0.643750 0.432639 0.057031 0.166667
0 0.688672 0.396528 0.033594 0.169444
0 0.712500 0.372569 0.027344 0.132639
0 0.853711 0.485069 0.026172 0.145139
0 0.852734 0.428819 0.046875 0.182639
0 0.716406 0.683681 0.120313 0.152083
0 0.712500 0.332639 0.078125 0.130556
0 0.537109 0.301389 0.038281 0.106944
0 0.644531 0.324653 0.062500 0.109028
0 0.731641 0.677778 0.114062 0.152778
0 0.691797 0.667708 0.129688 0.164583
