0 0.051367 0.314236 0.039453 0.134028
0 0.075586 0.344444 0.041016 0.120833
0 0.254492 0.801389 0.108203 0.187500
0 0.402930 0.768403 0.087109 0.161806
0 0.071289 0.723611 0.094141 0.161111
0 0.116406 0.724306 0.033594 0.126389
0 0.157031 0.649306 0.076563 0.162500
0 0.148242 0.693056 0.045703 0.172222
0 0.285547 0.652431 0.070312 0.134028
0 0.266406 0.611806 0.069531 0.168056
0 0.336328 0.645139 0.062500 0.126389
0 0.338281 0.586458 0.107813 0.161806
0 0.481055 0.522222 0.030078 0.187500
0 0.550586 0.528472 0.070703 0.163889
0 0.616797 0.512500 0.063281 0.129167
0 0.698828 0.479861 0.034375 0.141667
0 0.784375 0.582639 0.062500 0.126389
0 0.853125 0.546875 0.067187 0.154861
0 0.666797 0.722917 0.110156 0.161111
0 0.608594 0.364583 0.078906 0.115278
0 0.571484 0.335069 0.057813 0.127083
0 0.766406 0.385764 0.050781 0.121528
0 0.775391 0.406250 0.025000 0.069444
0 0.643164 0.723611 0.110547 0.154167
0 0.608398 0.701389 0.120703 0.154167
