0 0.225781 0.745139 0.127344 0.183333
0 0.335742 0.724653 0.101172 0.167361
0 0.046680 0.642361 0.087891 0.150000
0 0.063867 0.667708 0.083984 0.163194
0 0.135352 0.652431 0.055859 0.150694
0 0.249219 0.560764 0.087500 0.159028
0 0.175586 0.583681 0.067578 0.188194
0 0.352734 0.585764 0.061719 0.143750
0 0.346484 0.537500 0.082812 0.147222
0 0.402734 0.540278 0.050000 0.133333
0 0.449609 0.499653 0.082812 0.154861
0 0.459570 0.319444 0.088672 0.156944
0 0.612891 0.435069 0.067969 0.164583
0 0.677539 0.415972 0.048047 0.133333
0 0.697070 0.382986 0.023828 0.125694
0 0.843555 0.501389 0.036328 0.134722
0 0.848047 0.443056 0.042969 0.173611
0 0.694727 0.673958 0.121484 0.152083
0 0.682031 0.315972 0.079687 0.137500
0 0.531836 0.299653 0.035547 0.092361
0 0.686719 0.321181 0.050781 0.090972
0 0.728711 0.336806 0.016016 0.091667
0 0.684570 0.672917 0.137109 0.152778
0 0.656641 0.656944 0.139844 0.154167
