0 0.232813 0.748264 0.112500 0.181250
0 0.332813 0.730903 0.107813 0.160417
0 0.041406 0.646181 0.082031 0.147917
0 0.058398 0.669097 0.084766 0.159028
0 0.138477 0.653819 0.064453 0.152083
0 0.239453 0.562847 0.090625 0.159028
0 0.170313 0.580208 0.061719 0.200694
0 0.346875 0.587153 0.070312 0.142361
0 0.341406 0.535764 0.082031 0.149306
0 0.395313 0.544097 0.051562 0.136806
0 0.442188 0.505556 0.089063 0.161111
0 0.462500 0.319444 0.070312 0.155556
0 0.603125 0.439931 0.075781 0.153472
0 0.673438 0.419097 0.049219 0.146528
0 0.692969 0.387500 0.022656 0.123611
0 0.841797 0.502431 0.038281 0.131250
0 0.854297 0.442014 0.030469 0.175694
0 0.691797 0.673958 0.123438 0.153472
0 0.673438 0.318750 0.077344 0.130556
0 0.531445 0.300000 0.035547 0.095833
0 0.693750 0.325694 0.048438 0.091667
0 0.729492 0.337847 0.015234 0.092361
0 0.676172 0.672569 0.138281 0.152083
0 0.648047 0.658681 0.145313 0.156250
