0 0.060156 0.316667 0.042188 0.133333
0 0.085352 0.347222 0.033984 0.116667
0 0.262500 0.804514 0.098437 0.188194
0 0.411328 0.770833 0.086719 0.158333
0 0.073438 0.726736 0.097656 0.159028
0 0.119531 0.730903 0.026562 0.110417
0 0.158984 0.659722 0.074219 0.173611
0 0.148828 0.698264 0.051562 0.168750
0 0.288281 0.652778 0.067187 0.144444
0 0.272070 0.615625 0.076172 0.167361
0 0.343359 0.647917 0.056250 0.126389
0 0.338086 0.590972 0.106641 0.168056
0 0.490234 0.527778 0.029687 0.180556
0 0.555469 0.529514 0.071094 0.167361
0 0.621484 0.512153 0.066406 0.131250
0 0.703125 0.484722 0.035937 0.129167
0 0.782813 0.587847 0.067969 0.128472
0 0.856641 0.546528 0.063281 0.156944
0 0.673438 0.723611 0.109375 0.158333
0 0.615625 0.364931 0.075000 0.113194
0 0.575977 0.336111 0.061328 0.126389
0 0.775000 0.386806 0.049219 0.122222
0 0.782617 0.415278 0.023828 0.069444
0 0.646875 0.724653 0.109375 0.152083
0 0.613477 0.703819 0.113672 0.154861
