0 0.155859 0.318056 0.033594 0.134722
0 0.184766 0.345139 0.036719 0.122222
0 0.343555 0.795139 0.079297 0.186111
0 0.495312 0.759722 0.080469 0.155556
0 0.012305 0.696181 0.024609 0.129861
0 0.030078 0.744444 0.059375 0.177778
0 0.097852 0.725694 0.092578 0.152778
0 0.174023 0.729861 0.032422 0.122222
0 0.189648 0.664931 0.073047 0.174306
0 0.203125 0.701042 0.050000 0.170139
0 0.325391 0.672222 0.060156 0.154167
0 0.312109 0.620833 0.067969 0.179167
0 0.366992 0.648264 0.049609 0.124306
0 0.374609 0.600000 0.087500 0.173611
0 0.547852 0.550694 0.082422 0.156944
0 0.614258 0.523264 0.083984 0.175694
0 0.670508 0.520833 0.063672 0.140278
0 0.745703 0.486806 0.047656 0.123611
0 0.801172 0.584722 0.075781 0.122222
0 0.895312 0.564931 0.086719 0.134028
0 0.746094 0.717014 0.095312 0.157639
0 0.668164 0.359722 0.072266 0.131944
0 0.631445 0.323958 0.051953 0.136806
0 0.858398 0.381250 0.037891 0.130556
0 0.853906 0.426042 0.021875 0.075694
0 0.694727 0.719097 0.119922 0.153472
0 0.666211 0.694792 0.056641 0.157639
