0 0.247266 0.749306 0.068750 0.184722
0 0.356641 0.729514 0.089844 0.160417
0 0.072070 0.631250 0.079297 0.170833
0 0.078125 0.665625 0.098437 0.159028
0 0.148438 0.651736 0.054688 0.149306
0 0.275781 0.553472 0.085938 0.151389
0 0.190430 0.569792 0.079297 0.185417
0 0.364648 0.584722 0.058984 0.147222
0 0.361523 0.533681 0.098047 0.143750
0 0.425977 0.535417 0.049609 0.120833
0 0.469141 0.501042 0.087500 0.159028
0 0.479687 0.317708 0.077344 0.140972
0 0.633789 0.435069 0.058984 0.163194
0 0.678125 0.391319 0.058594 0.167361
0 0.706250 0.370486 0.025000 0.139583
0 0.850195 0.484722 0.029297 0.144444
0 0.866211 0.430208 0.065234 0.170139
0 0.706445 0.677431 0.120703 0.149306
0 0.697070 0.325000 0.094922 0.133333
0 0.533984 0.303125 0.035156 0.092361
0 0.660937 0.320139 0.070312 0.111111
0 0.712500 0.668403 0.125000 0.153472
0 0.678125 0.658681 0.131250 0.159028
