0 0.238867 0.759028 0.092578 0.190278
0 0.343750 0.735764 0.096094 0.160417
0 0.022852 0.656597 0.045703 0.152083
0 0.037891 0.684028 0.075781 0.166667
0 0.102344 0.668403 0.089844 0.156250
0 0.213281 0.576042 0.082812 0.160417
0 0.149609 0.609722 0.055469 0.175000
0 0.323047 0.601042 0.059375 0.139583
0 0.309570 0.554861 0.092578 0.136111
0 0.372461 0.559375 0.058203 0.136806
0 0.413672 0.529861 0.078906 0.165278
0 0.429492 0.340972 0.055078 0.175000
0 0.582422 0.457639 0.061719 0.145833
0 0.656445 0.433333 0.055859 0.145833
0 0.689453 0.401389 0.025000 0.138889
0 0.810937 0.514236 0.067187 0.121528
0 0.855469 0.464583 0.041406 0.166667
0 0.670508 0.678819 0.123828 0.147917
0 0.654102 0.327083 0.072266 0.123611
0 0.538477 0.300694 0.052734 0.102778
0 0.711719 0.333681 0.039844 0.114583
0 0.733984 0.348958 0.014844 0.086806
0 0.653125 0.680903 0.129688 0.147917
0 0.620313 0.665625 0.153906 0.154861
