0 0.242188 0.749306 0.075781 0.183333
0 0.351172 0.729167 0.089844 0.162500
0 0.066406 0.623611 0.082031 0.177778
0 0.074219 0.666319 0.096094 0.157639
0 0.141016 0.652431 0.060937 0.143750
0 0.272461 0.555556 0.080078 0.155556
0 0.176953 0.572917 0.096094 0.184722
0 0.361523 0.583681 0.060547 0.143750
0 0.357812 0.531944 0.096094 0.141667
0 0.420898 0.537500 0.049609 0.122222
0 0.464844 0.500347 0.091406 0.159028
0 0.472656 0.314236 0.078906 0.140972
0 0.629687 0.434028 0.063281 0.163889
0 0.678320 0.398611 0.056641 0.152778
0 0.702930 0.372222 0.020703 0.131944
0 0.847852 0.486806 0.034766 0.141667
0 0.853711 0.431597 0.036328 0.178472
0 0.705078 0.675347 0.121875 0.150694
0 0.698633 0.322917 0.079297 0.123611
0 0.533203 0.303125 0.035156 0.089583
0 0.662891 0.315278 0.060937 0.108333
0 0.722266 0.342708 0.021875 0.072917
0 0.705859 0.667708 0.121875 0.156250
0 0.671484 0.657292 0.136719 0.160417
