0 0.244531 0.754167 0.082812 0.184722
0 0.341016 0.733333 0.099219 0.158333
0 0.026758 0.653125 0.053516 0.156250
0 0.040039 0.680903 0.080078 0.167361
0 0.102344 0.663194 0.094531 0.156944
0 0.221875 0.568750 0.074219 0.162500
0 0.150977 0.597569 0.058984 0.182639
0 0.318359 0.598264 0.077344 0.149306
0 0.317969 0.551389 0.088281 0.145833
0 0.372461 0.558333 0.064453 0.133333
0 0.414648 0.524653 0.084766 0.170139
0 0.437891 0.336111 0.044531 0.170833
0 0.580664 0.463194 0.080078 0.140278
0 0.659961 0.431250 0.054297 0.144444
0 0.690625 0.401042 0.024219 0.134028
0 0.824609 0.510069 0.050781 0.124306
0 0.857031 0.453819 0.043750 0.170139
0 0.671094 0.679167 0.131250 0.151389
0 0.658594 0.326389 0.073438 0.127778
0 0.530859 0.298611 0.037500 0.104167
0 0.708789 0.331944 0.042578 0.112500
0 0.732812 0.344097 0.014063 0.088194
0 0.662305 0.678819 0.120703 0.149306
0 0.625195 0.662500 0.155859 0.155556
