0 0.184180 0.315972 0.037891 0.147222
0 0.219141 0.340278 0.038281 0.130556
0 0.368164 0.785764 0.108203 0.184028
0 0.529883 0.747917 0.076953 0.150000
0 0.017773 0.699653 0.035547 0.177083
0 0.056445 0.734375 0.057422 0.178472
0 0.114453 0.717708 0.087500 0.153472
0 0.200781 0.723611 0.034375 0.123611
0 0.209766 0.664236 0.063281 0.159028
0 0.230859 0.699306 0.046094 0.170833
0 0.337891 0.666319 0.061719 0.153472
0 0.331445 0.612153 0.065234 0.171528
0 0.382422 0.639236 0.042188 0.124306
0 0.396484 0.585764 0.075000 0.157639
0 0.567969 0.543403 0.081250 0.161806
0 0.630859 0.518056 0.062500 0.162500
0 0.689453 0.514931 0.060156 0.135417
0 0.759961 0.475000 0.044141 0.127778
0 0.814844 0.576042 0.066406 0.122917
0 0.916016 0.555903 0.088281 0.140972
0 0.766016 0.706944 0.093750 0.156944
0 0.697266 0.354861 0.050000 0.138889
0 0.655273 0.310417 0.041797 0.150000
0 0.872461 0.370833 0.054297 0.130556
0 0.878711 0.423264 0.018359 0.070139
0 0.726562 0.707639 0.100000 0.156944
0 0.690820 0.682292 0.052734 0.159028
