0 0.276562 0.825000 0.073438 0.183333
0 0.374219 0.803125 0.053125 0.161806
0 0.156641 0.688889 0.081250 0.147222
0 0.164258 0.730556 0.063672 0.155556
0 0.224023 0.706597 0.066016 0.159028
0 0.234375 0.687500 0.051562 0.138889
0 0.377539 0.621181 0.094141 0.146528
0 0.282813 0.639236 0.082031 0.153472
0 0.392969 0.661111 0.044531 0.136111
0 0.446289 0.593056 0.075391 0.150000
0 0.504687 0.602083 0.056250 0.129167
0 0.556836 0.565972 0.079297 0.144444
0 0.557813 0.405556 0.065625 0.133333
0 0.698828 0.494444 0.038281 0.165278
0 0.731055 0.466667 0.045703 0.161111
0 0.880469 0.531250 0.025781 0.143056
0 0.858008 0.480903 0.030078 0.168750
0 0.753906 0.442708 0.024219 0.122917
0 0.733789 0.764931 0.126953 0.154861
0 0.784766 0.423611 0.068750 0.116667
0 0.560547 0.379167 0.047656 0.108333
0 0.596094 0.384028 0.067187 0.126389
0 0.649023 0.413542 0.030078 0.067361
0 0.797070 0.750694 0.084766 0.154167
0 0.743164 0.746528 0.078516 0.162500
