0 0.287109 0.846528 0.077344 0.186111
0 0.011914 0.350694 0.023828 0.098611
0 0.401953 0.815972 0.068750 0.166667
0 0.208984 0.692708 0.075781 0.159028
0 0.194922 0.740625 0.088281 0.160417
0 0.245312 0.715278 0.044531 0.163889
0 0.277734 0.702083 0.048438 0.118056
0 0.430273 0.634722 0.083203 0.144444
0 0.325977 0.650347 0.098828 0.150694
0 0.413477 0.676736 0.046484 0.135417
0 0.503711 0.611111 0.057422 0.150000
0 0.549609 0.617014 0.060156 0.124306
0 0.596875 0.572917 0.085156 0.155556
0 0.592969 0.427431 0.053125 0.129861
0 0.728320 0.503125 0.034766 0.165972
0 0.754687 0.476736 0.036719 0.153472
0 0.896094 0.529167 0.027344 0.150000
0 0.873633 0.482986 0.033203 0.150694
0 0.776953 0.455903 0.024219 0.117361
0 0.757812 0.787847 0.113281 0.154861
0 0.830859 0.441319 0.089844 0.118750
0 0.571094 0.391319 0.043750 0.110417
0 0.589063 0.398264 0.080469 0.117361
0 0.628516 0.414931 0.027344 0.081250
0 0.835156 0.769097 0.079687 0.147917
0 0.787891 0.765625 0.080469 0.154861
