0 0.258398 0.843403 0.112891 0.189583
0 0.012500 0.348264 0.025000 0.099306
0 0.395117 0.809722 0.063672 0.165278
0 0.183789 0.695833 0.088672 0.166667
0 0.180469 0.740278 0.084375 0.154167
0 0.237891 0.713194 0.042969 0.159722
0 0.257422 0.696528 0.047656 0.123611
0 0.412109 0.631597 0.084375 0.139583
0 0.306445 0.651042 0.102734 0.153472
0 0.395703 0.676389 0.070312 0.136111
0 0.487500 0.606597 0.057813 0.152083
0 0.534180 0.618403 0.049609 0.114583
0 0.581836 0.577083 0.091016 0.148611
0 0.579297 0.421875 0.053125 0.124306
0 0.718750 0.507292 0.039844 0.157639
0 0.747656 0.476389 0.037500 0.159722
0 0.893945 0.535069 0.029297 0.150694
0 0.857031 0.485764 0.049219 0.164583
0 0.769727 0.452431 0.022266 0.120139
0 0.750195 0.782639 0.106641 0.154167
0 0.817969 0.439583 0.069531 0.119444
0 0.569141 0.387500 0.045312 0.111111
0 0.592773 0.399306 0.066797 0.116667
0 0.636719 0.419444 0.027344 0.077778
0 0.824414 0.765625 0.083984 0.153472
0 0.777734 0.759722 0.078906 0.155556
