0 0.086133 0.321875 0.039453 0.127083
0 0.117773 0.350347 0.035547 0.122917
0 0.270117 0.805556 0.131641 0.188889
0 0.437305 0.768750 0.082422 0.154167
0 0.008398 0.738889 0.016797 0.156944
0 0.073438 0.730903 0.100781 0.153472
0 0.134180 0.732639 0.030078 0.118056
0 0.164453 0.665972 0.071875 0.177778
0 0.166211 0.704514 0.046484 0.174306
0 0.284180 0.672917 0.072266 0.147222
0 0.268945 0.618750 0.105859 0.170833
0 0.346680 0.656597 0.051953 0.122917
0 0.354102 0.596181 0.093359 0.168750
0 0.504492 0.546875 0.055078 0.178472
0 0.572266 0.531597 0.076563 0.171528
0 0.633789 0.522569 0.075391 0.147917
0 0.712695 0.492708 0.040234 0.132639
0 0.778906 0.593056 0.087500 0.129167
0 0.866211 0.558333 0.069141 0.144444
0 0.696289 0.725347 0.104297 0.159028
0 0.638086 0.366319 0.062109 0.121528
0 0.577344 0.334722 0.092188 0.127778
0 0.798047 0.392361 0.051562 0.125000
0 0.805273 0.425347 0.025391 0.068750
0 0.649219 0.726042 0.114062 0.156250
0 0.616992 0.706597 0.075391 0.159028
