0 0.235937 0.747222 0.095312 0.186111
0 0.342383 0.727431 0.090234 0.161806
0 0.063281 0.627778 0.075781 0.169444
0 0.075781 0.664583 0.081250 0.155556
0 0.130078 0.650000 0.076563 0.148611
0 0.269336 0.554514 0.075391 0.159028
0 0.169727 0.581597 0.105859 0.172917
0 0.357812 0.584028 0.062500 0.141667
0 0.357422 0.537153 0.086719 0.143750
0 0.408789 0.540972 0.063672 0.123611
0 0.459961 0.503819 0.092578 0.152083
0 0.472070 0.314583 0.073047 0.150000
0 0.625586 0.434375 0.066016 0.163194
0 0.681250 0.405903 0.045312 0.149306
0 0.702344 0.378819 0.021875 0.131250
0 0.847070 0.488194 0.036328 0.141667
0 0.851367 0.431944 0.035547 0.181944
0 0.701953 0.673958 0.120313 0.152083
0 0.693945 0.319792 0.072266 0.122917
0 0.532813 0.303472 0.032813 0.088889
0 0.671094 0.317014 0.057031 0.095139
0 0.724219 0.335069 0.017188 0.086806
0 0.702734 0.668403 0.121094 0.153472
0 0.668164 0.655556 0.137109 0.155556
