0 0.007227 0.309722 0.013672 0.084722
0 0.230469 0.774306 0.080469 0.186111
0 0.351758 0.745833 0.094141 0.156944
0 0.014258 0.695139 0.028516 0.168056
0 0.060547 0.686806 0.103906 0.159722
0 0.108594 0.687500 0.041406 0.118056
0 0.175781 0.606250 0.078125 0.161111
0 0.129297 0.648264 0.054688 0.174306
0 0.291211 0.623264 0.068359 0.152083
0 0.271289 0.574653 0.076953 0.152083
0 0.335938 0.593056 0.039844 0.148611
0 0.368555 0.546875 0.093359 0.157639
0 0.435742 0.400000 0.033203 0.177778
0 0.551562 0.481250 0.057031 0.168056
0 0.613867 0.466667 0.066797 0.137500
0 0.682617 0.434722 0.029297 0.133333
0 0.794531 0.539236 0.050000 0.129861
0 0.841602 0.503472 0.040234 0.165278
0 0.627734 0.695139 0.121875 0.158333
0 0.621094 0.336111 0.067187 0.133333
0 0.534180 0.309722 0.041797 0.108333
0 0.724414 0.349306 0.033984 0.125000
0 0.736719 0.370833 0.021094 0.081944
0 0.623828 0.696181 0.132031 0.157639
0 0.593555 0.680903 0.130078 0.157639
