0 0.277148 0.836111 0.065234 0.184722
0 0.382422 0.809028 0.056250 0.159722
0 0.161914 0.697569 0.085547 0.152083
0 0.172070 0.737847 0.069141 0.160417
0 0.224609 0.717708 0.048438 0.156250
0 0.243555 0.696181 0.055078 0.135417
0 0.392383 0.626389 0.085547 0.140278
0 0.295312 0.647222 0.085156 0.152778
0 0.397070 0.669097 0.046484 0.134028
0 0.458203 0.602083 0.071094 0.163889
0 0.517188 0.609375 0.047656 0.114583
0 0.570312 0.570486 0.075781 0.146528
0 0.561719 0.411458 0.066406 0.135417
0 0.707617 0.501736 0.036328 0.168750
0 0.735547 0.473958 0.037500 0.152083
0 0.882422 0.537500 0.032031 0.148611
0 0.857227 0.475000 0.035547 0.163889
0 0.759961 0.450000 0.023047 0.120833
0 0.743359 0.772222 0.111719 0.151389
0 0.797461 0.428472 0.069141 0.119444
0 0.566211 0.385417 0.052734 0.112500
0 0.593359 0.388542 0.067969 0.124306
0 0.642969 0.423264 0.031250 0.067361
0 0.808398 0.759722 0.083984 0.155556
0 0.753711 0.752778 0.080078 0.161111
