0 0.028516 0.307292 0.042188 0.132639
0 0.052734 0.337500 0.046094 0.120833
0 0.242578 0.803125 0.092969 0.193750
0 0.386328 0.765625 0.089063 0.160417
0 0.055273 0.717708 0.110547 0.163194
0 0.107227 0.720486 0.034766 0.121528
0 0.153516 0.646181 0.075000 0.163194
0 0.136914 0.686806 0.044141 0.165278
0 0.265430 0.645486 0.094141 0.147917
0 0.258789 0.612847 0.068359 0.159028
0 0.329102 0.627083 0.046484 0.120833
0 0.338867 0.578819 0.101953 0.159028
0 0.469336 0.497569 0.037109 0.181250
0 0.549023 0.518403 0.064453 0.168750
0 0.602539 0.503472 0.071484 0.129167
0 0.689258 0.472222 0.038672 0.145833
0 0.774414 0.573958 0.069141 0.128472
0 0.845703 0.537153 0.063281 0.157639
0 0.653516 0.718750 0.103906 0.159722
0 0.604688 0.364583 0.082812 0.119444
0 0.556641 0.332639 0.060937 0.125000
0 0.752344 0.380556 0.043750 0.127778
0 0.766602 0.395833 0.028516 0.080556
0 0.633008 0.720486 0.116797 0.154861
0 0.597852 0.704861 0.124609 0.161111
