0 0.008008 0.312847 0.015234 0.088194
0 0.226172 0.779167 0.090625 0.187500
0 0.352539 0.748611 0.093359 0.155556
0 0.010742 0.705556 0.021484 0.163889
0 0.066211 0.691319 0.081641 0.160417
0 0.106250 0.691667 0.044531 0.125000
0 0.169141 0.608681 0.075000 0.160417
0 0.129688 0.650000 0.048438 0.177778
0 0.291211 0.625694 0.066016 0.155556
0 0.265039 0.574306 0.075391 0.165278
0 0.331641 0.594444 0.036719 0.143056
0 0.362891 0.551042 0.101562 0.161806
0 0.429102 0.415972 0.038672 0.186111
0 0.548242 0.483333 0.056641 0.166667
0 0.605469 0.466667 0.071094 0.143056
0 0.677148 0.438889 0.033203 0.137500
0 0.787891 0.545833 0.054688 0.129167
0 0.839648 0.506944 0.044141 0.163889
0 0.626953 0.698611 0.118750 0.161111
0 0.619922 0.338889 0.071875 0.127778
0 0.531250 0.312847 0.050781 0.109028
0 0.726172 0.355556 0.032031 0.119444
0 0.737500 0.377083 0.020313 0.079167
0 0.623633 0.697569 0.132422 0.160417
0 0.588477 0.682639 0.130859 0.155556
