0 0.303906 0.845139 0.088281 0.187500
0 0.009961 0.351736 0.019922 0.093750
0 0.404102 0.813542 0.059766 0.163194
0 0.220312 0.675347 0.072656 0.161806
0 0.217969 0.737153 0.062500 0.153472
0 0.264062 0.713889 0.058594 0.159722
0 0.295508 0.692361 0.048828 0.116667
0 0.011523 0.739931 0.023047 0.150694
0 0.449805 0.626736 0.080859 0.139583
0 0.345898 0.645486 0.094141 0.142361
0 0.421289 0.678125 0.046484 0.131250
0 0.509766 0.613889 0.068750 0.154167
0 0.569531 0.615972 0.051562 0.127778
0 0.610156 0.578472 0.089063 0.145833
0 0.612500 0.432986 0.055469 0.125694
0 0.744531 0.506250 0.046094 0.168056
0 0.760352 0.476042 0.037891 0.149306
0 0.890234 0.523958 0.042969 0.160417
0 0.880664 0.482986 0.039453 0.153472
0 0.785547 0.458681 0.025000 0.113194
0 0.755078 0.790972 0.125781 0.147222
0 0.842969 0.446875 0.093750 0.111806
0 0.569531 0.395486 0.039844 0.110417
0 0.576367 0.390972 0.066016 0.122222
0 0.620313 0.422917 0.031250 0.080556
0 0.841406 0.776389 0.087500 0.147222
0 0.801953 0.769792 0.078906 0.159028
