0 0.219922 0.228819 0.073438 0.102083
0 0.207813 0.318403 0.075781 0.089583
0 0.301953 0.275694 0.071094 0.091667
0 0.313867 0.381250 0.081641 0.090278
0 0.377930 0.306597 0.079297 0.106250
0 0.392383 0.384375 0.086328 0.088194
0 0.430273 0.465278 0.085547 0.111111
0 0.478906 0.319792 0.095312 0.111806
0 0.586914 0.395486 0.105859 0.093750
0 0.593750 0.459028 0.093750 0.090278
0 0.543164 0.804861 0.141016 0.134722
0 0.675977 0.718056 0.114453 0.118056
0 0.744922 0.711111 0.128125 0.130556
0 0.652344 0.543750 0.110937 0.108333
0 0.711914 0.494792 0.111328 0.117361
0 0.732422 0.381944 0.092969 0.080556
0 0.577148 0.182639 0.071484 0.094444
