0 0.202930 0.232292 0.069141 0.085417
0 0.202734 0.326736 0.076563 0.093750
0 0.289844 0.281250 0.073438 0.086111
0 0.303516 0.389931 0.078125 0.090972
0 0.360547 0.301042 0.075000 0.090972
0 0.385937 0.397222 0.081250 0.090278
0 0.404687 0.467014 0.090625 0.100694
0 0.474219 0.316667 0.089063 0.116667
0 0.574805 0.408333 0.095703 0.102778
0 0.568750 0.467361 0.081250 0.083333
0 0.534180 0.826042 0.124609 0.117361
0 0.636133 0.740972 0.127734 0.127778
0 0.709375 0.737153 0.125781 0.139583
0 0.621875 0.564583 0.106250 0.125000
0 0.674023 0.504167 0.105078 0.109722
0 0.711328 0.402083 0.087500 0.102778
0 0.012500 0.175000 0.025000 0.097222
0 0.538281 0.176042 0.056250 0.084028
