0 0.213281 0.229514 0.064844 0.090972
0 0.202344 0.326389 0.083594 0.095833
0 0.299023 0.284722 0.077734 0.090278
0 0.311719 0.394444 0.088281 0.100000
0 0.377734 0.305208 0.075781 0.099306
0 0.394336 0.392708 0.084766 0.089583
0 0.430273 0.467708 0.091016 0.102083
0 0.475195 0.317014 0.091016 0.114583
0 0.582227 0.405556 0.106641 0.111111
0 0.593164 0.455208 0.089453 0.097917
0 0.544336 0.805208 0.145703 0.128472
0 0.679688 0.727431 0.122656 0.128472
0 0.747656 0.707639 0.126562 0.138889
0 0.655273 0.550000 0.117578 0.119444
0 0.715625 0.494097 0.115625 0.117361
0 0.730469 0.397222 0.101562 0.100000
0 0.091602 0.022569 0.019141 0.045139
0 0.580859 0.178125 0.069531 0.090972
