0 0.199219 0.256250 0.059375 0.077778
0 0.197266 0.354861 0.071094 0.104167
0 0.284766 0.321181 0.068750 0.084028
0 0.300000 0.413889 0.071094 0.094444
0 0.357812 0.331944 0.067969 0.081944
0 0.374805 0.434375 0.075391 0.089583
0 0.395703 0.501042 0.080469 0.097917
0 0.472266 0.348958 0.081250 0.089583
0 0.565234 0.448264 0.087500 0.120139
0 0.545898 0.512847 0.077734 0.090972
0 0.525000 0.859722 0.127344 0.134722
0 0.619922 0.781250 0.124219 0.131944
0 0.695117 0.754167 0.105859 0.125000
0 0.588672 0.594444 0.122656 0.125000
0 0.642188 0.560069 0.110156 0.134028
0 0.693555 0.443403 0.090234 0.099306
0 0.017383 0.210764 0.034766 0.081250
0 0.019336 0.055208 0.021484 0.061806
0 0.504687 0.218750 0.064062 0.086111
