0 0.158398 0.273264 0.082422 0.104861
0 0.154492 0.371181 0.087891 0.097917
0 0.248828 0.309722 0.082031 0.095833
0 0.271875 0.406250 0.086719 0.093056
0 0.329297 0.329514 0.089844 0.097917
0 0.351758 0.401042 0.081641 0.097917
0 0.389844 0.467708 0.103906 0.100694
0 0.425586 0.331944 0.097266 0.106944
0 0.536523 0.379167 0.106641 0.086111
0 0.554297 0.434028 0.096094 0.111111
0 0.530664 0.781597 0.129297 0.132639
0 0.666797 0.664931 0.116406 0.107639
0 0.734180 0.647917 0.132422 0.134722
0 0.636719 0.508681 0.114062 0.111806
0 0.696680 0.452431 0.118359 0.122917
0 0.694727 0.361806 0.101953 0.090278
0 0.061914 0.075694 0.025391 0.070833
0 0.555078 0.180208 0.072656 0.089583
