0 0.217773 0.227083 0.067578 0.091667
0 0.208984 0.315278 0.070312 0.090278
0 0.303516 0.272569 0.068750 0.090972
0 0.309180 0.372917 0.087891 0.091667
0 0.375586 0.306944 0.089453 0.101389
0 0.394141 0.382986 0.082031 0.092361
0 0.428125 0.468403 0.089063 0.110417
0 0.479883 0.322222 0.101953 0.119444
0 0.584375 0.394097 0.103906 0.096528
0 0.589648 0.467708 0.103516 0.092361
0 0.546289 0.814931 0.135547 0.134028
0 0.674219 0.722569 0.111719 0.117361
0 0.746289 0.707292 0.116797 0.121528
0 0.647656 0.543403 0.110156 0.109028
0 0.708203 0.501389 0.110156 0.123611
0 0.729883 0.385417 0.090234 0.090278
0 0.011523 0.171181 0.023047 0.099306
0 0.573828 0.184375 0.068750 0.092361
