0 0.212500 0.231597 0.064062 0.088194
0 0.202344 0.329167 0.082031 0.098611
0 0.297852 0.290278 0.081641 0.088889
0 0.311914 0.392014 0.088672 0.097917
0 0.378711 0.306250 0.076172 0.097222
0 0.392188 0.394097 0.092969 0.093750
0 0.428516 0.472222 0.098437 0.104167
0 0.474219 0.317708 0.091406 0.114583
0 0.581836 0.402083 0.105078 0.102778
0 0.593359 0.453819 0.088281 0.096528
0 0.546680 0.808681 0.145703 0.128472
0 0.681250 0.728125 0.126562 0.131250
0 0.748633 0.702083 0.125391 0.133333
0 0.653320 0.556250 0.129297 0.120833
0 0.717773 0.497917 0.117578 0.120833
0 0.731445 0.394444 0.100391 0.093056
0 0.093945 0.023958 0.019922 0.047917
0 0.581641 0.177778 0.068750 0.093056
