0 0.214844 0.229861 0.069531 0.095833
0 0.205664 0.321181 0.080859 0.090972
0 0.301367 0.277083 0.072266 0.091667
0 0.313086 0.385764 0.083984 0.093750
0 0.377148 0.304514 0.076953 0.103472
0 0.392188 0.383333 0.086719 0.087500
0 0.428906 0.456944 0.085938 0.095833
0 0.477344 0.317708 0.092188 0.113194
0 0.585742 0.399653 0.106641 0.100694
0 0.590234 0.453819 0.096875 0.097917
0 0.542188 0.802431 0.143750 0.132639
0 0.675977 0.717014 0.115234 0.121528
0 0.745508 0.711111 0.126172 0.133333
0 0.653906 0.545139 0.111719 0.112500
0 0.712500 0.492361 0.112500 0.115278
0 0.732227 0.387847 0.095703 0.089583
0 0.577148 0.181250 0.073047 0.093056
