0 0.203125 0.245139 0.066406 0.081944
0 0.201563 0.332986 0.075000 0.090972
0 0.289648 0.291319 0.069141 0.085417
0 0.302148 0.397569 0.075391 0.089583
0 0.361133 0.317014 0.075391 0.097917
0 0.385352 0.406944 0.078516 0.090278
0 0.403711 0.475694 0.086328 0.102778
0 0.471484 0.331944 0.092188 0.113889
0 0.574023 0.420139 0.093359 0.104167
0 0.566016 0.482292 0.084375 0.082639
0 0.533008 0.843403 0.122266 0.122917
0 0.633594 0.749653 0.123438 0.120139
0 0.707617 0.747917 0.122266 0.129167
0 0.619727 0.574653 0.101953 0.120139
0 0.669727 0.521528 0.105078 0.116667
0 0.709375 0.413194 0.085156 0.100000
0 0.012695 0.179861 0.025391 0.094444
0 0.041211 0.025694 0.020703 0.048611
0 0.533594 0.192361 0.059375 0.087500
