0 0.124023 0.305208 0.087109 0.107639
0 0.133984 0.392014 0.075781 0.103472
0 0.220508 0.355903 0.093359 0.142361
0 0.247656 0.424306 0.088281 0.104167
0 0.313086 0.355903 0.091016 0.095139
0 0.327148 0.412847 0.091797 0.103472
0 0.374609 0.487500 0.101562 0.122222
0 0.398438 0.333333 0.087500 0.101389
0 0.500586 0.380556 0.112891 0.101389
0 0.534570 0.437847 0.094922 0.106250
0 0.505469 0.776736 0.153125 0.142361
0 0.654102 0.659375 0.126172 0.136806
0 0.712305 0.610764 0.145703 0.143750
0 0.622656 0.500000 0.119531 0.140278
0 0.681445 0.452778 0.129297 0.122222
0 0.672656 0.362500 0.101562 0.111111
0 0.054492 0.111111 0.026172 0.075000
0 0.543164 0.176389 0.066016 0.081944
