0 0.134180 0.303472 0.086328 0.112500
0 0.142969 0.397222 0.079687 0.108333
0 0.229883 0.344097 0.092578 0.100694
0 0.253711 0.434028 0.096484 0.101389
0 0.316797 0.355208 0.090625 0.095139
0 0.336523 0.423958 0.101172 0.095139
0 0.380664 0.494444 0.108203 0.106944
0 0.408789 0.348264 0.088672 0.121528
0 0.516406 0.403125 0.109375 0.102083
0 0.540039 0.449653 0.091797 0.104861
0 0.515430 0.798611 0.145703 0.126389
0 0.654883 0.688889 0.136328 0.122222
0 0.716406 0.627431 0.137500 0.135417
0 0.624805 0.528472 0.131641 0.131944
0 0.685937 0.474306 0.128906 0.118056
0 0.679688 0.386111 0.115625 0.108333
0 0.056250 0.111111 0.028125 0.073611
0 0.546680 0.190625 0.066016 0.086806
