0 0.200195 0.266319 0.059766 0.079861
0 0.195898 0.355208 0.070703 0.092361
0 0.289648 0.328819 0.063672 0.089583
0 0.300391 0.420833 0.068750 0.093056
0 0.359766 0.342014 0.070312 0.084028
0 0.375586 0.438889 0.077734 0.088889
0 0.397656 0.512847 0.082812 0.097917
0 0.473828 0.357986 0.083594 0.093750
0 0.566602 0.451736 0.083203 0.109028
0 0.550781 0.521875 0.080469 0.092361
0 0.525977 0.869097 0.126953 0.135417
0 0.620703 0.789236 0.121875 0.134028
0 0.697461 0.761458 0.105859 0.120139
0 0.600391 0.605903 0.104688 0.138194
0 0.646875 0.569097 0.107813 0.135417
0 0.696484 0.454514 0.089063 0.102083
0 0.017773 0.212500 0.035547 0.088889
0 0.022461 0.056597 0.019922 0.063194
0 0.509766 0.229167 0.067969 0.090278
