0 0.124023 0.305556 0.087109 0.108333
0 0.134375 0.397917 0.075000 0.102778
0 0.219531 0.347569 0.100781 0.102083
0 0.248633 0.432986 0.091016 0.104861
0 0.313477 0.359028 0.092578 0.101389
0 0.330078 0.420139 0.097656 0.100000
0 0.374219 0.493056 0.107031 0.116667
0 0.400586 0.338194 0.086328 0.101389
0 0.506445 0.391667 0.110547 0.102778
0 0.537109 0.443056 0.088281 0.104167
0 0.507812 0.785069 0.151562 0.135417
0 0.652344 0.669792 0.132812 0.127083
0 0.711914 0.618750 0.139453 0.136111
0 0.623633 0.510417 0.119922 0.130556
0 0.682617 0.463889 0.130078 0.120833
0 0.672461 0.373264 0.105078 0.110417
0 0.053125 0.111806 0.026562 0.075000
0 0.542578 0.184722 0.064844 0.083333
