0 0.204102 0.269444 0.066016 0.077778
0 0.196875 0.352083 0.070312 0.084722
0 0.291406 0.323264 0.064062 0.089583
0 0.302734 0.420139 0.069531 0.091667
0 0.362305 0.345486 0.075391 0.088194
0 0.377148 0.432292 0.079297 0.086806
0 0.403906 0.521528 0.080469 0.113889
0 0.470898 0.370833 0.096484 0.106944
0 0.572656 0.450347 0.084375 0.099306
0 0.556641 0.526042 0.091406 0.086806
0 0.526172 0.879167 0.129688 0.127778
0 0.627148 0.784028 0.116797 0.115278
0 0.703125 0.770139 0.111719 0.120833
0 0.609570 0.602778 0.098828 0.111111
0 0.658008 0.567014 0.105859 0.134028
0 0.702734 0.450347 0.078906 0.093750
0 0.014453 0.209028 0.028906 0.102778
0 0.032227 0.051736 0.021484 0.064583
0 0.521289 0.232292 0.066797 0.086806
