0 0.209180 0.211806 0.065234 0.087500
0 0.207227 0.309028 0.069922 0.095833
0 0.296680 0.269792 0.086328 0.103472
0 0.304688 0.371875 0.085938 0.097917
0 0.368750 0.293403 0.086719 0.089583
0 0.391211 0.381944 0.083203 0.100000
0 0.420703 0.464236 0.103125 0.106250
0 0.478711 0.304861 0.091016 0.101389
0 0.579102 0.387847 0.100391 0.099306
0 0.581445 0.459375 0.091797 0.096528
0 0.542383 0.813194 0.130078 0.138889
0 0.657227 0.734722 0.125391 0.134722
0 0.729688 0.700000 0.112500 0.119444
0 0.635156 0.551736 0.114062 0.127083
0 0.691602 0.503819 0.110547 0.132639
0 0.720703 0.384375 0.088281 0.107639
0 0.012695 0.169444 0.025391 0.098611
0 0.557422 0.173611 0.064844 0.076389
