0 0.168945 0.269792 0.076953 0.099306
0 0.165820 0.357292 0.081641 0.089583
0 0.258008 0.304167 0.078516 0.088889
0 0.282422 0.403472 0.079687 0.091667
0 0.340820 0.332986 0.089453 0.092361
0 0.359570 0.401389 0.080078 0.094444
0 0.395313 0.469792 0.103906 0.107639
0 0.433203 0.337500 0.104688 0.100000
0 0.549023 0.389583 0.101953 0.091667
0 0.559180 0.451736 0.108203 0.104861
0 0.533398 0.804167 0.132422 0.141667
0 0.666797 0.686806 0.118750 0.116667
0 0.738867 0.665278 0.125391 0.123611
0 0.640820 0.521528 0.109766 0.111111
0 0.699219 0.476736 0.120313 0.121528
0 0.704492 0.374306 0.094141 0.097222
0 0.068555 0.062847 0.026172 0.067361
0 0.561523 0.189931 0.075391 0.085417
