0 0.203906 0.257292 0.066406 0.084028
0 0.200000 0.338889 0.073438 0.088889
0 0.289844 0.301736 0.065625 0.085417
0 0.302344 0.405556 0.073438 0.090278
0 0.361719 0.331944 0.075781 0.101389
0 0.381055 0.416319 0.079297 0.089583
0 0.401367 0.494444 0.087891 0.108333
0 0.469531 0.346875 0.096094 0.110417
0 0.573828 0.431250 0.090625 0.102778
0 0.562500 0.498264 0.088281 0.082639
0 0.530078 0.862847 0.124219 0.129861
0 0.637305 0.759028 0.108984 0.111111
0 0.706445 0.758333 0.119141 0.119444
0 0.616016 0.587153 0.101562 0.115972
0 0.665234 0.538542 0.104688 0.124306
0 0.707227 0.425347 0.083203 0.097917
0 0.013281 0.189583 0.026562 0.097222
0 0.037109 0.036111 0.021094 0.059722
0 0.529102 0.208333 0.062891 0.090278
