0 0.216797 0.225694 0.064844 0.086111
0 0.208398 0.313889 0.069141 0.091667
0 0.301563 0.271528 0.070312 0.091667
0 0.307227 0.372569 0.087891 0.093750
0 0.373437 0.306944 0.091406 0.095833
0 0.392773 0.383333 0.080859 0.091667
0 0.425000 0.470139 0.091406 0.115278
0 0.479297 0.318750 0.101562 0.125000
0 0.582227 0.395486 0.102734 0.097917
0 0.588086 0.467361 0.101172 0.091667
0 0.547070 0.820486 0.130859 0.132639
0 0.671094 0.726389 0.109375 0.122222
0 0.741797 0.703125 0.111719 0.114583
0 0.642773 0.546181 0.109766 0.120139
0 0.703125 0.506597 0.110937 0.128472
0 0.727344 0.385764 0.085938 0.097917
0 0.011719 0.170486 0.023438 0.099306
0 0.569336 0.182986 0.068359 0.086806
