0 0.203125 0.269444 0.063281 0.076389
0 0.195898 0.354167 0.069922 0.084722
0 0.291016 0.324653 0.064062 0.089583
0 0.302344 0.422222 0.068750 0.091667
0 0.362891 0.351042 0.074219 0.086806
0 0.376953 0.438194 0.078125 0.087500
0 0.404297 0.521181 0.092969 0.106250
0 0.473242 0.375347 0.089453 0.107639
0 0.569727 0.455208 0.081641 0.100694
0 0.555273 0.530903 0.087109 0.090972
0 0.524805 0.885069 0.132422 0.128472
0 0.623437 0.794097 0.117969 0.128472
0 0.701758 0.773958 0.108203 0.121528
0 0.607031 0.608681 0.098437 0.113194
0 0.654883 0.574306 0.107422 0.131944
0 0.700781 0.455208 0.082812 0.097917
0 0.015625 0.210069 0.031250 0.097917
0 0.029492 0.057639 0.021484 0.065278
0 0.517578 0.239931 0.067969 0.085417
