0 0.176172 0.268056 0.074219 0.097222
0 0.171484 0.345486 0.078906 0.086806
0 0.264062 0.303125 0.078906 0.089583
0 0.287500 0.398958 0.078125 0.096528
0 0.347070 0.334028 0.089453 0.090278
0 0.362500 0.402083 0.080469 0.098611
0 0.401758 0.469444 0.100391 0.113889
0 0.439648 0.336806 0.105078 0.102778
0 0.551367 0.389236 0.104297 0.093750
0 0.565820 0.455208 0.107422 0.102083
0 0.536719 0.810069 0.135937 0.139583
0 0.669336 0.698264 0.117578 0.124306
0 0.742188 0.671875 0.121094 0.118750
0 0.642969 0.529861 0.113281 0.115278
0 0.703906 0.485764 0.121875 0.121528
0 0.709766 0.375347 0.089844 0.093750
0 0.072852 0.054167 0.023047 0.066667
0 0.565039 0.194097 0.076172 0.089583
