0 0.211523 0.232986 0.063672 0.085417
0 0.200781 0.336111 0.085156 0.101389
0 0.294141 0.295833 0.088281 0.088889
0 0.311133 0.394792 0.084766 0.099306
0 0.377539 0.313889 0.076953 0.094444
0 0.392188 0.395486 0.096094 0.097917
0 0.428516 0.477431 0.103125 0.106250
0 0.473242 0.322917 0.091797 0.113889
0 0.581641 0.397569 0.103906 0.093750
0 0.593750 0.455556 0.089063 0.097222
0 0.548047 0.812500 0.146094 0.130556
0 0.680078 0.726389 0.135156 0.133333
0 0.749609 0.696528 0.124219 0.127778
0 0.657422 0.551042 0.122656 0.115972
0 0.718945 0.501042 0.119922 0.122917
0 0.733789 0.393056 0.096484 0.090278
0 0.092969 0.028125 0.020313 0.052083
0 0.583008 0.181250 0.068359 0.090278
