0 0.205078 0.213889 0.068750 0.086111
0 0.205273 0.315972 0.077734 0.097222
0 0.295117 0.272222 0.074609 0.090278
0 0.304883 0.377083 0.082422 0.094444
0 0.364453 0.288889 0.079687 0.091667
0 0.387305 0.384375 0.087891 0.088194
0 0.411914 0.456597 0.090234 0.092361
0 0.476758 0.299306 0.083984 0.108333
0 0.576758 0.393750 0.101172 0.094444
0 0.574023 0.453472 0.082422 0.101389
0 0.541016 0.807639 0.124219 0.116667
0 0.645312 0.733333 0.130469 0.133333
0 0.717969 0.717014 0.118750 0.132639
0 0.625781 0.551389 0.117188 0.126389
0 0.675977 0.500347 0.118359 0.120139
0 0.714063 0.387847 0.091406 0.110417
0 0.012695 0.169097 0.025391 0.102083
0 0.544727 0.165972 0.063672 0.083333
