0 0.142969 0.291667 0.067969 0.111111
0 0.188867 0.292014 0.095703 0.109028
0 0.230469 0.301042 0.056250 0.092361
0 0.275977 0.304167 0.055859 0.086111
0 0.286133 0.295139 0.087891 0.091667
0 0.368164 0.300694 0.091016 0.101389
0 0.481445 0.310069 0.080078 0.117361
0 0.444727 0.309028 0.091016 0.097222
0 0.544531 0.310417 0.082031 0.126389
0 0.619141 0.318750 0.114844 0.133333
0 0.688086 0.333333 0.063672 0.102778
0 0.891602 0.333681 0.098047 0.142361
0 0.784375 0.711458 0.208594 0.206250
0 0.567773 0.713542 0.130859 0.129861
0 0.515234 0.678472 0.197656 0.163889
0 0.453711 0.668056 0.199609 0.163889
0 0.296680 0.674653 0.099609 0.127083
