0 0.036328 0.248958 0.071875 0.109028
0 0.055664 0.249306 0.076953 0.115278
0 0.105859 0.263194 0.047656 0.086111
0 0.123828 0.264583 0.052344 0.098611
0 0.140039 0.255556 0.093359 0.095833
0 0.259180 0.263542 0.091797 0.103472
0 0.358594 0.273264 0.111719 0.125694
0 0.264844 0.270486 0.089844 0.096528
0 0.431055 0.283681 0.077734 0.113194
0 0.516992 0.287500 0.108203 0.133333
0 0.586719 0.310417 0.060156 0.100000
0 0.799219 0.311458 0.090625 0.139583
0 0.809375 0.696181 0.218750 0.210417
0 0.568359 0.690625 0.139844 0.138194
0 0.469141 0.650347 0.166406 0.171528
0 0.443945 0.646528 0.197266 0.173611
0 0.291211 0.650000 0.101953 0.113889
0 0.320117 0.277431 0.062891 0.102083
