0 0.112305 0.277431 0.077734 0.109028
0 0.141797 0.276389 0.091406 0.109722
0 0.187695 0.282986 0.057422 0.097917
0 0.222266 0.292708 0.051562 0.086806
0 0.234961 0.281597 0.078516 0.099306
0 0.334570 0.286458 0.090234 0.103472
0 0.447656 0.296528 0.078906 0.118056
0 0.381445 0.296528 0.094141 0.094444
0 0.508984 0.305903 0.076563 0.113194
0 0.594336 0.308333 0.123828 0.134722
0 0.668555 0.326042 0.070703 0.103472
0 0.867578 0.327778 0.102344 0.141667
0 0.808008 0.708333 0.212109 0.213889
0 0.590234 0.702778 0.138281 0.136111
0 0.525781 0.670486 0.196094 0.172917
0 0.470508 0.660069 0.191016 0.181250
0 0.318164 0.664583 0.101172 0.115278
