0 0.138281 0.289931 0.070312 0.110417
0 0.181250 0.289931 0.094531 0.109028
0 0.223242 0.299306 0.056641 0.091667
0 0.266602 0.305208 0.055078 0.085417
0 0.277148 0.292361 0.083984 0.093056
0 0.362891 0.298611 0.090625 0.101389
0 0.477930 0.307986 0.084766 0.117361
0 0.434570 0.306597 0.091797 0.096528
0 0.531836 0.315278 0.066797 0.112500
0 0.614844 0.316667 0.114844 0.133333
0 0.686523 0.331597 0.066797 0.103472
0 0.889648 0.332292 0.095703 0.142361
0 0.796094 0.711111 0.198437 0.208333
0 0.570508 0.712153 0.134766 0.131250
0 0.518750 0.677083 0.196094 0.165278
0 0.457813 0.666319 0.197656 0.167361
0 0.300391 0.673264 0.100000 0.124306
