0 0.116992 0.280903 0.076172 0.109028
0 0.147266 0.278819 0.094531 0.109028
0 0.194727 0.283333 0.058203 0.104167
0 0.230469 0.293750 0.051562 0.083333
0 0.246094 0.284375 0.075781 0.100694
0 0.340625 0.288889 0.089844 0.102778
0 0.451758 0.297222 0.077734 0.116667
0 0.394336 0.299306 0.094922 0.094444
0 0.518555 0.307986 0.080859 0.113194
0 0.597852 0.309722 0.115234 0.134722
0 0.674609 0.323611 0.068750 0.104167
0 0.871680 0.328819 0.102734 0.142361
0 0.805859 0.708333 0.210156 0.215278
0 0.589648 0.703819 0.131641 0.135417
0 0.526367 0.672222 0.203516 0.173611
0 0.472656 0.661111 0.189062 0.181944
0 0.315039 0.667014 0.101172 0.113194
