0 0.011719 0.230556 0.023438 0.091667
0 0.098633 0.245486 0.093359 0.104861
0 0.197656 0.247917 0.097656 0.134722
0 0.061523 0.246528 0.084766 0.093056
0 0.274023 0.263542 0.083203 0.113194
0 0.366797 0.270139 0.106250 0.134722
0 0.441992 0.290972 0.069922 0.101389
0 0.642578 0.297569 0.060156 0.132639
0 0.748242 0.684722 0.239453 0.215278
0 0.480273 0.685069 0.139453 0.138194
0 0.360352 0.635417 0.140234 0.175000
0 0.356641 0.630556 0.192969 0.168056
0 0.200000 0.632986 0.108594 0.117361
0 0.123828 0.253819 0.062500 0.081250
