0 0.147852 0.291667 0.067578 0.111111
0 0.196289 0.292014 0.097266 0.109028
0 0.237891 0.302431 0.054688 0.089583
0 0.286523 0.304861 0.057422 0.086111
0 0.298828 0.296181 0.099219 0.092361
0 0.373828 0.303125 0.091406 0.103472
0 0.484766 0.310764 0.082031 0.117361
0 0.450781 0.309028 0.091406 0.100000
0 0.553125 0.307986 0.091406 0.129861
0 0.625195 0.318750 0.120703 0.133333
0 0.692969 0.334375 0.067969 0.103472
0 0.893945 0.333681 0.098047 0.142361
0 0.777148 0.710069 0.212109 0.204861
0 0.564844 0.713889 0.132031 0.129167
0 0.511914 0.678819 0.198828 0.165972
0 0.449219 0.667361 0.200000 0.163889
0 0.292773 0.677431 0.101172 0.121528
