0 0.225195 0.282986 0.089453 0.113194
0 0.284375 0.281597 0.092188 0.115972
0 0.315430 0.286458 0.059766 0.093750
0 0.382422 0.293403 0.067969 0.093750
0 0.380273 0.285417 0.077734 0.100000
0 0.453125 0.288889 0.100000 0.111111
0 0.528711 0.291667 0.100391 0.119444
0 0.599219 0.296875 0.076563 0.113194
0 0.667773 0.302083 0.110547 0.131944
0 0.727148 0.315625 0.088672 0.095139
0 0.924219 0.311806 0.095312 0.140278
0 0.727148 0.685764 0.195703 0.204861
0 0.516211 0.684028 0.141016 0.144444
0 0.494922 0.656250 0.203125 0.166667
0 0.406250 0.644792 0.192188 0.164583
0 0.246094 0.661458 0.101562 0.115972
