0 0.034570 0.244097 0.069141 0.110417
0 0.040039 0.243750 0.076953 0.113889
0 0.090625 0.257986 0.048438 0.085417
0 0.107031 0.258333 0.053125 0.097222
0 0.121484 0.250000 0.091406 0.095833
0 0.241211 0.260069 0.091016 0.103472
0 0.345703 0.266667 0.114844 0.126389
0 0.244336 0.266667 0.089453 0.097222
0 0.419922 0.277083 0.081250 0.112500
0 0.502148 0.282639 0.108984 0.133333
0 0.574414 0.306597 0.066016 0.100694
0 0.784180 0.307292 0.087891 0.139583
0 0.806055 0.692361 0.226953 0.211111
0 0.563477 0.687153 0.139453 0.138194
0 0.458398 0.646875 0.166016 0.171528
0 0.437891 0.644444 0.196875 0.172222
0 0.285547 0.643403 0.102344 0.118750
0 0.297852 0.273611 0.063672 0.098611
