0 0.152148 0.291667 0.067578 0.111111
0 0.203516 0.292014 0.100781 0.109028
0 0.243359 0.303125 0.057031 0.085417
0 0.295117 0.305903 0.059766 0.086806
0 0.304492 0.297222 0.095703 0.094444
0 0.380273 0.305208 0.091797 0.109028
0 0.488086 0.310417 0.085547 0.116667
0 0.456836 0.307639 0.091016 0.102778
0 0.549805 0.310764 0.076953 0.121528
0 0.631250 0.319444 0.128125 0.133333
0 0.695898 0.334375 0.069922 0.103472
0 0.896094 0.333681 0.098437 0.142361
0 0.776367 0.709722 0.202734 0.204167
0 0.561133 0.714236 0.133984 0.128472
0 0.509180 0.678125 0.200391 0.170139
0 0.444336 0.667014 0.199609 0.164583
0 0.288867 0.679861 0.101953 0.113889
