0 0.020508 0.241319 0.038672 0.084028
0 0.033398 0.235417 0.057422 0.098611
0 0.048242 0.235417 0.084766 0.095833
0 0.169727 0.240278 0.091797 0.104167
0 0.276562 0.247222 0.107031 0.131944
0 0.151367 0.251389 0.087109 0.095833
0 0.350391 0.262153 0.091406 0.114583
0 0.435156 0.272569 0.108594 0.134028
0 0.504102 0.293056 0.058984 0.101389
0 0.709180 0.295833 0.081641 0.137500
0 0.777734 0.685764 0.236719 0.213194
0 0.525977 0.683681 0.144141 0.138194
0 0.413477 0.637847 0.143359 0.172917
0 0.402539 0.635764 0.188672 0.170139
0 0.250000 0.630903 0.106250 0.122917
0 0.207813 0.260764 0.067187 0.088194
