0 0.076563 0.269792 0.067187 0.109028
0 0.110547 0.266319 0.082812 0.111806
0 0.155859 0.284028 0.046875 0.081944
0 0.188477 0.275694 0.055078 0.097222
0 0.198828 0.274306 0.082812 0.097222
0 0.307812 0.282292 0.092188 0.104861
0 0.424414 0.292014 0.119141 0.121528
0 0.335352 0.289583 0.091797 0.094444
0 0.490039 0.300000 0.086328 0.113889
0 0.567969 0.304167 0.109375 0.134722
0 0.642578 0.327431 0.070312 0.102083
0 0.843359 0.326389 0.100000 0.140278
0 0.819531 0.707986 0.230469 0.209028
0 0.585938 0.701042 0.143750 0.138194
0 0.509961 0.664583 0.181641 0.172222
0 0.463672 0.655903 0.196094 0.178472
0 0.313867 0.661458 0.101172 0.120139
