0 0.164062 0.292014 0.067187 0.111806
0 0.222461 0.291667 0.106641 0.109722
0 0.262109 0.299653 0.057813 0.088194
0 0.319531 0.307986 0.066406 0.088194
0 0.318945 0.299653 0.080859 0.099306
0 0.399219 0.302431 0.093750 0.106250
0 0.494531 0.303472 0.089844 0.127778
0 0.479102 0.305208 0.080078 0.111806
0 0.564453 0.314236 0.083594 0.109028
0 0.632812 0.320139 0.115625 0.133333
0 0.699609 0.337153 0.069531 0.104861
0 0.902344 0.332986 0.100000 0.142361
0 0.760547 0.708681 0.192969 0.202083
0 0.550977 0.714236 0.141016 0.125694
0 0.500391 0.677431 0.203906 0.182639
0 0.429492 0.664236 0.198828 0.167361
0 0.272070 0.673264 0.098047 0.121528
