0 0.023633 0.237153 0.047266 0.099306
0 0.034570 0.233333 0.070703 0.095833
0 0.148047 0.238194 0.092188 0.104167
0 0.253906 0.245139 0.100000 0.133333
0 0.128320 0.246528 0.086328 0.094444
0 0.330469 0.260417 0.088281 0.113889
0 0.417773 0.271875 0.107422 0.134028
0 0.485352 0.293056 0.060547 0.101389
0 0.693359 0.292014 0.073438 0.135417
0 0.771875 0.685764 0.227344 0.213194
0 0.514453 0.683681 0.135156 0.138194
0 0.400000 0.636111 0.142187 0.173611
0 0.395117 0.631250 0.186328 0.169444
0 0.236914 0.626736 0.107422 0.121528
0 0.179688 0.258681 0.065625 0.085417
