0 0.040039 0.255903 0.067578 0.109028
0 0.069922 0.255208 0.076563 0.115972
0 0.120508 0.268750 0.047266 0.087500
0 0.141797 0.269097 0.051562 0.099306
0 0.158398 0.261111 0.094922 0.095833
0 0.268750 0.269444 0.092188 0.104167
0 0.371680 0.278819 0.108984 0.124306
0 0.284375 0.277778 0.090625 0.095833
0 0.442969 0.290278 0.074219 0.113889
0 0.529883 0.292708 0.107422 0.134028
0 0.599805 0.314236 0.058203 0.099306
0 0.807422 0.316319 0.093750 0.139583
0 0.812305 0.700347 0.221484 0.209028
0 0.572852 0.693750 0.140234 0.138889
0 0.480859 0.654514 0.168750 0.171528
0 0.450000 0.649306 0.197656 0.175000
0 0.296875 0.651736 0.101562 0.115972
