0 0.206250 0.285417 0.082812 0.112500
0 0.263867 0.282986 0.094141 0.117361
0 0.300391 0.286458 0.059375 0.092361
0 0.360742 0.297917 0.063672 0.087500
0 0.366992 0.287847 0.080859 0.100694
0 0.436523 0.291319 0.100391 0.111806
0 0.517188 0.293750 0.094531 0.122222
0 0.584961 0.305208 0.073828 0.113194
0 0.657031 0.305556 0.116406 0.131944
0 0.714648 0.319444 0.080078 0.097222
0 0.916211 0.314931 0.098047 0.142361
0 0.731055 0.689236 0.198828 0.207639
0 0.525781 0.690972 0.139844 0.138889
0 0.489648 0.660417 0.201953 0.168056
0 0.414648 0.647917 0.194141 0.165278
0 0.250391 0.661806 0.101562 0.119444
