0 0.128320 0.285417 0.074609 0.109722
0 0.164258 0.284375 0.094141 0.109028
0 0.208789 0.294097 0.057422 0.092361
0 0.251563 0.303125 0.057813 0.084028
0 0.263477 0.288889 0.083203 0.097222
0 0.351953 0.293403 0.089844 0.102083
0 0.473047 0.303125 0.097656 0.117361
0 0.414648 0.302431 0.093359 0.095139
0 0.533984 0.311806 0.091406 0.112500
0 0.606250 0.313542 0.114844 0.134028
0 0.678711 0.330208 0.065234 0.095139
0 0.883789 0.330903 0.096484 0.142361
0 0.806445 0.710069 0.209766 0.211806
0 0.580273 0.708333 0.133203 0.133333
0 0.524609 0.674306 0.200000 0.169444
0 0.465039 0.663889 0.193359 0.175000
0 0.312891 0.675694 0.100781 0.113889
