0 0.188086 0.288194 0.075391 0.112500
0 0.246289 0.286806 0.098047 0.113889
0 0.286328 0.290625 0.059375 0.090972
0 0.344336 0.302431 0.065234 0.088194
0 0.345117 0.293403 0.076172 0.100694
0 0.420898 0.296528 0.098047 0.109722
0 0.509180 0.296528 0.095703 0.127778
0 0.570312 0.309722 0.065625 0.111111
0 0.648047 0.311458 0.117969 0.132639
0 0.706250 0.326736 0.072656 0.100694
0 0.910742 0.322569 0.098828 0.142361
0 0.739453 0.697569 0.196875 0.204861
0 0.534961 0.700347 0.135547 0.132639
0 0.493750 0.668056 0.203125 0.175000
0 0.420312 0.654861 0.196094 0.166667
0 0.259180 0.664236 0.100391 0.124306
