0 0.010352 0.239236 0.020703 0.088194
0 0.023633 0.230556 0.047266 0.095833
0 0.124219 0.240625 0.092969 0.104861
0 0.225195 0.247222 0.098047 0.134722
0 0.095508 0.245139 0.085547 0.093056
0 0.301367 0.262153 0.083984 0.113194
0 0.395117 0.270833 0.106641 0.134722
0 0.464453 0.290278 0.064062 0.101389
0 0.669531 0.294792 0.065625 0.134028
0 0.761133 0.685417 0.241797 0.213889
0 0.499023 0.684375 0.133984 0.138194
0 0.381641 0.635417 0.141406 0.175000
0 0.379688 0.629514 0.191406 0.168750
0 0.217578 0.628819 0.108594 0.120139
0 0.151953 0.252778 0.064062 0.083333
