0 0.216406 0.283333 0.088281 0.112500
0 0.274023 0.281597 0.094141 0.117361
0 0.306445 0.286806 0.058203 0.093056
0 0.370508 0.295139 0.064453 0.088889
0 0.379688 0.285764 0.089063 0.100694
0 0.444922 0.289583 0.100000 0.112500
0 0.521875 0.293056 0.095312 0.120833
0 0.592187 0.302083 0.076563 0.113889
0 0.660547 0.303472 0.114062 0.131944
0 0.716992 0.315972 0.078516 0.095833
0 0.920898 0.312500 0.094922 0.141667
0 0.728125 0.686458 0.198437 0.207639
0 0.522070 0.686806 0.145703 0.141667
0 0.494336 0.653819 0.201953 0.165972
0 0.410938 0.645833 0.192969 0.165278
0 0.247461 0.662847 0.101953 0.114583
