0 0.159766 0.292014 0.067187 0.111806
0 0.214648 0.291667 0.105859 0.109722
0 0.255664 0.301042 0.057422 0.086806
0 0.311328 0.306944 0.064062 0.087500
0 0.314453 0.298958 0.085938 0.097917
0 0.392969 0.302431 0.092969 0.104861
0 0.493945 0.309722 0.091797 0.115278
0 0.472852 0.306597 0.080859 0.109028
0 0.556445 0.312847 0.075391 0.113194
0 0.639258 0.320139 0.133203 0.133333
0 0.698828 0.336111 0.071094 0.104167
0 0.900000 0.332986 0.099219 0.142361
0 0.768359 0.709028 0.191406 0.202778
0 0.554102 0.714236 0.138672 0.127083
0 0.503125 0.678125 0.202344 0.178472
0 0.434375 0.664931 0.199219 0.165972
0 0.277344 0.676736 0.098437 0.115972
