0 0.064648 0.265972 0.067578 0.108333
0 0.098437 0.263194 0.079687 0.112500
0 0.143750 0.280556 0.045312 0.083333
0 0.173047 0.273958 0.051562 0.100694
0 0.189062 0.271875 0.089063 0.096528
0 0.296289 0.280208 0.092578 0.104861
0 0.409961 0.290278 0.126172 0.122222
0 0.317969 0.287153 0.091406 0.093750
0 0.475195 0.298264 0.079297 0.114583
0 0.555859 0.302778 0.107031 0.134722
0 0.627539 0.324306 0.060547 0.100000
0 0.833203 0.324653 0.099219 0.139583
0 0.816602 0.707986 0.222266 0.207639
0 0.582031 0.700694 0.140625 0.138889
0 0.501172 0.662153 0.178906 0.171528
0 0.461914 0.653819 0.198047 0.177083
0 0.308398 0.656597 0.101172 0.122917
