0 0.031641 0.237847 0.062500 0.113194
0 0.071094 0.252778 0.049219 0.084722
0 0.090234 0.252083 0.053906 0.095833
0 0.104883 0.244792 0.092578 0.096528
0 0.223828 0.255556 0.090625 0.102778
0 0.332227 0.261111 0.117578 0.127778
0 0.223438 0.263194 0.089063 0.098611
0 0.404883 0.275347 0.083984 0.111806
0 0.487695 0.277431 0.109766 0.132639
0 0.561133 0.302431 0.066016 0.100694
0 0.768945 0.303472 0.084766 0.140278
0 0.806250 0.688194 0.241406 0.212500
0 0.558984 0.683681 0.139063 0.138194
0 0.447266 0.642361 0.165625 0.170833
0 0.431445 0.642014 0.196484 0.171528
0 0.279492 0.637847 0.102734 0.124306
0 0.276367 0.270139 0.065234 0.095833
