0 0.100195 0.275347 0.071484 0.109028
0 0.132227 0.273264 0.088672 0.110417
0 0.180664 0.283333 0.056641 0.088889
0 0.211914 0.284028 0.051172 0.090278
0 0.222266 0.278472 0.078906 0.098611
0 0.329883 0.284722 0.091016 0.104167
0 0.446875 0.294097 0.098437 0.118750
0 0.368359 0.293750 0.093750 0.094444
0 0.503906 0.303472 0.081250 0.113889
0 0.588477 0.307639 0.121484 0.134722
0 0.654883 0.326042 0.058984 0.103472
0 0.863672 0.331250 0.101562 0.141667
0 0.817383 0.707986 0.229297 0.213194
0 0.589844 0.702431 0.142187 0.136806
0 0.521875 0.668056 0.194531 0.172222
0 0.468164 0.657986 0.192578 0.179861
0 0.318945 0.665278 0.101172 0.116667
