0 0.981055 0.525694 0.036328 0.527778
0 0.846094 0.515972 0.130469 0.358333
0 0.758398 0.411111 0.219141 0.358333
0 0.860742 0.400347 0.276172 0.371528
0 0.901172 0.190625 0.188281 0.186806
0 0.631250 0.461806 0.190625 0.411111
0 0.932227 0.053819 0.088672 0.077083
0 0.890820 0.109028 0.073047 0.065278
0 0.120508 0.670833 0.241016 0.366667
0 0.891406 0.054514 0.074219 0.074306
0 0.964453 0.060069 0.057813 0.065972
0 0.754687 0.072917 0.092188 0.088889
0 0.415625 0.121875 0.030469 0.082639
0 0.362500 0.144444 0.078125 0.102778
0 0.064648 0.313542 0.128516 0.178472
0 0.080664 0.157639 0.061328 0.076389
0 0.034180 0.200694 0.053516 0.079167
0 0.739453 0.153125 0.089063 0.138194
0 0.829492 0.139931 0.057422 0.153472
0 0.861719 0.070486 0.042188 0.078472
0 0.576953 0.134028 0.097656 0.119444
0 0.645312 0.098264 0.095312 0.097917
0 0.675586 0.175000 0.140234 0.168056
0 0.646875 0.176042 0.078125 0.165972
0 0.653125 0.081250 0.028906 0.069444
