0 0.895117 0.364236 0.208203 0.354861
0 0.858398 0.437847 0.175391 0.407639
0 0.338672 0.634722 0.264062 0.377778
0 0.113672 0.538542 0.150000 0.485417
0 0.945703 0.042014 0.089844 0.074306
0 0.656641 0.087500 0.033594 0.084722
0 0.605469 0.114931 0.079687 0.109028
0 0.297070 0.289583 0.125391 0.197222
0 0.322656 0.123264 0.064062 0.078472
0 0.245508 0.167708 0.069141 0.081250
0 0.216992 0.133333 0.060547 0.086111
0 0.969531 0.117708 0.059375 0.121528
0 0.777734 0.105556 0.098437 0.120833
0 0.834766 0.061458 0.094531 0.081250
0 0.910352 0.139236 0.138672 0.168750
0 0.895703 0.139931 0.071875 0.156250
0 0.897070 0.046875 0.028516 0.078472
