0 0.940625 0.325000 0.117188 0.370833
0 0.509961 0.580903 0.279297 0.368750
0 0.292578 0.469097 0.143750 0.489583
0 0.842187 0.030208 0.029687 0.060417
0 0.781836 0.055208 0.080859 0.106250
0 0.477930 0.230903 0.134766 0.200694
0 0.504492 0.068056 0.063672 0.084722
0 0.383984 0.115625 0.062500 0.086806
0 0.391602 0.075000 0.051953 0.093056
0 0.166406 0.115625 0.082812 0.122917
0 0.071094 0.114931 0.046875 0.054861
0 0.038477 0.099653 0.050391 0.089583
0 0.909375 0.050000 0.100781 0.100000
0 0.964258 0.020833 0.069922 0.041667
