0 0.924219 0.560069 0.150000 0.521528
0 0.747266 0.552778 0.153125 0.356944
0 0.676953 0.438889 0.225781 0.355556
0 0.777344 0.438889 0.301563 0.379167
0 0.841016 0.226389 0.171094 0.215278
0 0.544141 0.494097 0.232813 0.396528
0 0.846875 0.086111 0.081250 0.075000
0 0.809375 0.142708 0.057813 0.065972
0 0.939453 0.159028 0.077344 0.112500
0 0.931836 0.103472 0.056641 0.062500
0 0.073633 0.700000 0.147266 0.356944
0 0.786523 0.092708 0.085547 0.075694
0 0.908984 0.085069 0.056250 0.084028
0 0.866211 0.095486 0.060547 0.061806
0 0.679102 0.105208 0.093359 0.086806
0 0.311328 0.154514 0.033594 0.077083
0 0.257031 0.177778 0.084375 0.104167
0 0.643945 0.194097 0.067578 0.139583
0 0.735547 0.180556 0.058594 0.156944
0 0.753906 0.106944 0.037500 0.075000
0 0.498047 0.166667 0.100781 0.113889
0 0.567969 0.123264 0.084375 0.081250
0 0.590820 0.205556 0.141016 0.158333
0 0.544141 0.210417 0.083594 0.163889
0 0.548633 0.119444 0.030078 0.069444
