0 0.585938 0.636806 0.278125 0.519444
0 0.362891 0.630556 0.185938 0.352778
0 0.890625 0.521875 0.146094 0.324306
0 0.363086 0.510417 0.235547 0.347222
0 0.951953 0.461458 0.094531 0.382639
0 0.845703 0.342708 0.164062 0.220139
0 0.457617 0.515625 0.241016 0.364583
0 0.667773 0.318750 0.173047 0.238889
0 0.751367 0.255208 0.168359 0.222917
0 0.135547 0.579167 0.225000 0.404167
0 0.935156 0.177778 0.042188 0.122222
0 0.950195 0.145833 0.066016 0.058333
0 0.851172 0.145833 0.045312 0.059722
0 0.594141 0.152083 0.089844 0.072222
0 0.565625 0.169444 0.060156 0.056944
0 0.550391 0.219097 0.083594 0.081250
0 0.549023 0.243056 0.098047 0.123611
0 0.525000 0.183333 0.058594 0.062500
0 0.487500 0.170486 0.107813 0.089583
0 0.401562 0.167361 0.076563 0.075000
0 0.322656 0.264931 0.089844 0.115972
0 0.342773 0.255903 0.064453 0.150694
0 0.348047 0.177431 0.057813 0.065972
0 0.267578 0.227431 0.098437 0.118750
0 0.297070 0.188889 0.077734 0.080556
0 0.211719 0.281944 0.133594 0.165278
0 0.147656 0.291319 0.089844 0.177083
0 0.175000 0.240625 0.108594 0.124306
0 0.146680 0.198611 0.041016 0.086111
