0 0.297852 0.534722 0.274609 0.512500
0 0.090430 0.532986 0.180859 0.356250
0 0.630859 0.421528 0.157031 0.316667
0 0.747461 0.416319 0.108203 0.321528
0 0.891602 0.335417 0.115234 0.343056
0 0.087695 0.404514 0.175391 0.343750
0 0.693555 0.346528 0.146484 0.345833
0 0.623633 0.257292 0.149609 0.249306
0 0.192188 0.405556 0.246875 0.368056
0 0.437695 0.222222 0.144922 0.244444
0 0.958398 0.169097 0.081641 0.157639
0 0.480469 0.149653 0.172656 0.210417
0 0.948633 0.047569 0.073828 0.078472
0 0.903711 0.044792 0.105859 0.089583
0 0.815234 0.034375 0.043750 0.061806
0 0.655664 0.076389 0.041797 0.126389
0 0.670703 0.044792 0.068750 0.053472
0 0.576562 0.050347 0.039062 0.059028
0 0.350000 0.052778 0.088281 0.072222
0 0.298242 0.065972 0.057422 0.052778
0 0.319336 0.113889 0.069922 0.081944
0 0.261914 0.139931 0.091797 0.121528
0 0.245703 0.078472 0.049219 0.063889
0 0.224805 0.063889 0.084766 0.081944
0 0.125586 0.065972 0.079297 0.068056
0 0.067773 0.145833 0.075391 0.120833
0 0.054102 0.152431 0.048828 0.164583
0 0.068164 0.075347 0.052734 0.071528
0 0.041797 0.128819 0.083594 0.129861
0 0.027539 0.074306 0.055078 0.066667
