0 0.899219 0.368056 0.200000 0.363889
0 0.880859 0.425694 0.180469 0.406944
0 0.357031 0.632639 0.278125 0.366667
0 0.139648 0.533333 0.147266 0.473611
0 0.961133 0.039236 0.074609 0.072917
0 0.680078 0.079861 0.033594 0.086111
0 0.627930 0.109028 0.078516 0.106944
0 0.320898 0.279861 0.128516 0.190278
0 0.346094 0.119444 0.060937 0.079167
0 0.262695 0.163194 0.068359 0.091667
0 0.243750 0.126736 0.062500 0.089583
0 0.026953 0.152083 0.053906 0.125000
0 0.793945 0.101042 0.104297 0.122917
0 0.851172 0.054167 0.093750 0.080556
0 0.930078 0.134722 0.132031 0.175000
0 0.919336 0.131597 0.072266 0.153472
0 0.920508 0.042361 0.029297 0.075000
