0 0.967773 0.497222 0.063672 0.366667
0 0.887109 0.380208 0.224219 0.365972
0 0.943359 0.401736 0.111719 0.410417
0 0.807617 0.447569 0.180859 0.402083
0 0.276953 0.650694 0.289062 0.387500
0 0.064062 0.544792 0.128906 0.481250
0 0.901758 0.048264 0.087891 0.072917
0 0.598828 0.096181 0.035156 0.085417
0 0.548438 0.121875 0.078125 0.104861
0 0.245312 0.296528 0.136719 0.198611
0 0.267578 0.132639 0.063281 0.077778
0 0.196680 0.174653 0.062891 0.084028
0 0.160938 0.139236 0.056250 0.082639
0 0.912891 0.129514 0.092188 0.129861
0 0.733008 0.114236 0.095703 0.122917
0 0.791211 0.070139 0.086328 0.081944
0 0.855273 0.154514 0.133203 0.179861
0 0.836523 0.154167 0.072266 0.170833
0 0.838281 0.052778 0.031250 0.069444
