0 0.410742 0.594097 0.276953 0.521528
0 0.172852 0.587153 0.148828 0.354861
0 0.745508 0.472569 0.184766 0.309028
0 0.855469 0.461806 0.112500 0.300000
0 0.970508 0.390278 0.058984 0.341667
0 0.180078 0.471875 0.222656 0.361806
0 0.826562 0.407292 0.213281 0.364583
0 0.694336 0.294792 0.163672 0.221528
0 0.291602 0.477083 0.231641 0.377778
0 0.543555 0.268750 0.219922 0.234722
0 0.573047 0.207639 0.182031 0.211111
0 0.069922 0.525000 0.139844 0.437500
0 0.978125 0.087153 0.042969 0.109028
0 0.918945 0.088542 0.044141 0.059028
0 0.763672 0.128125 0.054688 0.124306
0 0.774219 0.102083 0.066406 0.056944
0 0.677539 0.104861 0.043359 0.056944
0 0.435937 0.105903 0.090625 0.075694
0 0.400195 0.120833 0.063672 0.058333
0 0.396484 0.173958 0.085938 0.079861
0 0.361328 0.195486 0.093750 0.118750
0 0.343945 0.136806 0.062109 0.061111
0 0.316797 0.116667 0.093750 0.086111
0 0.225781 0.121181 0.079687 0.072917
0 0.153320 0.215278 0.088672 0.112500
0 0.160156 0.210764 0.059375 0.167361
0 0.169336 0.129514 0.067578 0.068750
0 0.112305 0.184028 0.104297 0.116667
0 0.116406 0.144792 0.085156 0.088194
0 0.051562 0.229514 0.100781 0.154861
