0 0.902344 0.360417 0.193750 0.372222
0 0.907227 0.415972 0.184766 0.404167
0 0.385937 0.621181 0.281250 0.370139
0 0.163086 0.518750 0.145703 0.468056
0 0.707422 0.070139 0.033594 0.084722
0 0.652930 0.098958 0.079297 0.110417
0 0.346289 0.271181 0.127734 0.195139
0 0.373437 0.108681 0.057813 0.081250
0 0.280469 0.158333 0.068750 0.095833
0 0.268945 0.120486 0.059766 0.093750
0 0.039258 0.147222 0.078516 0.115278
0 0.815625 0.091319 0.100781 0.124306
0 0.868359 0.043750 0.089063 0.077778
0 0.942578 0.121875 0.113281 0.172917
0 0.944531 0.123958 0.074219 0.164583
