0 0.925000 0.329861 0.148438 0.372222
0 0.951953 0.380208 0.095312 0.385417
0 0.464453 0.593750 0.281250 0.383333
0 0.239063 0.476389 0.142969 0.469444
0 0.785352 0.038194 0.031641 0.075000
0 0.726367 0.065972 0.073828 0.108333
0 0.419922 0.237500 0.133594 0.190278
0 0.450781 0.077431 0.064062 0.082639
0 0.341992 0.123958 0.067578 0.093750
0 0.342383 0.089236 0.066016 0.097917
0 0.111523 0.120139 0.082422 0.112500
0 0.017578 0.123264 0.033594 0.056250
0 0.868164 0.060417 0.102734 0.116667
0 0.927734 0.023264 0.086719 0.046528
0 0.978516 0.096181 0.041406 0.168750
