0 0.657227 0.654167 0.276172 0.530556
0 0.420703 0.644097 0.153906 0.345139
0 0.943359 0.532639 0.110156 0.320833
0 0.420703 0.529514 0.213281 0.356250
0 0.896875 0.350000 0.155469 0.216667
0 0.544531 0.536458 0.235156 0.381250
0 0.724609 0.331250 0.192969 0.231944
0 0.818555 0.263194 0.166797 0.209722
0 0.194531 0.594444 0.219531 0.409722
0 0.926172 0.163542 0.046875 0.068750
0 0.655078 0.168056 0.088281 0.073611
0 0.631641 0.178125 0.060937 0.059028
0 0.613672 0.237500 0.077344 0.084722
0 0.615430 0.255208 0.075391 0.117361
0 0.598047 0.201736 0.055469 0.071528
0 0.542773 0.185417 0.095703 0.088889
0 0.471484 0.180556 0.077344 0.077778
0 0.375977 0.273958 0.083203 0.120139
0 0.415820 0.273611 0.064453 0.161111
0 0.418359 0.192361 0.064844 0.065278
0 0.328906 0.242361 0.102344 0.112500
0 0.359766 0.201389 0.079687 0.081944
0 0.279297 0.292361 0.136719 0.163889
0 0.222461 0.309028 0.083984 0.181944
0 0.248828 0.264583 0.110156 0.138889
0 0.217383 0.213542 0.037109 0.088194
