0 0.290430 0.513542 0.264453 0.515972
0 0.071875 0.511806 0.137500 0.359722
0 0.646875 0.404167 0.166406 0.330556
0 0.749414 0.390278 0.105078 0.319444
0 0.892578 0.305208 0.112500 0.340972
0 0.084375 0.387153 0.168750 0.345139
0 0.692578 0.334028 0.153125 0.365278
0 0.738867 0.255903 0.126172 0.164583
0 0.647070 0.231250 0.151953 0.251389
0 0.223633 0.386458 0.250391 0.375694
0 0.462891 0.196528 0.159375 0.237500
0 0.967578 0.153472 0.063281 0.170833
0 0.483008 0.127431 0.173828 0.213194
0 0.954688 0.036111 0.074219 0.072222
0 0.655859 0.053125 0.038281 0.106250
0 0.677539 0.026736 0.067578 0.052083
0 0.579883 0.028472 0.043359 0.056944
0 0.361914 0.031597 0.087109 0.063194
0 0.301563 0.043403 0.052344 0.049306
0 0.331055 0.092014 0.075391 0.081250
0 0.266211 0.118403 0.101953 0.115972
0 0.248242 0.057639 0.055078 0.061111
0 0.226562 0.043403 0.084375 0.078472
0 0.129297 0.044444 0.078906 0.075000
0 0.081250 0.127778 0.106250 0.130556
0 0.055273 0.135764 0.049609 0.157639
0 0.069727 0.050347 0.055859 0.072917
0 0.046680 0.116319 0.093359 0.145139
0 0.027930 0.053819 0.055859 0.072917
