0 0.807813 0.673264 0.285938 0.528472
0 0.549805 0.663889 0.173047 0.351389
0 0.531250 0.553472 0.228125 0.373611
0 0.959961 0.375000 0.078516 0.233333
0 0.642578 0.539583 0.279687 0.368056
0 0.772070 0.343750 0.187109 0.209722
0 0.936719 0.280556 0.125000 0.215278
0 0.329492 0.610069 0.254297 0.400694
0 0.747461 0.188889 0.087891 0.065278
0 0.702734 0.255556 0.072656 0.079167
0 0.754102 0.255903 0.073047 0.097917
0 0.738281 0.216319 0.050781 0.067361
0 0.648047 0.205556 0.095312 0.083333
0 0.591211 0.201389 0.073047 0.072222
0 0.122266 0.260069 0.033594 0.077083
0 0.067187 0.279167 0.082812 0.104167
0 0.485352 0.291667 0.080859 0.116667
0 0.554102 0.289236 0.076953 0.163194
0 0.560937 0.212153 0.048438 0.072917
0 0.401562 0.273611 0.114062 0.129167
0 0.459180 0.220486 0.092578 0.072917
0 0.411523 0.315278 0.129297 0.162500
0 0.362109 0.318056 0.078125 0.170833
0 0.358984 0.228125 0.035156 0.079861
