0 0.306250 0.551389 0.277344 0.512500
0 0.079687 0.545139 0.157812 0.340278
0 0.633594 0.441319 0.154688 0.315972
0 0.753711 0.427778 0.112109 0.315278
0 0.892969 0.352083 0.107813 0.348611
0 0.094531 0.425000 0.189062 0.347222
0 0.698047 0.367361 0.142969 0.354167
0 0.616016 0.265625 0.149219 0.236806
0 0.200586 0.430903 0.242578 0.381250
0 0.441797 0.236111 0.162500 0.240278
0 0.957227 0.185069 0.083984 0.160417
0 0.481641 0.166319 0.168750 0.200694
0 0.952148 0.063889 0.074609 0.077778
0 0.903320 0.049653 0.106641 0.099306
0 0.817969 0.050347 0.042969 0.057639
0 0.662891 0.090625 0.046094 0.121528
0 0.679492 0.062153 0.065234 0.054861
0 0.579883 0.065972 0.038672 0.061111
0 0.350586 0.068750 0.091016 0.073611
0 0.303711 0.082292 0.058984 0.052083
0 0.315039 0.129514 0.066797 0.079861
0 0.266016 0.156944 0.085938 0.118056
0 0.251172 0.095486 0.053906 0.056250
0 0.226953 0.078819 0.084375 0.082639
0 0.130664 0.081250 0.078516 0.069444
0 0.069531 0.168403 0.082031 0.111806
0 0.059375 0.169792 0.050781 0.157639
0 0.071875 0.092014 0.056250 0.074306
0 0.036719 0.139236 0.073438 0.114583
0 0.030078 0.092708 0.060156 0.072917
