0 0.681445 0.650000 0.276172 0.525000
0 0.442773 0.648264 0.160547 0.359028
0 0.956836 0.524306 0.084766 0.311111
0 0.449023 0.537500 0.207422 0.377778
0 0.911328 0.351389 0.153906 0.215278
0 0.577930 0.530903 0.259766 0.374306
0 0.738281 0.326389 0.193750 0.230556
0 0.844531 0.264583 0.166406 0.206944
0 0.221680 0.592014 0.211328 0.418750
0 0.952344 0.159375 0.040625 0.063194
0 0.676953 0.166319 0.089063 0.074306
0 0.657617 0.178125 0.064453 0.061806
0 0.638086 0.232639 0.080078 0.073611
0 0.640820 0.256944 0.077734 0.120833
0 0.621680 0.201736 0.055078 0.070139
0 0.563281 0.182292 0.087500 0.084028
0 0.492383 0.179861 0.078516 0.076389
0 0.015625 0.234722 0.031250 0.080556
0 0.404883 0.272569 0.090234 0.117361
0 0.442578 0.272222 0.063281 0.158333
0 0.446289 0.190625 0.059766 0.070139
0 0.345508 0.243056 0.108203 0.118056
0 0.381836 0.199653 0.077734 0.082639
0 0.307031 0.293750 0.138281 0.166667
0 0.252539 0.297917 0.087891 0.175000
0 0.270508 0.257986 0.108203 0.135417
0 0.244922 0.212500 0.038281 0.088889
