0 0.936328 0.498958 0.125781 0.357639
0 0.840234 0.385417 0.260937 0.375000
0 0.912305 0.391667 0.173828 0.372222
0 0.951562 0.170833 0.095312 0.194444
0 0.743164 0.439236 0.202734 0.409028
0 0.974805 0.082986 0.049609 0.063194
0 0.205078 0.652083 0.283594 0.370833
0 0.023633 0.529861 0.048047 0.455556
0 0.981055 0.039931 0.035547 0.078472
0 0.845898 0.053472 0.099609 0.081944
0 0.521484 0.100694 0.030469 0.083333
0 0.469922 0.125000 0.076563 0.108333
0 0.163281 0.299653 0.117969 0.185417
0 0.189258 0.137153 0.061328 0.077083
0 0.134180 0.180903 0.069922 0.084028
0 0.076953 0.143403 0.052344 0.082639
0 0.835742 0.136806 0.092578 0.133333
0 0.936133 0.125347 0.064453 0.175694
0 0.967383 0.045139 0.042578 0.070833
0 0.664648 0.115972 0.098828 0.118056
0 0.727539 0.072569 0.088672 0.082639
0 0.780469 0.155208 0.146094 0.167361
0 0.753516 0.158333 0.075781 0.176389
0 0.759961 0.057639 0.031641 0.073611
