0 0.963867 0.529167 0.070703 0.540278
0 0.815234 0.527083 0.137500 0.356944
0 0.736133 0.415972 0.206641 0.365278
0 0.841602 0.416319 0.298047 0.374306
0 0.879687 0.202431 0.186719 0.196528
0 0.591211 0.468056 0.180859 0.398611
0 0.909766 0.065972 0.082812 0.073611
0 0.863672 0.118750 0.071875 0.070833
0 0.103516 0.679861 0.207031 0.373611
0 0.858398 0.064236 0.072266 0.075694
0 0.980664 0.059375 0.037891 0.079861
0 0.938086 0.071875 0.058984 0.067361
0 0.726758 0.082292 0.096484 0.082639
0 0.382422 0.132639 0.030469 0.080556
0 0.329883 0.155208 0.080859 0.109028
0 0.050977 0.321181 0.101953 0.184028
0 0.048438 0.170139 0.060156 0.079167
0 0.016602 0.210417 0.032422 0.088889
0 0.704102 0.167708 0.096484 0.134028
0 0.797266 0.152778 0.060156 0.152778
0 0.825781 0.084375 0.035937 0.081250
0 0.554688 0.138889 0.103125 0.125000
0 0.618164 0.107986 0.092578 0.097917
0 0.647266 0.182639 0.139063 0.161111
0 0.615625 0.189583 0.081250 0.161111
0 0.619727 0.090625 0.030078 0.070139
