0 0.546484 0.625347 0.280469 0.518750
0 0.311133 0.619792 0.151953 0.353472
0 0.859766 0.504861 0.153125 0.315278
0 0.967187 0.493750 0.064062 0.311111
0 0.314844 0.499306 0.220312 0.359722
0 0.933398 0.442361 0.131641 0.363889
0 0.816211 0.330208 0.158984 0.217361
0 0.425781 0.498958 0.240625 0.359028
0 0.638867 0.310417 0.168359 0.243056
0 0.712305 0.237847 0.175391 0.218750
0 0.110156 0.563194 0.220312 0.415278
0 0.896484 0.166667 0.042188 0.123611
0 0.912305 0.136111 0.067578 0.056944
0 0.813672 0.134375 0.045312 0.056250
0 0.561328 0.139236 0.090625 0.072917
0 0.532422 0.155556 0.064844 0.056944
0 0.518359 0.209375 0.085156 0.079861
0 0.504687 0.229861 0.083594 0.125000
0 0.489648 0.167708 0.061328 0.063194
0 0.452734 0.157292 0.105469 0.092361
0 0.364063 0.154167 0.078906 0.080556
0 0.293555 0.243056 0.099609 0.109722
0 0.307422 0.238889 0.067969 0.154167
0 0.309570 0.166319 0.058203 0.071528
0 0.237695 0.215625 0.101953 0.118750
0 0.262695 0.173958 0.086328 0.084028
0 0.173047 0.269097 0.140625 0.161806
0 0.109570 0.277083 0.083984 0.170833
0 0.144336 0.227778 0.101953 0.125000
0 0.108594 0.188889 0.039062 0.087500
