0 0.867383 0.639236 0.263672 0.539583
0 0.625781 0.622917 0.167969 0.348611
0 0.573047 0.509722 0.219531 0.362500
0 0.692773 0.530208 0.298047 0.409028
0 0.797266 0.303819 0.165625 0.210417
0 0.972266 0.253125 0.053906 0.242361
0 0.416602 0.563194 0.267578 0.415278
0 0.744336 0.215972 0.069922 0.083333
0 0.831641 0.223958 0.058594 0.110417
0 0.813477 0.175000 0.055078 0.063889
0 0.696484 0.165972 0.096875 0.081944
0 0.793164 0.165972 0.046484 0.091667
0 0.784375 0.167708 0.081250 0.064583
0 0.626953 0.165972 0.096094 0.076389
0 0.192773 0.221875 0.032422 0.077083
0 0.142187 0.245833 0.088281 0.104167
0 0.533984 0.255556 0.083594 0.113889
0 0.620898 0.255556 0.064453 0.162500
0 0.633398 0.174653 0.045703 0.071528
0 0.445312 0.228472 0.108594 0.120833
0 0.509375 0.187500 0.094531 0.086111
0 0.479883 0.274653 0.132422 0.161806
0 0.432031 0.279861 0.085156 0.166667
0 0.432031 0.187500 0.032031 0.070833
