0 0.885938 0.611806 0.226562 0.520833
0 0.673828 0.605903 0.171094 0.353472
0 0.601172 0.491667 0.203906 0.369444
0 0.719531 0.490278 0.297656 0.372222
0 0.795117 0.281944 0.137891 0.204167
0 0.430273 0.545833 0.235547 0.408333
0 0.808398 0.138889 0.082422 0.079167
0 0.763867 0.199653 0.067578 0.084028
0 0.863477 0.210764 0.091797 0.109028
0 0.852734 0.156250 0.058594 0.065278
0 0.724805 0.146181 0.086328 0.085417
0 0.833984 0.141319 0.052344 0.089583
0 0.812500 0.153819 0.079687 0.068750
0 0.650391 0.153819 0.100000 0.086806
0 0.232227 0.204861 0.030859 0.079167
0 0.177930 0.228819 0.083203 0.102083
0 0.573242 0.238889 0.068359 0.125000
0 0.665430 0.232292 0.070703 0.156250
0 0.674609 0.155208 0.042969 0.072917
0 0.461133 0.205556 0.106641 0.118056
0 0.526758 0.168750 0.080078 0.080556
0 0.525195 0.257292 0.150391 0.164583
0 0.471484 0.261111 0.086719 0.166667
0 0.471875 0.167708 0.029687 0.067361
