0 0.945312 0.326389 0.107813 0.375000
0 0.531641 0.585417 0.275781 0.377778
0 0.309766 0.471181 0.145313 0.478472
0 0.857617 0.031597 0.033203 0.063194
0 0.797070 0.058681 0.080859 0.110417
0 0.488477 0.227431 0.126953 0.185417
0 0.518359 0.070486 0.065625 0.082639
0 0.394141 0.119792 0.059375 0.089583
0 0.406055 0.079167 0.053516 0.088889
0 0.176367 0.115625 0.072266 0.117361
0 0.082812 0.119097 0.045312 0.057639
0 0.055273 0.107639 0.047266 0.093056
0 0.921875 0.051736 0.097656 0.103472
0 0.967578 0.024653 0.063281 0.049306
