0 0.948633 0.548958 0.101172 0.534028
0 0.786914 0.537500 0.136328 0.358333
0 0.715430 0.421875 0.221484 0.357639
0 0.816406 0.420486 0.292969 0.386806
0 0.854688 0.211111 0.166406 0.197222
0 0.583203 0.482639 0.225781 0.402778
0 0.887695 0.072222 0.087891 0.072222
0 0.843555 0.125694 0.070703 0.070833
0 0.973047 0.147569 0.053125 0.120139
0 0.972852 0.086111 0.048047 0.066667
0 0.093945 0.692708 0.187891 0.375694
0 0.831836 0.075694 0.079297 0.077778
0 0.956445 0.070486 0.051953 0.081250
0 0.911719 0.080208 0.058594 0.068750
0 0.710742 0.092708 0.095703 0.088194
0 0.356445 0.143403 0.033203 0.079861
0 0.303711 0.163889 0.084766 0.109722
0 0.023633 0.331250 0.047266 0.177778
0 0.026953 0.178472 0.053906 0.083333
0 0.684766 0.175694 0.080469 0.126389
0 0.775195 0.160069 0.055859 0.154861
0 0.798633 0.091667 0.037891 0.076389
0 0.532031 0.148264 0.099219 0.115972
0 0.589258 0.111111 0.089453 0.084722
0 0.623242 0.190278 0.138672 0.155556
0 0.588672 0.200347 0.078906 0.172917
0 0.591602 0.101736 0.030078 0.068750
