0 0.491992 0.616319 0.280859 0.524306
0 0.254688 0.610417 0.151562 0.354167
0 0.816602 0.489583 0.178516 0.315278
0 0.935937 0.483681 0.112500 0.307639
0 0.267578 0.492014 0.227344 0.359028
0 0.905078 0.432639 0.189062 0.369444
0 0.767383 0.314236 0.160547 0.210417
0 0.375391 0.490972 0.229687 0.372222
0 0.605664 0.291319 0.200391 0.235417
0 0.654102 0.228472 0.180859 0.209722
0 0.094922 0.551042 0.189844 0.424306
0 0.842187 0.155208 0.046094 0.134028
0 0.854883 0.123611 0.067578 0.056944
0 0.759570 0.123958 0.041016 0.053472
0 0.509180 0.126389 0.090234 0.075000
0 0.479102 0.141667 0.063672 0.056944
0 0.472266 0.198958 0.078906 0.081250
0 0.446094 0.216667 0.083594 0.123611
0 0.431445 0.157292 0.058984 0.063194
0 0.397266 0.142361 0.100000 0.087500
0 0.309180 0.143403 0.076172 0.072917
0 0.237695 0.238542 0.094141 0.100694
0 0.250781 0.230208 0.067187 0.159028
0 0.251953 0.152778 0.061719 0.072222
0 0.188672 0.203125 0.100000 0.114583
0 0.211133 0.167708 0.077734 0.088194
0 0.113086 0.257639 0.140234 0.156944
0 0.055273 0.259722 0.090234 0.172222
0 0.089648 0.219792 0.099609 0.128472
0 0.052930 0.176736 0.036328 0.084028
