0 0.896875 0.594097 0.204687 0.527083
0 0.684375 0.589236 0.164062 0.360417
0 0.619141 0.472569 0.200781 0.371528
0 0.739648 0.472222 0.297266 0.373611
0 0.806836 0.258333 0.148828 0.191667
0 0.491797 0.525000 0.306250 0.413889
0 0.818750 0.120833 0.077344 0.077778
0 0.776367 0.179514 0.068359 0.072917
0 0.883984 0.195833 0.095312 0.120833
0 0.877344 0.138889 0.057031 0.065278
0 0.042969 0.710764 0.085938 0.307639
0 0.742969 0.127431 0.075000 0.077083
0 0.852930 0.118750 0.048047 0.087500
0 0.828125 0.128472 0.079687 0.066667
0 0.652344 0.134375 0.095312 0.079861
0 0.255469 0.185069 0.029687 0.078472
0 0.200586 0.210764 0.085547 0.103472
0 0.593555 0.219097 0.075391 0.121528
0 0.686719 0.213542 0.057813 0.160417
0 0.699023 0.136458 0.044922 0.071528
0 0.470703 0.192361 0.104688 0.116667
0 0.540234 0.156597 0.080469 0.086806
0 0.538281 0.238889 0.139844 0.158333
0 0.491992 0.239931 0.090234 0.164583
0 0.494727 0.150694 0.030859 0.073611
