0 0.710938 0.659375 0.269531 0.528472
0 0.482617 0.653472 0.185547 0.352778
0 0.966406 0.528472 0.065625 0.297222
0 0.478320 0.549653 0.221484 0.388194
0 0.927539 0.365625 0.141797 0.221528
0 0.556445 0.535417 0.298047 0.375000
0 0.732227 0.338542 0.165234 0.231250
0 0.872656 0.268403 0.163281 0.211806
0 0.257031 0.598611 0.224219 0.422222
0 0.982812 0.169444 0.031250 0.063889
0 0.697070 0.176736 0.090234 0.077083
0 0.677344 0.183681 0.058594 0.054861
0 0.671094 0.238194 0.111719 0.081944
0 0.682227 0.259722 0.091016 0.123611
0 0.655078 0.201736 0.044531 0.059028
0 0.590234 0.192361 0.078906 0.094444
0 0.521680 0.190278 0.082422 0.073611
0 0.039258 0.245833 0.031641 0.076389
0 0.413281 0.284375 0.082031 0.122917
0 0.479297 0.275347 0.078125 0.149306
0 0.481250 0.194792 0.055469 0.071528
0 0.357227 0.254514 0.112891 0.121528
0 0.408594 0.206597 0.080469 0.077083
0 0.337109 0.299306 0.133594 0.162500
0 0.281836 0.305903 0.086328 0.170139
0 0.304102 0.265972 0.101172 0.131944
0 0.278320 0.213542 0.034766 0.077083
