0 0.951953 0.497222 0.094531 0.362500
0 0.865820 0.387153 0.239453 0.368750
0 0.930859 0.393056 0.136719 0.391667
0 0.965625 0.169097 0.067187 0.210417
0 0.783203 0.443056 0.210156 0.404167
0 0.247852 0.650694 0.272266 0.384722
0 0.045508 0.534375 0.091016 0.465972
0 0.873633 0.053819 0.094922 0.081250
0 0.562109 0.097917 0.031250 0.084722
0 0.511328 0.123264 0.078125 0.109028
0 0.207422 0.296875 0.127344 0.192361
0 0.229102 0.133681 0.063672 0.075694
0 0.169141 0.177778 0.074219 0.087500
0 0.116797 0.139583 0.058594 0.087500
0 0.871875 0.131944 0.085938 0.133333
0 0.971484 0.125000 0.054688 0.187500
0 0.702930 0.117708 0.099609 0.122917
0 0.760156 0.070833 0.082812 0.081944
0 0.821289 0.152083 0.138672 0.170833
0 0.793945 0.160417 0.079297 0.181944
0 0.800781 0.052778 0.029687 0.066667
