1 0.891016 0.662847 0.025000 0.096528
1 0.824609 0.671875 0.027344 0.085417
1 0.765820 0.673958 0.027734 0.084028
1 0.747266 0.665278 0.023438 0.090278
1 0.698438 0.671875 0.026562 0.077083
1 0.699023 0.704514 0.059766 0.042361
1 0.562891 0.654167 0.047656 0.041667
1 0.578711 0.668056 0.057422 0.036111
1 0.496875 0.673611 0.059375 0.040278
1 0.552539 0.667361 0.054297 0.041667
1 0.502930 0.666319 0.058203 0.038194
1 0.449023 0.663542 0.051953 0.050694
1 0.447852 0.673958 0.049609 0.045139
1 0.408789 0.681250 0.053516 0.040278
1 0.400586 0.673264 0.048047 0.035417
1 0.334375 0.685764 0.050000 0.035417
1 0.316406 0.675694 0.042188 0.030556
