1 0.885352 0.664931 0.029297 0.092361
1 0.800195 0.676042 0.032422 0.082639
1 0.749414 0.672222 0.026172 0.088889
1 0.745117 0.664931 0.029297 0.088194
1 0.686133 0.701389 0.058203 0.040278
1 0.585547 0.681944 0.063281 0.045833
1 0.563867 0.654514 0.052734 0.036806
1 0.563281 0.657292 0.046875 0.040972
1 0.491211 0.673611 0.054297 0.043056
1 0.528711 0.668056 0.050391 0.040278
1 0.478516 0.668750 0.057031 0.041667
1 0.435937 0.666319 0.042969 0.043750
1 0.426172 0.678125 0.050000 0.038194
1 0.384961 0.685764 0.052734 0.036806
1 0.358984 0.678125 0.050781 0.035417
