1 0.885156 0.665625 0.029687 0.092361
1 0.796680 0.676389 0.031641 0.083333
1 0.748242 0.672569 0.025391 0.088194
1 0.745703 0.667361 0.032813 0.086111
1 0.676758 0.701389 0.057422 0.040278
1 0.579883 0.679167 0.064453 0.045833
1 0.563086 0.652431 0.048828 0.035417
1 0.559375 0.658681 0.043750 0.039583
1 0.490430 0.673958 0.054297 0.042361
1 0.526953 0.667361 0.048438 0.041667
1 0.475000 0.669792 0.057031 0.038194
1 0.432812 0.667361 0.045312 0.041667
1 0.422461 0.679167 0.048047 0.038889
1 0.382617 0.685417 0.054297 0.037500
1 0.349805 0.676389 0.051953 0.036111
