1 0.889258 0.664583 0.026172 0.093056
1 0.809375 0.673958 0.030469 0.084028
1 0.758203 0.671875 0.025781 0.086806
1 0.747070 0.663542 0.025391 0.092361
1 0.700391 0.700000 0.053906 0.048611
1 0.630664 0.703819 0.059766 0.043750
1 0.568945 0.662847 0.055859 0.045139
1 0.493945 0.673264 0.053516 0.042361
1 0.540039 0.668056 0.052734 0.041667
1 0.491016 0.663542 0.057031 0.040972
1 0.438867 0.661458 0.052734 0.053472
1 0.438086 0.676042 0.052734 0.042361
1 0.390430 0.684722 0.051172 0.037500
1 0.390820 0.674306 0.055078 0.037500
