1 0.889453 0.664931 0.027344 0.093750
1 0.829102 0.669792 0.027734 0.086806
1 0.770117 0.673611 0.028516 0.086111
1 0.749219 0.667014 0.024219 0.086806
1 0.700781 0.672222 0.029687 0.086111
1 0.714648 0.698264 0.059766 0.053472
1 0.563281 0.654514 0.044531 0.040972
1 0.579883 0.669444 0.056641 0.036111
1 0.498242 0.674306 0.058984 0.040278
1 0.555664 0.669444 0.055078 0.043056
1 0.507227 0.666319 0.057422 0.036806
1 0.452734 0.662847 0.051562 0.046528
1 0.452930 0.673611 0.051953 0.044444
1 0.414062 0.680208 0.057813 0.039583
1 0.404102 0.671875 0.047266 0.039583
1 0.350195 0.688889 0.059766 0.031944
1 0.342969 0.679861 0.046875 0.029167
