1 0.888672 0.665278 0.025781 0.094444
1 0.806641 0.675347 0.031250 0.082639
1 0.756250 0.671528 0.026562 0.087500
1 0.745508 0.664236 0.023047 0.092361
1 0.700195 0.700694 0.052734 0.044444
1 0.613281 0.698611 0.061719 0.045833
1 0.568359 0.661458 0.053125 0.040972
1 0.492969 0.673264 0.053125 0.042361
1 0.537500 0.668056 0.051562 0.043056
1 0.488281 0.664583 0.055469 0.040278
1 0.436523 0.662153 0.054297 0.053472
1 0.435547 0.676042 0.052344 0.040972
1 0.388477 0.685069 0.048828 0.036806
1 0.387695 0.674653 0.052734 0.034028
