1 0.885547 0.666319 0.029687 0.092361
1 0.791406 0.677083 0.030469 0.084722
1 0.746094 0.672569 0.024219 0.086806
1 0.745898 0.672222 0.035547 0.076389
1 0.666992 0.702431 0.058203 0.039583
1 0.576367 0.677431 0.064453 0.042361
1 0.561328 0.656250 0.047656 0.037500
1 0.554688 0.659375 0.041406 0.039583
1 0.489063 0.673958 0.056250 0.042361
1 0.524609 0.667014 0.049219 0.043750
1 0.470703 0.670139 0.057031 0.038889
1 0.429883 0.668056 0.045703 0.038889
1 0.418750 0.678125 0.047656 0.039583
1 0.379688 0.685417 0.053906 0.038889
1 0.341602 0.675000 0.051953 0.036111
