1 0.885742 0.667014 0.029297 0.092361
1 0.785352 0.676389 0.026953 0.086111
1 0.740430 0.671528 0.026953 0.087500
1 0.748242 0.678472 0.048828 0.066667
1 0.641016 0.700000 0.060937 0.040278
1 0.571680 0.676042 0.063672 0.039583
1 0.554883 0.657639 0.045703 0.036111
1 0.547070 0.659375 0.042578 0.040972
1 0.484766 0.673958 0.056250 0.039583
1 0.517188 0.667014 0.052344 0.042361
1 0.461328 0.670833 0.055469 0.038889
1 0.425000 0.668056 0.046094 0.036111
1 0.411719 0.679514 0.050000 0.040972
1 0.370312 0.686111 0.048438 0.034722
1 0.321094 0.670139 0.046875 0.043056
