1 0.888086 0.664931 0.026172 0.095139
1 0.805078 0.675694 0.030469 0.083333
1 0.754102 0.671181 0.026172 0.088194
1 0.744141 0.663889 0.024219 0.090278
1 0.698047 0.701042 0.054688 0.042361
1 0.601562 0.691319 0.061719 0.045139
1 0.566016 0.660417 0.050781 0.043056
1 0.492383 0.672569 0.054297 0.042361
1 0.534375 0.669097 0.050000 0.042361
1 0.485156 0.665278 0.054688 0.038889
1 0.434570 0.662847 0.054297 0.052083
1 0.433203 0.676389 0.053125 0.043056
1 0.387500 0.684375 0.048438 0.035417
1 0.379492 0.676736 0.053516 0.035417
