1 0.886914 0.664931 0.027734 0.093750
1 0.802344 0.674653 0.031250 0.084028
1 0.751758 0.671181 0.025391 0.088194
1 0.744141 0.664583 0.026562 0.088889
1 0.692773 0.701389 0.057422 0.040278
1 0.591797 0.685069 0.062500 0.043750
1 0.564258 0.657292 0.055078 0.039583
1 0.565820 0.657639 0.048047 0.044444
1 0.491211 0.672569 0.054297 0.042361
1 0.530078 0.666667 0.050781 0.041667
1 0.480664 0.668056 0.055859 0.044444
1 0.434961 0.664236 0.045703 0.046528
1 0.430273 0.676042 0.053516 0.038194
1 0.386523 0.685417 0.051172 0.037500
1 0.369531 0.679861 0.050781 0.034722
