1 0.885352 0.666319 0.029297 0.090972
1 0.782617 0.675347 0.026172 0.088194
1 0.736914 0.671181 0.028516 0.084028
1 0.750000 0.681944 0.053125 0.062500
1 0.628516 0.697917 0.061719 0.038889
1 0.569336 0.676042 0.063672 0.039583
1 0.548047 0.657639 0.049219 0.037500
1 0.543555 0.659028 0.044922 0.044444
1 0.481055 0.674653 0.056641 0.042361
1 0.511914 0.664583 0.051172 0.045833
1 0.456445 0.672569 0.054297 0.038194
1 0.423633 0.668750 0.046484 0.034722
1 0.408008 0.678819 0.050391 0.042361
1 0.364844 0.685069 0.049219 0.036806
1 0.311133 0.668056 0.048828 0.040278
