1 0.889844 0.664236 0.026562 0.090972
1 0.817383 0.672917 0.028516 0.083333
1 0.760938 0.672222 0.023438 0.086111
1 0.748633 0.663194 0.023828 0.093056
1 0.699023 0.692014 0.047266 0.059028
1 0.660352 0.708333 0.059766 0.040278
1 0.565625 0.655208 0.046875 0.035417
1 0.571875 0.662847 0.057031 0.039583
1 0.495312 0.673264 0.056250 0.039583
1 0.544336 0.668750 0.054297 0.041667
1 0.496680 0.665278 0.058984 0.034722
1 0.443750 0.662153 0.054688 0.052083
1 0.441992 0.674306 0.051953 0.043056
1 0.396289 0.682639 0.056641 0.038889
1 0.395898 0.672917 0.054297 0.033333
