0 0.900781 0.560069 0.197656 0.374306
0 0.933398 0.270486 0.132422 0.182639
0 0.837695 0.399653 0.213672 0.277083
0 0.913477 0.453819 0.172266 0.227083
0 0.683789 0.501736 0.081641 0.281250
0 0.504687 0.522222 0.271875 0.283333
0 0.539648 0.455208 0.283203 0.356250
0 0.510742 0.205208 0.093359 0.131250
0 0.385352 0.398958 0.191797 0.207639
0 0.315820 0.435417 0.233203 0.236111
0 0.230078 0.388542 0.143750 0.200694
0 0.113477 0.360069 0.116797 0.147917
0 0.073828 0.461111 0.146094 0.231944
0 0.070898 0.409722 0.141016 0.194444
