0 0.921484 0.345139 0.157031 0.318056
0 0.937695 0.355556 0.124609 0.188889
0 0.132812 0.558681 0.244531 0.239583
0 0.738867 0.637153 0.344141 0.302083
0 0.894141 0.584028 0.210938 0.287500
0 0.067773 0.318403 0.135547 0.157639
0 0.285352 0.495833 0.134766 0.201389
0 0.047656 0.712847 0.093750 0.313194
0 0.306641 0.512847 0.206250 0.264583
0 0.330273 0.373958 0.164453 0.182639
0 0.883789 0.529167 0.231641 0.275000
0 0.455469 0.565972 0.242188 0.243056
0 0.080469 0.390625 0.123438 0.159028
0 0.175781 0.380556 0.158594 0.154167
0 0.216016 0.427083 0.142969 0.216667
0 0.023047 0.493750 0.046094 0.127778
0 0.561523 0.595833 0.269141 0.276389
0 0.467187 0.577431 0.211719 0.221528
