0 0.925391 0.283333 0.132031 0.186111
0 0.962109 0.253819 0.075000 0.184028
0 0.809961 0.373264 0.175391 0.181250
0 0.706055 0.581250 0.301172 0.373611
0 0.866211 0.252431 0.089453 0.147917
0 0.788086 0.264931 0.128516 0.164583
0 0.664258 0.300347 0.148047 0.197917
0 0.940039 0.515972 0.119141 0.269444
0 0.908203 0.457292 0.182812 0.265972
0 0.587109 0.426042 0.139063 0.286806
0 0.440625 0.478819 0.239063 0.235417
0 0.430859 0.514931 0.103125 0.275694
0 0.231641 0.547222 0.317188 0.290278
0 0.279492 0.469444 0.306641 0.352778
0 0.227148 0.222917 0.101172 0.123611
0 0.107422 0.428125 0.207813 0.228472
