0 0.201172 0.500000 0.248438 0.240278
0 0.711523 0.534028 0.238672 0.281944
0 0.424805 0.612500 0.309766 0.315278
0 0.201172 0.570486 0.222656 0.317361
0 0.438672 0.256250 0.136719 0.159722
0 0.427539 0.446528 0.143359 0.152778
0 0.177344 0.486111 0.243750 0.252778
0 0.668750 0.633333 0.319531 0.372222
0 0.596094 0.602431 0.207031 0.257639
0 0.670898 0.354167 0.123047 0.193056
0 0.751367 0.439583 0.244922 0.241667
0 0.928711 0.422569 0.137891 0.239583
0 0.954688 0.511806 0.090625 0.262500
0 0.533594 0.446181 0.114844 0.165972
0 0.885742 0.327778 0.131641 0.197222
0 0.932617 0.352778 0.104297 0.225000
0 0.546484 0.489583 0.210938 0.200000
