0 0.974414 0.372222 0.050391 0.222222
0 0.863867 0.391667 0.167578 0.231944
0 0.966797 0.309722 0.066406 0.231944
0 0.644922 0.328125 0.142969 0.202083
0 0.714648 0.284375 0.168359 0.196528
0 0.516797 0.438889 0.205469 0.229167
0 0.431836 0.615278 0.298047 0.373611
0 0.583008 0.293750 0.096484 0.162500
0 0.504102 0.288194 0.134766 0.154167
0 0.378906 0.329167 0.138281 0.193056
0 0.539648 0.556250 0.268359 0.293056
0 0.369336 0.500347 0.269922 0.252083
0 0.321875 0.459375 0.115625 0.289583
0 0.232617 0.517014 0.151172 0.192361
0 0.100391 0.539931 0.141406 0.254861
0 0.046484 0.580556 0.092969 0.298611
0 0.073047 0.545139 0.142187 0.290278
