0 0.945508 0.533681 0.108203 0.336806
0 0.895117 0.344792 0.196484 0.240972
0 0.714258 0.373611 0.161328 0.238889
0 0.864648 0.285764 0.207422 0.232639
0 0.481250 0.307292 0.156250 0.203472
0 0.554102 0.265278 0.166797 0.190278
0 0.368750 0.420139 0.204687 0.233333
0 0.280273 0.593750 0.294141 0.373611
0 0.431445 0.280556 0.099609 0.180556
0 0.353711 0.272222 0.138672 0.152778
0 0.221875 0.313542 0.142969 0.196528
0 0.295898 0.540972 0.311328 0.279167
0 0.102930 0.484375 0.203516 0.259028
0 0.172656 0.436111 0.129688 0.269444
0 0.022852 0.499653 0.045703 0.172917
