0 0.885938 0.545486 0.227344 0.318750
0 0.641211 0.305556 0.180078 0.226389
0 0.595117 0.577083 0.312109 0.344444
0 0.663281 0.311458 0.205469 0.193750
0 0.503125 0.363194 0.178125 0.195833
0 0.554688 0.606250 0.253125 0.212500
0 0.344141 0.418056 0.166406 0.233333
0 0.444141 0.504514 0.367969 0.253472
0 0.410352 0.310417 0.151953 0.168056
0 0.487109 0.283333 0.195312 0.183333
0 0.545898 0.306944 0.156641 0.197222
0 0.108984 0.347569 0.153906 0.199306
0 0.138281 0.306250 0.168750 0.169444
0 0.044727 0.467361 0.089453 0.238889
0 0.041992 0.619097 0.083984 0.324306
0 0.047266 0.320833 0.094531 0.176389
