0 0.152734 0.467014 0.222656 0.242361
0 0.673828 0.512847 0.253125 0.277083
0 0.291406 0.599306 0.307812 0.313889
0 0.053125 0.550694 0.106250 0.311111
0 0.310937 0.238194 0.135156 0.140278
0 0.347070 0.423264 0.155078 0.160417
0 0.426758 0.612847 0.312891 0.375694
0 0.491016 0.594792 0.241406 0.278472
0 0.455859 0.308333 0.114844 0.145833
0 0.562109 0.427778 0.255469 0.263889
0 0.876758 0.280903 0.181641 0.195139
0 0.889648 0.396528 0.216016 0.255556
0 0.923438 0.494097 0.152344 0.288194
0 0.413086 0.445833 0.166016 0.198611
0 0.632031 0.282639 0.117188 0.129167
0 0.683594 0.301042 0.120313 0.172917
0 0.718359 0.330903 0.123438 0.214583
0 0.095898 0.448611 0.189453 0.231944
0 0.485547 0.489931 0.223438 0.221528
