0 0.939648 0.286458 0.119922 0.188194
0 0.971289 0.249306 0.056641 0.177778
0 0.827734 0.378819 0.180469 0.199306
0 0.722266 0.580556 0.300000 0.372222
0 0.881836 0.252778 0.076172 0.147222
0 0.809766 0.261111 0.125781 0.166667
0 0.678906 0.298611 0.142969 0.200000
0 0.968359 0.522569 0.063281 0.259028
0 0.915625 0.457986 0.167969 0.268750
0 0.608398 0.414931 0.128516 0.274306
0 0.475977 0.478125 0.234766 0.238194
0 0.443555 0.515625 0.105859 0.274306
0 0.255469 0.547222 0.305469 0.295833
0 0.296094 0.472917 0.307812 0.363889
0 0.244922 0.227431 0.093750 0.135417
0 0.126172 0.427431 0.215625 0.231250
