0 0.922266 0.373264 0.154688 0.207639
0 0.821289 0.561458 0.304297 0.378472
0 0.938477 0.240278 0.122266 0.161111
0 0.788086 0.278472 0.141016 0.195833
0 0.706836 0.401042 0.154297 0.288194
0 0.694531 0.458333 0.252344 0.231944
0 0.969922 0.468750 0.059375 0.156944
0 0.555078 0.497222 0.075781 0.281944
0 0.364453 0.525347 0.295312 0.299306
0 0.397070 0.455208 0.300391 0.382639
0 0.347070 0.208681 0.093359 0.136806
0 0.235156 0.405903 0.192188 0.218750
0 0.097656 0.426042 0.193750 0.259028
0 0.045703 0.380556 0.091406 0.194444
