0 0.157812 0.500000 0.234375 0.231944
0 0.676367 0.528472 0.231641 0.254167
0 0.351562 0.634722 0.260937 0.322222
0 0.095703 0.590625 0.191406 0.311806
0 0.362695 0.262153 0.118359 0.156250
0 0.359766 0.449306 0.142187 0.166667
0 0.530859 0.644097 0.308594 0.371528
0 0.524414 0.629861 0.236328 0.283333
0 0.545312 0.347222 0.117969 0.156944
0 0.622852 0.453472 0.251172 0.244444
0 0.942969 0.310764 0.113281 0.206250
0 0.903711 0.435069 0.186328 0.256250
0 0.921484 0.519792 0.156250 0.268750
0 0.448828 0.461111 0.122656 0.173611
0 0.733008 0.329861 0.126953 0.163889
0 0.767188 0.340625 0.128125 0.196528
0 0.799023 0.357292 0.116797 0.211806
0 0.117578 0.468403 0.209375 0.182639
0 0.490625 0.501736 0.206250 0.175694
