0 0.830859 0.534722 0.337500 0.334722
0 0.713281 0.342708 0.203906 0.229861
0 0.958398 0.549653 0.082422 0.245139
0 0.547461 0.376736 0.172266 0.235417
0 0.882422 0.462153 0.234375 0.281250
0 0.686914 0.282986 0.176172 0.209028
0 0.916602 0.242361 0.166016 0.208333
0 0.879492 0.270833 0.166016 0.179167
0 0.316797 0.312500 0.149219 0.201389
0 0.386719 0.264236 0.160938 0.179861
0 0.195508 0.427083 0.212891 0.241667
0 0.130859 0.591319 0.261719 0.370139
0 0.259180 0.290625 0.094141 0.189583
0 0.183984 0.280903 0.138281 0.157639
0 0.062109 0.316319 0.124219 0.192361
0 0.084375 0.547569 0.168750 0.275694
0 0.033203 0.411111 0.066406 0.197222
