0 0.900781 0.350347 0.173437 0.320139
0 0.927734 0.367014 0.144531 0.211806
0 0.129102 0.565278 0.242578 0.250000
0 0.744922 0.639583 0.325781 0.305556
0 0.893945 0.597569 0.211328 0.267361
0 0.060352 0.318403 0.120703 0.160417
0 0.033398 0.715972 0.066016 0.294444
0 0.283008 0.521528 0.205859 0.275000
0 0.303516 0.378125 0.167969 0.186806
0 0.883008 0.532986 0.233203 0.282639
0 0.451953 0.572222 0.244531 0.245833
0 0.058008 0.397917 0.116016 0.172222
0 0.162305 0.385764 0.147266 0.153472
0 0.187695 0.426042 0.152734 0.209028
0 0.016016 0.499306 0.032031 0.125000
0 0.561719 0.594097 0.271875 0.274306
0 0.462891 0.594097 0.223438 0.235417
