0 0.941016 0.281250 0.117969 0.229167
0 0.773242 0.550347 0.376172 0.332639
0 0.667188 0.355556 0.199219 0.230556
0 0.924219 0.561458 0.151562 0.247917
0 0.499219 0.388889 0.177344 0.236111
0 0.842969 0.470139 0.294531 0.283333
0 0.639844 0.284375 0.167187 0.188194
0 0.844531 0.256250 0.200000 0.215278
0 0.822461 0.282986 0.158984 0.174306
0 0.269141 0.321181 0.145313 0.197917
0 0.330859 0.278472 0.170313 0.181944
0 0.148047 0.437500 0.208594 0.241667
0 0.105664 0.605208 0.209766 0.368750
0 0.207031 0.300000 0.088281 0.190278
0 0.132617 0.284375 0.137891 0.145139
0 0.035547 0.329861 0.071094 0.193056
