0 0.914258 0.289931 0.170703 0.235417
0 0.702344 0.559722 0.375781 0.345833
0 0.617969 0.365278 0.200000 0.234722
0 0.868359 0.572917 0.212500 0.245833
0 0.456836 0.400694 0.170703 0.234722
0 0.775781 0.475347 0.257812 0.274306
0 0.594922 0.301042 0.169531 0.202083
0 0.768164 0.262500 0.202734 0.198611
0 0.770703 0.289583 0.157031 0.172222
0 0.225977 0.330903 0.143359 0.204861
0 0.289844 0.284028 0.172656 0.179167
0 0.104492 0.450347 0.208203 0.249306
0 0.083594 0.600694 0.167187 0.338889
0 0.162500 0.312847 0.088281 0.186806
0 0.076758 0.294792 0.141016 0.152083
