0 0.956445 0.606597 0.087109 0.315972
0 0.938281 0.417361 0.122656 0.286111
0 0.790234 0.519792 0.083594 0.282639
0 0.611133 0.547917 0.273047 0.294444
0 0.637500 0.513542 0.282031 0.299306
0 0.622461 0.212153 0.105078 0.136806
0 0.538281 0.422222 0.210938 0.225000
0 0.507617 0.457292 0.288672 0.238194
0 0.393164 0.420486 0.158203 0.221528
0 0.268164 0.375000 0.112109 0.140278
0 0.215430 0.477431 0.183203 0.229861
0 0.223438 0.423611 0.136719 0.177778
0 0.186523 0.444097 0.200391 0.189583
0 0.053320 0.467014 0.106641 0.222917
