0 0.282617 0.503472 0.244922 0.230556
0 0.839453 0.564236 0.272656 0.296528
0 0.237109 0.644792 0.314063 0.321528
0 0.332031 0.268403 0.139844 0.146528
0 0.462109 0.439583 0.150781 0.183333
0 0.277734 0.659028 0.336719 0.363889
0 0.430664 0.653819 0.175391 0.299306
0 0.328320 0.369792 0.113672 0.171528
0 0.646875 0.473264 0.269531 0.279861
0 0.741406 0.316319 0.172656 0.182639
0 0.956445 0.456597 0.086328 0.228472
0 0.574414 0.509722 0.232422 0.233333
0 0.502539 0.335069 0.116797 0.152083
0 0.571484 0.315972 0.128906 0.122222
0 0.608398 0.362847 0.127734 0.197917
0 0.157812 0.498958 0.213281 0.240972
0 0.665820 0.536111 0.240234 0.283333
