0 0.964648 0.538889 0.069922 0.311111
0 0.847266 0.298611 0.229687 0.237500
0 0.652344 0.567014 0.297656 0.347917
0 0.566211 0.368403 0.190234 0.221528
0 0.785742 0.568750 0.211328 0.276389
0 0.406445 0.404514 0.171484 0.235417
0 0.702539 0.479167 0.247266 0.251389
0 0.539648 0.282986 0.169141 0.150694
0 0.684766 0.278819 0.189844 0.213194
0 0.698828 0.294097 0.163281 0.159028
0 0.166602 0.337500 0.156641 0.198611
0 0.237305 0.294444 0.172266 0.183333
0 0.077930 0.458333 0.155859 0.247222
0 0.057422 0.605903 0.114844 0.329861
0 0.111328 0.316667 0.092188 0.187500
0 0.048242 0.300347 0.096484 0.140972
