0 0.292773 0.497569 0.241797 0.243750
0 0.841406 0.565278 0.273438 0.297222
0 0.273047 0.640972 0.293750 0.323611
0 0.344727 0.266667 0.141016 0.154167
0 0.470898 0.428472 0.141797 0.161111
0 0.309570 0.651389 0.326172 0.355556
0 0.448047 0.652778 0.207031 0.284722
0 0.350977 0.371181 0.108203 0.186806
0 0.664453 0.478125 0.285156 0.293750
0 0.766406 0.309028 0.172656 0.184722
0 0.968945 0.447917 0.061328 0.225000
0 0.586523 0.509028 0.228516 0.230556
0 0.529687 0.323264 0.112500 0.140972
0 0.591406 0.309375 0.126562 0.124306
0 0.631250 0.363194 0.118750 0.211111
0 0.167773 0.494097 0.213672 0.242361
0 0.672656 0.529861 0.246094 0.262500
