0 0.957422 0.279861 0.084375 0.202778
0 0.903516 0.364236 0.185938 0.200694
0 0.782617 0.559722 0.309766 0.369444
0 0.883594 0.247222 0.144531 0.172222
0 0.739844 0.284028 0.153906 0.209722
0 0.665820 0.398264 0.148828 0.270139
0 0.621289 0.457986 0.246484 0.232639
0 0.911914 0.479861 0.155078 0.159722
0 0.511719 0.498958 0.080469 0.281250
0 0.327148 0.529514 0.291016 0.299306
0 0.354297 0.464236 0.307031 0.389583
0 0.304492 0.212153 0.094141 0.132639
0 0.185742 0.409722 0.222266 0.230556
0 0.046680 0.436111 0.093359 0.258333
