0 0.949609 0.373264 0.100000 0.229861
0 0.764844 0.309722 0.134375 0.211111
0 0.831250 0.264931 0.164844 0.189583
0 0.632031 0.376042 0.182812 0.154861
0 0.547656 0.596528 0.298438 0.375000
0 0.699805 0.274653 0.098047 0.168750
0 0.621094 0.275694 0.132031 0.165278
0 0.492383 0.313889 0.142578 0.191667
0 0.766016 0.531250 0.299219 0.297222
0 0.591406 0.477431 0.297656 0.253472
0 0.433008 0.436458 0.095703 0.299306
0 0.435156 0.508681 0.134375 0.160417
0 0.239258 0.523611 0.161328 0.263889
0 0.102734 0.565625 0.205469 0.303472
0 0.137109 0.496528 0.271875 0.333333
0 0.063281 0.242708 0.109375 0.134028
