0 0.950000 0.545833 0.100000 0.295833
0 0.864258 0.294444 0.237109 0.237500
0 0.670117 0.564583 0.316016 0.345833
0 0.582422 0.369792 0.210156 0.231250
0 0.806641 0.576389 0.205469 0.277778
0 0.419922 0.401736 0.171094 0.238194
0 0.720117 0.463542 0.251172 0.239583
0 0.550781 0.282292 0.166406 0.149306
0 0.708203 0.268403 0.195312 0.196528
0 0.725781 0.292361 0.156250 0.161111
0 0.183789 0.336458 0.151172 0.202083
0 0.253125 0.291319 0.168750 0.184028
0 0.084180 0.453472 0.168359 0.247222
0 0.063281 0.601389 0.126562 0.331944
0 0.125586 0.315625 0.091797 0.188194
0 0.055664 0.301389 0.110547 0.147222
