0 0.268359 0.489931 0.242969 0.243750
0 0.776953 0.542014 0.254688 0.286806
0 0.515820 0.620833 0.304297 0.334722
0 0.300586 0.550694 0.219141 0.325000
0 0.519141 0.247222 0.128125 0.155556
0 0.496484 0.439236 0.142969 0.159028
0 0.256641 0.470833 0.247656 0.236111
0 0.770898 0.626389 0.315234 0.368056
0 0.661719 0.609375 0.196875 0.284028
0 0.768750 0.343750 0.121094 0.181944
0 0.852148 0.433333 0.233203 0.243056
0 0.966602 0.410417 0.066016 0.216667
0 0.609180 0.437847 0.110547 0.157639
0 0.959766 0.320486 0.079687 0.196528
0 0.597656 0.472222 0.195312 0.193056
