0 0.091602 0.528125 0.177734 0.218750
0 0.952148 0.552431 0.087109 0.278472
0 0.765430 0.576042 0.248047 0.303472
0 0.794727 0.540972 0.269922 0.287500
0 0.788477 0.234375 0.101953 0.146528
0 0.831836 0.417014 0.230859 0.189583
0 0.849609 0.440278 0.240625 0.211111
0 0.644141 0.450347 0.121094 0.227083
0 0.506445 0.428125 0.090234 0.154861
0 0.494141 0.507292 0.180469 0.215972
0 0.479687 0.436458 0.120313 0.175694
0 0.459570 0.491667 0.161328 0.223611
0 0.213086 0.507639 0.130078 0.230556
0 0.020703 0.546875 0.041406 0.211806
