0 0.260352 0.540625 0.234766 0.275694
0 0.818750 0.581597 0.341406 0.300694
0 0.153125 0.659375 0.306250 0.324306
0 0.273242 0.276736 0.144922 0.159028
0 0.435742 0.460069 0.158203 0.192361
0 0.176172 0.671181 0.326562 0.349306
0 0.361719 0.668403 0.130469 0.302083
0 0.232617 0.391667 0.116016 0.197222
0 0.559375 0.473611 0.272656 0.248611
0 0.645312 0.330556 0.177344 0.183333
0 0.963672 0.469097 0.093750 0.227083
0 0.569727 0.522569 0.226953 0.245139
0 0.401562 0.355556 0.128906 0.162500
0 0.487500 0.342361 0.144531 0.150000
0 0.515039 0.386458 0.141797 0.214583
0 0.117969 0.495486 0.233594 0.217361
0 0.623242 0.546181 0.301172 0.275694
0 0.604883 0.540972 0.257422 0.237500
