0 0.944531 0.537500 0.110156 0.311111
0 0.759961 0.298958 0.212891 0.245139
0 0.624414 0.571528 0.280078 0.348611
0 0.745508 0.298958 0.208203 0.215972
0 0.544727 0.368056 0.198047 0.216667
0 0.686523 0.562153 0.212891 0.286806
0 0.385352 0.405556 0.169922 0.233333
0 0.603125 0.497222 0.357812 0.269444
0 0.493750 0.289931 0.168750 0.154861
0 0.592773 0.279514 0.208984 0.217361
0 0.640234 0.297222 0.165625 0.166667
0 0.153320 0.343056 0.145703 0.193056
0 0.209570 0.298611 0.160547 0.179167
0 0.065625 0.463542 0.131250 0.243750
0 0.048633 0.605903 0.097266 0.327083
0 0.080664 0.322569 0.102734 0.190972
0 0.032031 0.312500 0.064062 0.158333
