0 0.322461 0.468750 0.237891 0.229167
0 0.841602 0.531944 0.287109 0.297222
0 0.348438 0.611111 0.288281 0.313889
0 0.023633 0.565278 0.047266 0.316667
0 0.396680 0.238889 0.131641 0.147222
0 0.502344 0.401736 0.156250 0.161806
0 0.393750 0.621181 0.334375 0.365972
0 0.522852 0.620486 0.236328 0.292361
0 0.431836 0.328125 0.106641 0.153472
0 0.672266 0.475000 0.250781 0.341667
0 0.845117 0.281250 0.177734 0.186111
0 0.979492 0.413542 0.040234 0.209028
0 0.593555 0.481944 0.216797 0.238889
0 0.599609 0.296181 0.115625 0.140972
0 0.658594 0.284722 0.124219 0.126389
0 0.713281 0.335764 0.151562 0.207639
0 0.198828 0.464236 0.232813 0.240972
0 0.678711 0.503819 0.245703 0.268750
