0 0.891211 0.291667 0.129297 0.200000
0 0.941406 0.249653 0.116406 0.190972
0 0.771094 0.368403 0.184375 0.171528
0 0.669922 0.578472 0.303906 0.375000
0 0.827930 0.250694 0.098828 0.150000
0 0.753125 0.266319 0.146875 0.164583
0 0.631055 0.298958 0.154297 0.193750
0 0.914453 0.515625 0.171094 0.270139
0 0.861328 0.451736 0.253906 0.242361
0 0.523633 0.418056 0.205078 0.284722
0 0.362695 0.477431 0.272266 0.232639
0 0.391016 0.509375 0.107813 0.279861
0 0.213672 0.543750 0.275781 0.295833
0 0.248242 0.469097 0.308984 0.353472
0 0.193359 0.227083 0.101562 0.133333
0 0.093555 0.427778 0.185547 0.227778
