0 0.206641 0.531944 0.237500 0.243056
0 0.803125 0.609375 0.330469 0.306250
0 0.939844 0.559375 0.119531 0.275694
0 0.171289 0.288194 0.144141 0.165278
0 0.350391 0.465625 0.121875 0.177083
0 0.085742 0.678819 0.171484 0.332639
0 0.200391 0.683333 0.131250 0.302778
0 0.085742 0.406597 0.130078 0.203472
0 0.461133 0.492708 0.239453 0.260417
0 0.493750 0.348958 0.165625 0.189583
0 0.917969 0.527778 0.163281 0.294444
0 0.511328 0.542014 0.253125 0.247917
0 0.253125 0.365625 0.135937 0.156250
0 0.321875 0.361458 0.196875 0.157639
0 0.371094 0.398958 0.137500 0.211806
0 0.076953 0.486111 0.153125 0.168056
0 0.601562 0.563542 0.288281 0.252083
0 0.558984 0.562847 0.242969 0.252083
