0 0.217773 0.532986 0.244141 0.250694
0 0.814063 0.598264 0.325000 0.300694
0 0.954102 0.554167 0.091797 0.279167
0 0.196875 0.282986 0.149219 0.164583
0 0.381641 0.457639 0.145313 0.184722
0 0.106641 0.675694 0.212500 0.329167
0 0.240625 0.677083 0.127344 0.300000
0 0.117969 0.401389 0.125000 0.206944
0 0.489063 0.483681 0.237500 0.257639
0 0.529492 0.342708 0.166797 0.185417
0 0.923828 0.484028 0.151562 0.244444
0 0.532422 0.531597 0.253906 0.245139
0 0.284180 0.359722 0.127734 0.155556
0 0.360352 0.359028 0.192578 0.163889
0 0.404883 0.396528 0.130859 0.215278
0 0.087891 0.502778 0.175781 0.195833
0 0.622266 0.556250 0.271094 0.269444
0 0.567969 0.561458 0.250000 0.242361
