0 0.167187 0.454514 0.229687 0.232639
0 0.693555 0.497569 0.244922 0.260417
0 0.306250 0.594097 0.305469 0.318750
0 0.052539 0.540278 0.105078 0.308333
0 0.318750 0.228472 0.131250 0.144444
0 0.358203 0.410417 0.150000 0.170833
0 0.418164 0.607986 0.311328 0.372917
0 0.502930 0.599653 0.229297 0.263194
0 0.454297 0.305903 0.112500 0.145139
0 0.554102 0.423611 0.268359 0.258333
0 0.868555 0.271181 0.172266 0.195139
0 0.909570 0.392708 0.179297 0.268750
0 0.922070 0.494444 0.155078 0.290278
0 0.424219 0.445833 0.169531 0.211111
0 0.629297 0.274653 0.119531 0.132639
0 0.673438 0.285764 0.119531 0.164583
0 0.716016 0.328125 0.125781 0.227083
0 0.101758 0.437847 0.203516 0.238194
0 0.508594 0.475347 0.223438 0.211806
