0 0.956445 0.276389 0.086328 0.191667
0 0.894727 0.371181 0.191797 0.202083
0 0.770703 0.568403 0.312500 0.377083
0 0.944727 0.239583 0.070703 0.141667
0 0.876953 0.251042 0.149219 0.167361
0 0.729688 0.288889 0.149219 0.200000
0 0.663477 0.406597 0.131641 0.275694
0 0.590625 0.467014 0.264844 0.239583
0 0.915430 0.482639 0.111328 0.161111
0 0.500195 0.501736 0.083984 0.272917
0 0.318945 0.531944 0.279297 0.295833
0 0.344141 0.457986 0.307812 0.375694
0 0.295703 0.213889 0.091406 0.133333
0 0.168359 0.414236 0.210938 0.235417
0 0.032813 0.439583 0.065625 0.234722
