0 0.902148 0.544097 0.195703 0.321528
0 0.623828 0.310069 0.187500 0.229861
0 0.901563 0.500347 0.196094 0.285417
0 0.577734 0.576736 0.317969 0.352083
0 0.648047 0.312847 0.195312 0.199306
0 0.481445 0.360764 0.181641 0.192361
0 0.513477 0.604861 0.238672 0.211111
0 0.337891 0.413194 0.179688 0.230556
0 0.410742 0.508333 0.365234 0.254167
0 0.387695 0.310069 0.158203 0.164583
0 0.449219 0.287847 0.197656 0.188194
0 0.522461 0.321875 0.151953 0.181250
0 0.095508 0.351736 0.141797 0.196528
0 0.116602 0.310764 0.162891 0.177083
0 0.038086 0.470486 0.076172 0.240972
0 0.020898 0.620833 0.041797 0.316667
0 0.039648 0.322917 0.079297 0.173611
