0 0.274414 0.510069 0.233203 0.252083
0 0.816602 0.581944 0.315234 0.297222
0 0.177930 0.653472 0.355859 0.313889
0 0.307422 0.273958 0.130469 0.163194
0 0.443750 0.453472 0.149219 0.201389
0 0.227148 0.669444 0.332422 0.363889
0 0.384180 0.661111 0.176953 0.298611
0 0.280078 0.387500 0.113281 0.194444
0 0.602148 0.476042 0.238672 0.260417
0 0.692383 0.323958 0.172266 0.179861
0 0.948438 0.467014 0.102344 0.224306
0 0.556055 0.521875 0.215234 0.245139
0 0.450781 0.344097 0.133594 0.152083
0 0.524414 0.334722 0.153516 0.144444
0 0.553320 0.378819 0.151172 0.210417
0 0.144336 0.498264 0.211328 0.238194
0 0.643945 0.552083 0.281641 0.263889
