0 0.900195 0.545833 0.198828 0.327778
0 0.600391 0.311458 0.189844 0.228472
0 0.877930 0.501042 0.243359 0.285417
0 0.554297 0.576042 0.321094 0.350694
0 0.617773 0.315625 0.208984 0.200694
0 0.462305 0.370139 0.182422 0.201389
0 0.471289 0.607639 0.216016 0.204167
0 0.312500 0.412153 0.158594 0.225694
0 0.395703 0.511458 0.328125 0.265972
0 0.366602 0.305556 0.159766 0.159722
0 0.410938 0.291667 0.202344 0.184722
0 0.495703 0.326389 0.155469 0.190278
0 0.077930 0.352431 0.135547 0.203472
0 0.094531 0.307639 0.157812 0.169444
0 0.027148 0.478125 0.054297 0.224306
0 0.015039 0.628125 0.030078 0.296528
0 0.030664 0.324653 0.061328 0.182639
