0 0.946484 0.339931 0.106250 0.238194
0 0.155078 0.542708 0.245312 0.220139
0 0.751758 0.627083 0.358984 0.318056
0 0.911523 0.576042 0.176172 0.268750
0 0.095703 0.303819 0.153906 0.163194
0 0.304883 0.480556 0.148828 0.190278
0 0.018750 0.680208 0.037500 0.306250
0 0.088281 0.701736 0.135156 0.309028
0 0.024414 0.418403 0.048828 0.185417
0 0.365039 0.511806 0.205078 0.277778
0 0.383203 0.363889 0.164062 0.184722
0 0.901172 0.517361 0.196875 0.265278
0 0.478906 0.548611 0.254688 0.233333
0 0.140234 0.379167 0.118750 0.155556
0 0.232617 0.371875 0.163672 0.149306
0 0.256250 0.415972 0.145313 0.213889
0 0.043945 0.500347 0.087891 0.178472
0 0.565234 0.585069 0.287500 0.268750
0 0.507227 0.575000 0.223047 0.229167
