0 0.884570 0.387500 0.164453 0.227778
0 0.975586 0.296875 0.048047 0.202083
0 0.664844 0.324653 0.137500 0.200694
0 0.733008 0.280556 0.162109 0.194444
0 0.539453 0.426042 0.209375 0.209028
0 0.449414 0.610069 0.291016 0.384028
0 0.603516 0.287153 0.090625 0.157639
0 0.524414 0.286111 0.136328 0.151389
0 0.399023 0.320833 0.139453 0.179167
0 0.577148 0.550000 0.262891 0.295833
0 0.407617 0.499653 0.273047 0.259028
0 0.342578 0.438542 0.083594 0.263194
0 0.268945 0.524306 0.154297 0.175000
0 0.124219 0.538542 0.151562 0.260417
0 0.053516 0.580903 0.107031 0.299306
0 0.085742 0.538542 0.169141 0.288194
