0 0.973242 0.365625 0.052734 0.218750
0 0.805859 0.305903 0.140625 0.217361
0 0.877344 0.257639 0.163281 0.193056
0 0.685156 0.355556 0.175000 0.138889
0 0.592578 0.585069 0.298438 0.377083
0 0.741406 0.263194 0.102344 0.161111
0 0.668945 0.262500 0.135547 0.145833
0 0.540430 0.304514 0.141016 0.195139
0 0.846094 0.521181 0.295312 0.284028
0 0.717969 0.466319 0.289062 0.247917
0 0.478125 0.424653 0.112500 0.285417
0 0.517383 0.502083 0.144141 0.165278
0 0.292383 0.519792 0.124609 0.259028
0 0.129297 0.552083 0.258594 0.297222
0 0.173242 0.495486 0.295703 0.347917
0 0.112305 0.231250 0.099609 0.133333
0 0.052148 0.431597 0.103516 0.232639
