0 0.986719 0.691319 0.025781 0.204861
0 0.954492 0.451736 0.090234 0.265972
0 0.842773 0.549306 0.087109 0.290278
0 0.670898 0.570833 0.264453 0.295833
0 0.683789 0.539236 0.268359 0.299306
0 0.684375 0.231944 0.087500 0.152778
0 0.657227 0.445486 0.233984 0.229861
0 0.624219 0.483333 0.284375 0.234722
0 0.491992 0.442708 0.137891 0.220139
0 0.347852 0.401736 0.106641 0.159028
0 0.316797 0.500000 0.178125 0.230556
0 0.310547 0.443403 0.113281 0.167361
0 0.251758 0.489583 0.227734 0.222222
0 0.099609 0.492708 0.125781 0.222917
