0 0.824414 0.349306 0.180859 0.293056
0 0.872461 0.356250 0.157422 0.175000
0 0.114453 0.573264 0.226562 0.238194
0 0.744141 0.647222 0.307031 0.295833
0 0.869336 0.603125 0.260547 0.274306
0 0.041992 0.332639 0.083984 0.138889
0 0.275781 0.514236 0.148438 0.207639
0 0.202148 0.538194 0.217578 0.273611
0 0.233398 0.382986 0.167578 0.181250
0 0.875977 0.544444 0.248047 0.254167
0 0.447852 0.582986 0.268359 0.242361
0 0.025000 0.420486 0.050000 0.185417
0 0.088672 0.403472 0.136719 0.162500
0 0.109375 0.438194 0.205469 0.206944
0 0.530664 0.609028 0.326953 0.276389
0 0.478906 0.598611 0.204687 0.209722
