0 0.871484 0.544792 0.256250 0.328472
0 0.664648 0.302083 0.184766 0.223611
0 0.606055 0.576389 0.306641 0.338889
0 0.683984 0.307986 0.194531 0.204861
0 0.510156 0.367361 0.179688 0.201389
0 0.354687 0.415625 0.158594 0.232639
0 0.490820 0.505208 0.338672 0.265972
0 0.433789 0.315278 0.150391 0.181944
0 0.519922 0.287500 0.203125 0.197222
0 0.569922 0.299653 0.161719 0.184028
0 0.125781 0.348611 0.146875 0.198611
0 0.158203 0.304514 0.171094 0.172917
0 0.050195 0.464583 0.100391 0.236111
0 0.054492 0.610069 0.108984 0.325694
0 0.054297 0.317014 0.101562 0.172917
0 0.015820 0.317361 0.031641 0.129167
