0 0.221680 0.442361 0.234766 0.236111
0 0.745313 0.486111 0.228906 0.266667
0 0.343555 0.578472 0.293359 0.315278
0 0.052734 0.526736 0.105469 0.303472
0 0.347656 0.213542 0.125781 0.140972
0 0.398047 0.397222 0.154688 0.155556
0 0.433203 0.589931 0.327344 0.364583
0 0.521680 0.584722 0.242578 0.280556
0 0.463086 0.289583 0.112109 0.145833
0 0.584961 0.406250 0.267578 0.258333
0 0.879687 0.258681 0.179688 0.190972
0 0.932031 0.386806 0.135156 0.240278
0 0.949805 0.475694 0.099609 0.293056
0 0.470703 0.435764 0.166406 0.213194
0 0.634570 0.259722 0.123828 0.126389
0 0.687305 0.272569 0.126953 0.161806
0 0.722852 0.317014 0.162109 0.229861
0 0.135742 0.430208 0.210547 0.238194
0 0.572266 0.486111 0.231250 0.247222
