0 0.254492 0.531944 0.234766 0.266667
0 0.808984 0.585764 0.364063 0.299306
0 0.947852 0.556944 0.103516 0.250000
0 0.142187 0.655903 0.284375 0.318750
0 0.260937 0.276736 0.133594 0.164583
0 0.422656 0.454861 0.164844 0.202778
0 0.152148 0.672569 0.301953 0.363194
0 0.332227 0.671528 0.134766 0.302778
0 0.205469 0.384722 0.111719 0.183333
0 0.555469 0.481944 0.253906 0.265278
0 0.621094 0.330208 0.166406 0.186806
0 0.952930 0.477431 0.093359 0.228472
0 0.561328 0.524653 0.232031 0.238194
0 0.374414 0.357292 0.119922 0.167361
0 0.467969 0.348611 0.153125 0.158333
0 0.496484 0.381944 0.137500 0.201389
0 0.109766 0.488889 0.217188 0.193056
0 0.629883 0.554167 0.297266 0.269444
0 0.606055 0.538194 0.237891 0.223611
