0 0.947070 0.286806 0.105078 0.202778
0 0.978320 0.243056 0.042578 0.169444
0 0.845508 0.375347 0.179297 0.203472
0 0.739844 0.577083 0.300781 0.370833
0 0.905078 0.244444 0.089063 0.152778
0 0.828516 0.267708 0.132031 0.164583
0 0.697656 0.297917 0.150000 0.201389
0 0.934766 0.457639 0.130469 0.255556
0 0.622266 0.414236 0.123438 0.274306
0 0.506641 0.474653 0.242188 0.229861
0 0.461328 0.508333 0.105469 0.275000
0 0.276953 0.544097 0.283594 0.297917
0 0.311133 0.469444 0.303516 0.361111
0 0.260156 0.223611 0.091406 0.133333
0 0.141797 0.424306 0.196094 0.229167
