0 0.920117 0.385417 0.158984 0.237500
0 0.698047 0.318750 0.141406 0.197222
0 0.771094 0.278472 0.160156 0.194444
0 0.577148 0.398958 0.183203 0.171528
0 0.492188 0.609375 0.289844 0.388194
0 0.644336 0.287847 0.093359 0.167361
0 0.563281 0.282986 0.132812 0.153472
0 0.435547 0.319444 0.135156 0.181944
0 0.651563 0.544444 0.268750 0.288889
0 0.487500 0.490972 0.290625 0.259722
0 0.376367 0.434722 0.077734 0.262500
0 0.337695 0.522222 0.139453 0.172222
0 0.175195 0.537500 0.158203 0.254167
0 0.070117 0.579167 0.140234 0.300000
0 0.112500 0.526389 0.219531 0.291667
0 0.026953 0.253125 0.053906 0.131250
