0 0.967773 0.369097 0.063672 0.207639
0 0.865820 0.559722 0.267578 0.383333
0 0.984180 0.236806 0.031641 0.143056
0 0.872461 0.279167 0.144141 0.194444
0 0.785742 0.402083 0.166797 0.288889
0 0.825586 0.454514 0.241016 0.236806
0 0.625000 0.500347 0.077344 0.290972
0 0.439844 0.529861 0.282031 0.304167
0 0.469141 0.453819 0.299219 0.367361
0 0.427734 0.207292 0.092969 0.129861
0 0.312500 0.408333 0.196094 0.225000
0 0.212500 0.433333 0.217969 0.262500
0 0.117578 0.385417 0.148438 0.198611
0 0.040625 0.359722 0.081250 0.152778
0 0.020898 0.425000 0.041797 0.131944
0 0.025781 0.403125 0.051562 0.159028
