0 0.936133 0.579167 0.126953 0.362500
0 0.965820 0.278819 0.067578 0.178472
0 0.913281 0.405208 0.172656 0.279861
0 0.751367 0.510069 0.083203 0.288194
0 0.570312 0.535764 0.279687 0.300694
0 0.597266 0.477778 0.272656 0.333333
0 0.588477 0.206597 0.086328 0.128472
0 0.477344 0.418750 0.189844 0.236111
0 0.450391 0.445833 0.208594 0.238889
0 0.337500 0.398264 0.162500 0.214583
0 0.208203 0.368056 0.117969 0.152778
0 0.150000 0.464931 0.187500 0.235417
0 0.158203 0.414931 0.160156 0.193750
0 0.125781 0.432986 0.211719 0.202083
0 0.032031 0.463542 0.064062 0.209028
