0 0.949219 0.556944 0.100781 0.318056
0 0.909375 0.349306 0.180469 0.243056
0 0.739453 0.378819 0.165625 0.229861
0 0.889648 0.284722 0.204297 0.216667
0 0.506641 0.312153 0.164062 0.202083
0 0.581445 0.270139 0.162109 0.193056
0 0.393164 0.425694 0.208203 0.240278
0 0.307812 0.600347 0.288281 0.378472
0 0.456641 0.283333 0.090625 0.170833
0 0.374805 0.275000 0.137891 0.150000
0 0.250586 0.317361 0.137109 0.198611
0 0.339844 0.546875 0.289844 0.264583
0 0.124219 0.491667 0.248438 0.259722
0 0.209766 0.440972 0.136719 0.273611
0 0.043359 0.510069 0.086719 0.170139
