0 0.956055 0.362153 0.087109 0.247917
0 0.825781 0.389931 0.167187 0.234028
0 0.939258 0.293056 0.120703 0.202778
0 0.600000 0.325694 0.160156 0.205556
0 0.673047 0.285069 0.158594 0.196528
0 0.479102 0.437153 0.202734 0.234028
0 0.392773 0.618403 0.298047 0.381250
0 0.548438 0.296528 0.092969 0.170833
0 0.468359 0.286458 0.139063 0.152083
0 0.340625 0.324653 0.139063 0.188194
0 0.489453 0.559722 0.265625 0.280556
0 0.275781 0.496875 0.288281 0.252083
0 0.294336 0.442361 0.095703 0.266667
0 0.163281 0.513542 0.139844 0.190972
0 0.059961 0.537847 0.102734 0.247917
0 0.032617 0.613194 0.065234 0.226389
0 0.052539 0.556597 0.102734 0.285417
