0 0.259766 0.535764 0.240625 0.222917
0 0.860742 0.591319 0.234766 0.296528
0 0.888086 0.556250 0.223828 0.284722
0 0.898047 0.254167 0.100781 0.150000
0 0.948047 0.469444 0.103125 0.243056
0 0.979492 0.507639 0.040234 0.243056
0 0.832617 0.437500 0.126953 0.187500
0 0.670898 0.444444 0.110547 0.140278
0 0.702344 0.518403 0.186719 0.250694
0 0.633789 0.489931 0.157422 0.204861
0 0.646289 0.484028 0.175391 0.270833
0 0.325391 0.522569 0.135156 0.228472
0 0.120117 0.565625 0.098047 0.229861
0 0.027734 0.579167 0.055469 0.248611
