0 0.928711 0.528819 0.142578 0.321528
0 0.776563 0.296875 0.224219 0.239583
0 0.624023 0.565625 0.279297 0.354861
0 0.536523 0.367361 0.193359 0.220833
0 0.718164 0.585764 0.212109 0.232639
0 0.383594 0.410417 0.173437 0.233333
0 0.634766 0.494097 0.319531 0.281250
0 0.508789 0.289583 0.165234 0.163889
0 0.622852 0.280208 0.204297 0.215972
0 0.651953 0.290972 0.168750 0.170833
0 0.156836 0.336458 0.141016 0.197917
0 0.213281 0.295139 0.164062 0.186111
0 0.066211 0.459375 0.132422 0.249306
0 0.052734 0.604514 0.105469 0.332639
0 0.084961 0.322222 0.096484 0.190278
0 0.037109 0.307986 0.074219 0.161806
