0 0.679492 0.371875 0.198828 0.303472
0 0.719141 0.384028 0.167187 0.213889
0 0.084180 0.593750 0.167578 0.255556
0 0.693164 0.671875 0.277734 0.315972
0 0.767773 0.630208 0.262109 0.293750
0 0.240820 0.522569 0.158984 0.202083
0 0.970508 0.410764 0.058203 0.213194
0 0.086719 0.551736 0.173437 0.270139
0 0.097461 0.404167 0.164453 0.194444
0 0.856445 0.565278 0.276172 0.283333
0 0.400000 0.594792 0.235937 0.250694
0 0.022656 0.415972 0.045312 0.147222
0 0.509570 0.619792 0.268359 0.267361
0 0.409375 0.624653 0.214844 0.252083
