0 0.869922 0.299306 0.129688 0.216667
0 0.929883 0.251042 0.139453 0.190972
0 0.745703 0.375000 0.178906 0.179167
0 0.652734 0.582986 0.303125 0.375694
0 0.808398 0.256944 0.098828 0.163889
0 0.736523 0.261111 0.140234 0.151389
0 0.604492 0.298611 0.145703 0.190278
0 0.896094 0.512847 0.207813 0.290972
0 0.823242 0.451042 0.266016 0.227083
0 0.508398 0.418056 0.187109 0.281944
0 0.337500 0.472569 0.261719 0.235417
0 0.636328 0.502778 0.153125 0.176389
0 0.359180 0.515625 0.116797 0.268750
0 0.195117 0.542708 0.270703 0.290972
0 0.235547 0.479167 0.292969 0.376389
0 0.176758 0.228819 0.099609 0.131250
0 0.082227 0.427431 0.164453 0.227083
