0 0.315039 0.451389 0.246484 0.243056
0 0.824609 0.499306 0.264844 0.283333
0 0.370508 0.581944 0.336328 0.309722
0 0.052148 0.538889 0.104297 0.315278
0 0.411133 0.218750 0.137109 0.145833
0 0.497070 0.380556 0.147266 0.159722
0 0.444922 0.596528 0.328906 0.362500
0 0.570117 0.599306 0.225391 0.290278
0 0.482617 0.292708 0.108203 0.140972
0 0.666992 0.410417 0.244922 0.263889
0 0.904687 0.261111 0.171875 0.193056
0 0.959961 0.397222 0.079297 0.226389
0 0.573242 0.455903 0.204297 0.242361
0 0.667773 0.263194 0.135547 0.127778
0 0.707227 0.257292 0.136328 0.125694
0 0.756641 0.314236 0.142969 0.217361
0 0.222656 0.434028 0.193750 0.254167
0 0.661914 0.486111 0.244922 0.247222
