0 0.831250 0.527083 0.336719 0.336111
0 0.764453 0.338194 0.219531 0.223611
0 0.600195 0.369792 0.166797 0.232639
0 0.921875 0.458333 0.155469 0.273611
0 0.739844 0.273611 0.170313 0.202778
0 0.957812 0.247222 0.083594 0.200000
0 0.935156 0.262847 0.128906 0.167361
0 0.367773 0.303819 0.151172 0.196528
0 0.439063 0.256597 0.163281 0.181250
0 0.243359 0.421181 0.214844 0.243750
0 0.163672 0.586111 0.296094 0.362500
0 0.313672 0.282639 0.090625 0.183333
0 0.232813 0.277083 0.135156 0.170833
0 0.107422 0.302083 0.134375 0.180556
0 0.133984 0.548611 0.267188 0.277778
0 0.058984 0.431944 0.117188 0.252778
