0 0.920312 0.353819 0.158594 0.239583
0 0.763086 0.384722 0.162891 0.237500
0 0.907813 0.288542 0.184375 0.214583
0 0.533008 0.317708 0.163672 0.206250
0 0.607031 0.275694 0.163281 0.198611
0 0.415625 0.428819 0.203906 0.236806
0 0.337695 0.608333 0.294922 0.380556
0 0.483984 0.289236 0.091406 0.175694
0 0.403320 0.283333 0.133203 0.150000
0 0.273438 0.319444 0.142969 0.191667
0 0.378516 0.542708 0.291406 0.254861
0 0.164844 0.494792 0.289062 0.257639
0 0.249219 0.428472 0.133594 0.254167
0 0.062695 0.519444 0.125391 0.162500
0 0.021680 0.591667 0.043359 0.194444
