0 0.964844 0.615972 0.069531 0.306944
0 0.949219 0.421875 0.100781 0.282639
0 0.808594 0.529861 0.081250 0.291667
0 0.632617 0.551736 0.269141 0.295139
0 0.655078 0.519792 0.275781 0.300694
0 0.642773 0.218403 0.101172 0.145139
0 0.570703 0.430903 0.221875 0.227083
0 0.532422 0.467014 0.297656 0.243750
0 0.427734 0.420139 0.152344 0.215278
0 0.298242 0.379167 0.108984 0.116667
0 0.243945 0.481597 0.184766 0.231250
0 0.252539 0.431597 0.125391 0.185417
0 0.220508 0.464583 0.189453 0.225000
0 0.066016 0.474306 0.121875 0.223611
