0 0.387891 0.479167 0.252344 0.233333
0 0.880273 0.496875 0.238672 0.250694
0 0.689258 0.588542 0.242578 0.303472
0 0.474805 0.531944 0.244141 0.334722
0 0.676367 0.235764 0.119922 0.154861
0 0.636523 0.415625 0.137891 0.131250
0 0.378906 0.460069 0.232031 0.246528
0 0.010352 0.554514 0.020703 0.138194
0 0.899023 0.622222 0.201172 0.362500
0 0.802148 0.585764 0.179297 0.277083
0 0.942773 0.326042 0.108203 0.178472
0 0.954688 0.443750 0.089844 0.269444
0 0.776367 0.418403 0.142578 0.154861
0 0.724609 0.467014 0.188281 0.213194
