0 0.191602 0.537847 0.230078 0.239583
0 0.789844 0.617361 0.325781 0.301389
0 0.922461 0.567361 0.154297 0.270833
0 0.146484 0.295486 0.148438 0.160417
0 0.332031 0.479514 0.127344 0.172917
0 0.063867 0.678472 0.127734 0.325000
0 0.157227 0.689236 0.144141 0.303472
0 0.061719 0.404861 0.123438 0.186111
0 0.437500 0.501389 0.227344 0.269444
0 0.454883 0.353819 0.169141 0.182639
0 0.910547 0.507639 0.178906 0.263889
0 0.500781 0.543056 0.250000 0.237500
0 0.210352 0.369444 0.124609 0.154167
0 0.277539 0.364236 0.186328 0.154861
0 0.324414 0.408333 0.153516 0.212500
0 0.068945 0.503125 0.137891 0.193750
0 0.585742 0.573611 0.291797 0.255556
0 0.541602 0.556250 0.248828 0.230556
