0 0.879297 0.347569 0.171094 0.296528
0 0.914453 0.368056 0.158594 0.208333
0 0.122852 0.568750 0.244141 0.251389
0 0.758203 0.645833 0.302344 0.308333
0 0.887109 0.602083 0.225000 0.280556
0 0.054883 0.320139 0.109766 0.152778
0 0.022266 0.722569 0.044531 0.265972
0 0.257031 0.528472 0.198437 0.277778
0 0.281836 0.380903 0.165234 0.189583
0 0.882812 0.534722 0.233594 0.277778
0 0.448828 0.570833 0.255469 0.243056
0 0.046680 0.412847 0.092578 0.178472
0 0.134766 0.392014 0.166406 0.156250
0 0.160352 0.426736 0.176953 0.199306
0 0.557813 0.601389 0.275781 0.269444
0 0.473438 0.598264 0.213281 0.227083
