0 0.010547 0.475694 0.021094 0.106944
0 0.952930 0.456250 0.093359 0.262500
0 0.858594 0.553819 0.089844 0.285417
0 0.679297 0.572917 0.273438 0.294444
0 0.702148 0.544792 0.270703 0.297917
0 0.700977 0.237847 0.087891 0.152083
0 0.694531 0.436111 0.231250 0.206944
0 0.676953 0.461458 0.261719 0.229861
0 0.513672 0.447569 0.126562 0.221528
0 0.374414 0.422917 0.109766 0.159722
0 0.349805 0.504167 0.168359 0.227778
0 0.336523 0.451736 0.108984 0.178472
0 0.284180 0.495833 0.220703 0.227778
0 0.120703 0.498611 0.126562 0.220833
