0 0.232031 0.536458 0.235937 0.259028
0 0.814648 0.595486 0.333203 0.310417
0 0.955273 0.553472 0.088672 0.265278
0 0.221094 0.282292 0.146875 0.157639
0 0.393555 0.462153 0.149609 0.188194
0 0.123242 0.671875 0.244922 0.342361
0 0.274414 0.672917 0.129297 0.306944
0 0.150781 0.395139 0.122656 0.194444
0 0.522852 0.480556 0.217578 0.259722
0 0.562109 0.336458 0.167187 0.186806
0 0.939844 0.476042 0.119531 0.235417
0 0.526367 0.521181 0.209766 0.235417
0 0.316406 0.354167 0.132812 0.155556
0 0.407422 0.355556 0.167969 0.161111
0 0.438477 0.389583 0.136328 0.211111
0 0.093945 0.487153 0.187891 0.189583
0 0.632227 0.554514 0.272266 0.260417
0 0.575000 0.552083 0.253125 0.266667
