0 0.028125 0.483681 0.056250 0.134028
0 0.959766 0.464583 0.079687 0.241667
0 0.879102 0.552431 0.091016 0.281250
0 0.703125 0.578472 0.281250 0.294444
0 0.721680 0.547917 0.272266 0.298611
0 0.722852 0.242361 0.085547 0.150000
0 0.728906 0.417014 0.236719 0.172917
0 0.711328 0.451736 0.246875 0.224306
0 0.540820 0.448958 0.120703 0.214583
0 0.406250 0.425347 0.106250 0.160417
0 0.379102 0.509375 0.169141 0.225694
0 0.366602 0.453125 0.109766 0.179861
0 0.323633 0.498958 0.194141 0.231250
0 0.141406 0.504167 0.126562 0.230556
