0 0.949023 0.536806 0.101172 0.313889
0 0.743164 0.303819 0.226172 0.236806
0 0.627344 0.575347 0.282813 0.359028
0 0.735547 0.292708 0.204687 0.224306
0 0.548438 0.377083 0.206250 0.234722
0 0.661719 0.574306 0.216406 0.272222
0 0.386328 0.409028 0.167187 0.236111
0 0.601758 0.498958 0.350391 0.271528
0 0.496680 0.299653 0.163672 0.159028
0 0.586133 0.285069 0.201953 0.218750
0 0.633984 0.295833 0.166406 0.168056
0 0.149609 0.345139 0.152344 0.191667
0 0.207031 0.298264 0.169531 0.181250
0 0.066211 0.462153 0.132422 0.239583
0 0.070898 0.610417 0.141797 0.327778
0 0.076953 0.326736 0.105469 0.195139
0 0.027734 0.310069 0.055469 0.154861
