0 0.171875 0.494444 0.236719 0.234722
0 0.682422 0.534375 0.231250 0.268750
0 0.399023 0.619444 0.252734 0.312500
0 0.135352 0.574306 0.208984 0.309722
0 0.389648 0.258681 0.128516 0.150694
0 0.387500 0.448264 0.143750 0.152083
0 0.130469 0.494097 0.235937 0.252083
0 0.591602 0.641319 0.323828 0.368750
0 0.553516 0.621875 0.219531 0.271528
0 0.598242 0.345486 0.120703 0.164583
0 0.684961 0.438889 0.234766 0.229167
0 0.970508 0.307986 0.058203 0.213194
0 0.914453 0.426736 0.167969 0.260417
0 0.934375 0.515278 0.130469 0.266667
0 0.483008 0.456250 0.122266 0.163889
0 0.787305 0.325000 0.119141 0.169444
0 0.818164 0.335069 0.125391 0.192361
0 0.857422 0.350000 0.101562 0.215278
0 0.502930 0.496875 0.204297 0.179861
