2 0.350391 0.594097 0.103906 0.110417
2 0.959766 0.596528 0.078906 0.134722
2 0.447852 0.637153 0.114453 0.140972
2 0.709766 0.521181 0.068750 0.096528
2 0.679102 0.694444 0.163672 0.206944
2 0.522656 0.578819 0.086719 0.100694
2 0.488086 0.463194 0.033984 0.055556
2 0.667773 0.653472 0.141016 0.177778
2 0.523047 0.473264 0.056250 0.064583
2 0.828125 0.622569 0.121875 0.150694
2 0.854688 0.598611 0.110937 0.150000
2 0.633008 0.507292 0.060547 0.084028
2 0.572852 0.496528 0.055078 0.059722
2 0.977148 0.690625 0.044141 0.164583
2 0.730078 0.594444 0.079687 0.111111
2 0.751367 0.534028 0.086328 0.087500
2 0.573242 0.547222 0.075391 0.106944
2 0.774805 0.653819 0.141797 0.177083
