2 0.304883 0.553125 0.067578 0.078472
2 0.877930 0.570833 0.094922 0.131944
2 0.936523 0.602083 0.125391 0.134722
2 0.339258 0.595139 0.089453 0.084722
2 0.748242 0.516319 0.082422 0.084028
2 0.528516 0.626042 0.092188 0.152083
2 0.488086 0.538889 0.051953 0.059722
2 0.548633 0.462500 0.024609 0.048611
2 0.534961 0.575347 0.075391 0.099306
2 0.576562 0.472917 0.042969 0.062500
2 0.681445 0.528125 0.065234 0.082639
2 0.781836 0.554167 0.085547 0.094444
2 0.644141 0.501389 0.067969 0.065278
2 0.793359 0.582986 0.096094 0.125694
2 0.706445 0.518056 0.046484 0.081944
2 0.671680 0.557292 0.096484 0.102083
2 0.633203 0.603125 0.106250 0.122917
