2 0.333789 0.578125 0.087109 0.095139
2 0.941211 0.590278 0.116797 0.136111
2 0.960742 0.631597 0.076953 0.161806
2 0.404687 0.620486 0.113281 0.121528
2 0.605469 0.662153 0.129688 0.186806
2 0.511133 0.562847 0.079297 0.079861
2 0.527539 0.467361 0.033984 0.058333
2 0.587305 0.616319 0.100391 0.138194
2 0.553320 0.470486 0.051953 0.056250
2 0.744922 0.574653 0.081250 0.117361
2 0.820312 0.577778 0.093750 0.120833
2 0.652344 0.504514 0.071094 0.077083
2 0.583398 0.495833 0.051953 0.062500
2 0.887109 0.640972 0.130469 0.168056
2 0.704297 0.566667 0.071094 0.090278
2 0.748633 0.537847 0.085547 0.090972
2 0.618750 0.554861 0.077344 0.105556
2 0.712891 0.636111 0.121094 0.152778
