2 0.207617 0.505903 0.028516 0.047917
2 0.919727 0.571528 0.088672 0.116667
2 0.785156 0.525347 0.077344 0.088194
2 0.801758 0.555208 0.077734 0.099306
2 0.193750 0.529861 0.035937 0.058333
2 0.726562 0.513889 0.050000 0.068056
2 0.650195 0.482292 0.030859 0.056250
2 0.302930 0.517361 0.041016 0.056944
2 0.340039 0.514236 0.048828 0.047917
2 0.551367 0.463889 0.038672 0.036111
2 0.378711 0.517708 0.044922 0.061806
2 0.609375 0.471181 0.039062 0.047917
2 0.636328 0.492014 0.038281 0.059028
2 0.684375 0.500347 0.037500 0.063194
2 0.520117 0.489583 0.057422 0.045833
2 0.578125 0.492361 0.060937 0.051389
2 0.626758 0.528472 0.054297 0.070833
2 0.511133 0.509375 0.055859 0.050694
2 0.514453 0.528472 0.076563 0.056944
2 0.470117 0.542361 0.049609 0.066667
