2 0.418359 0.620139 0.115625 0.126389
2 0.564453 0.669444 0.152344 0.152778
2 0.699414 0.529514 0.079297 0.097917
2 0.864844 0.768403 0.254688 0.239583
2 0.626367 0.620833 0.100391 0.122222
2 0.457617 0.473264 0.026953 0.057639
2 0.907031 0.742014 0.184375 0.213194
2 0.492188 0.478472 0.059375 0.063889
2 0.929492 0.637847 0.139453 0.152083
2 0.642578 0.531597 0.067969 0.093750
2 0.575195 0.515278 0.050391 0.075000
2 0.804688 0.643750 0.132031 0.147222
2 0.789062 0.564583 0.097656 0.116667
2 0.541797 0.551042 0.074219 0.096528
2 0.592383 0.509028 0.034766 0.073611
