2 0.366992 0.607292 0.108984 0.124306
2 0.968750 0.600000 0.060937 0.127778
2 0.480273 0.645139 0.123047 0.130556
2 0.705273 0.527431 0.073047 0.096528
2 0.726953 0.712847 0.179688 0.217361
2 0.537891 0.586458 0.082812 0.103472
2 0.476367 0.468056 0.043359 0.058333
2 0.715625 0.677431 0.152344 0.190972
2 0.513477 0.475694 0.058203 0.063889
2 0.882031 0.651389 0.146094 0.173611
2 0.871289 0.605556 0.119922 0.150000
2 0.632812 0.516667 0.058594 0.087500
2 0.573633 0.504167 0.055078 0.069444
2 0.745117 0.604514 0.090234 0.113194
2 0.757812 0.543056 0.086719 0.091667
2 0.562695 0.551736 0.076172 0.106250
2 0.821094 0.679167 0.158594 0.191667
