2 0.331836 0.586806 0.092578 0.113889
2 0.943945 0.583333 0.110547 0.127778
2 0.409180 0.620486 0.115234 0.131250
2 0.624805 0.663194 0.146484 0.183333
2 0.516211 0.561806 0.080078 0.086111
2 0.516992 0.462153 0.034766 0.057639
2 0.602344 0.624306 0.114062 0.143056
2 0.541797 0.469792 0.051562 0.060417
2 0.760742 0.581250 0.091016 0.120833
2 0.828906 0.577778 0.100000 0.123611
2 0.649414 0.500694 0.065234 0.076389
2 0.581641 0.491667 0.057813 0.061111
2 0.925586 0.657986 0.147266 0.182639
2 0.709961 0.569444 0.069922 0.097222
2 0.747852 0.533681 0.087109 0.090972
2 0.602344 0.548958 0.077344 0.104861
2 0.725000 0.637153 0.121875 0.159028
