2 0.404687 0.620486 0.114062 0.131250
2 0.545312 0.665625 0.139844 0.150694
2 0.701367 0.531250 0.075391 0.101389
2 0.837695 0.764583 0.232422 0.254167
2 0.601758 0.619444 0.100391 0.127778
2 0.461914 0.472917 0.027734 0.056944
2 0.875586 0.736806 0.201172 0.215278
2 0.495703 0.478819 0.059375 0.063194
2 0.911523 0.631597 0.137109 0.147917
2 0.636523 0.529514 0.064453 0.092361
2 0.575000 0.512153 0.047656 0.075694
2 0.788867 0.632639 0.123047 0.137500
2 0.783984 0.562153 0.097656 0.111806
2 0.543945 0.551736 0.074609 0.097917
2 0.928320 0.706597 0.141797 0.161806
2 0.591797 0.506944 0.031250 0.069444
