2 0.246094 0.506250 0.046875 0.059722
2 0.972656 0.584028 0.053125 0.133333
2 0.815234 0.529514 0.065625 0.106250
2 0.860742 0.563542 0.089453 0.109028
2 0.235742 0.530903 0.056641 0.061806
2 0.762109 0.512847 0.058594 0.081250
2 0.674219 0.475347 0.032031 0.049306
2 0.373437 0.521181 0.052344 0.068750
2 0.380859 0.509722 0.046875 0.061111
2 0.577734 0.454167 0.043750 0.040278
2 0.438086 0.522222 0.060547 0.072222
2 0.620117 0.459722 0.035547 0.047222
2 0.666406 0.487500 0.046875 0.054167
2 0.713672 0.503125 0.042969 0.059028
2 0.578125 0.480903 0.047656 0.050694
2 0.617578 0.480903 0.050781 0.054861
2 0.677734 0.530208 0.072656 0.078472
2 0.575000 0.504861 0.062500 0.063889
2 0.589063 0.525347 0.071094 0.071528
2 0.513281 0.546181 0.052344 0.082639
