2 0.298828 0.511806 0.062500 0.062500
2 0.855273 0.537153 0.077734 0.111806
2 0.909180 0.575347 0.074609 0.127083
2 0.308008 0.540972 0.079297 0.073611
2 0.784961 0.511806 0.074609 0.095833
2 0.675586 0.468403 0.039453 0.043750
2 0.490039 0.553472 0.065234 0.097222
2 0.588672 0.442014 0.038281 0.042361
2 0.502539 0.529861 0.056641 0.080556
2 0.681641 0.495139 0.055469 0.070833
2 0.757617 0.515625 0.066016 0.079861
2 0.625000 0.480208 0.063281 0.064583
2 0.748633 0.542361 0.092578 0.101389
2 0.630664 0.508681 0.064453 0.074306
2 0.659375 0.533333 0.088281 0.093056
2 0.586133 0.557292 0.088672 0.093750
