2 0.376953 0.608681 0.111719 0.124306
2 0.493750 0.653472 0.133594 0.145833
2 0.702148 0.530903 0.073828 0.100694
2 0.747852 0.730556 0.192578 0.223611
2 0.545312 0.600347 0.086719 0.120139
2 0.473047 0.470139 0.042188 0.058333
2 0.746484 0.687153 0.158594 0.196528
2 0.508984 0.477431 0.059375 0.063194
2 0.915039 0.667361 0.158984 0.172222
2 0.882617 0.613889 0.124609 0.147222
2 0.634375 0.522569 0.060156 0.092361
2 0.572656 0.505556 0.052344 0.072222
2 0.753320 0.609722 0.095703 0.113889
2 0.762305 0.547917 0.088672 0.095833
2 0.558789 0.552431 0.076172 0.102083
2 0.850781 0.690972 0.169531 0.194444
