2 0.394141 0.619792 0.121094 0.135417
2 0.528906 0.661806 0.137500 0.147222
2 0.702539 0.530903 0.073047 0.100694
2 0.804492 0.751389 0.208984 0.243056
2 0.584375 0.609028 0.092188 0.115278
2 0.467383 0.474306 0.030859 0.058333
2 0.827734 0.720139 0.185156 0.212500
2 0.499219 0.479167 0.059375 0.062500
2 0.950000 0.693056 0.098437 0.195833
2 0.902539 0.630208 0.128516 0.139583
2 0.634766 0.528472 0.065625 0.094444
2 0.572852 0.510764 0.049609 0.075694
2 0.777930 0.629167 0.118359 0.136111
2 0.775977 0.558681 0.091016 0.109028
2 0.545898 0.551389 0.075391 0.097222
2 0.912891 0.712153 0.174219 0.193750
2 0.593359 0.507639 0.026562 0.073611
