2 0.310352 0.561111 0.071484 0.081944
2 0.884180 0.572917 0.098828 0.129167
2 0.938281 0.614931 0.121875 0.156250
2 0.347266 0.598264 0.087500 0.088194
2 0.742773 0.525694 0.078516 0.094444
2 0.536328 0.630556 0.099219 0.148611
2 0.497461 0.547917 0.055859 0.068056
2 0.544531 0.464931 0.027344 0.049306
2 0.545508 0.585764 0.081641 0.111806
2 0.571289 0.476736 0.046484 0.067361
2 0.686133 0.532986 0.065234 0.084028
2 0.791992 0.557292 0.080859 0.093750
2 0.649609 0.499306 0.070312 0.065278
2 0.609766 0.494792 0.049219 0.067361
2 0.805664 0.592361 0.097266 0.126389
2 0.666211 0.544097 0.077734 0.084028
2 0.707617 0.524653 0.058984 0.082639
2 0.663086 0.562500 0.087891 0.102778
2 0.644922 0.612500 0.110156 0.129167
