2 0.299414 0.506250 0.059766 0.062500
2 0.859180 0.529167 0.073047 0.101389
2 0.921289 0.576389 0.086328 0.118056
2 0.300000 0.528819 0.084375 0.067361
2 0.791016 0.509722 0.063281 0.088889
2 0.685547 0.469444 0.036719 0.045833
2 0.471289 0.536111 0.056641 0.088889
2 0.597852 0.442014 0.041016 0.039583
2 0.503516 0.521181 0.060156 0.078472
2 0.689453 0.490278 0.057813 0.068056
2 0.754102 0.512847 0.062109 0.077083
2 0.621484 0.476736 0.054688 0.063194
2 0.644336 0.471181 0.045703 0.057639
2 0.737109 0.534375 0.088281 0.085417
2 0.626172 0.504167 0.059375 0.076389
2 0.653516 0.526736 0.082812 0.085417
2 0.572656 0.550000 0.082031 0.088889
