2 0.330664 0.581597 0.086328 0.096528
2 0.923633 0.594097 0.116016 0.142361
2 0.957617 0.625000 0.083984 0.148611
2 0.388672 0.616319 0.108594 0.111806
2 0.587891 0.653125 0.120313 0.160417
2 0.510352 0.568403 0.071484 0.082639
2 0.533203 0.470139 0.032031 0.058333
2 0.575977 0.607986 0.092578 0.134028
2 0.559766 0.481597 0.050781 0.060417
2 0.727148 0.562500 0.078516 0.100000
2 0.816992 0.580556 0.091797 0.113889
2 0.657617 0.509028 0.069141 0.075000
2 0.587305 0.499306 0.047266 0.069444
2 0.852148 0.628819 0.106641 0.149306
2 0.695508 0.560417 0.080078 0.090278
2 0.741211 0.544792 0.084766 0.095139
2 0.631836 0.557986 0.076953 0.102083
2 0.694336 0.629167 0.114453 0.141667
