2 0.229492 0.509375 0.038672 0.054861
2 0.958008 0.581597 0.082422 0.127083
2 0.804102 0.522569 0.069922 0.085417
2 0.841211 0.559375 0.090234 0.109028
2 0.220898 0.529861 0.050391 0.070833
2 0.755078 0.513194 0.067187 0.070833
2 0.663672 0.480556 0.029687 0.054167
2 0.340820 0.518750 0.048828 0.065278
2 0.366992 0.512847 0.047266 0.054861
2 0.569727 0.459028 0.042578 0.038889
2 0.412695 0.520139 0.055859 0.066667
2 0.618164 0.464931 0.042578 0.050694
2 0.655469 0.490278 0.043750 0.054167
2 0.700781 0.500347 0.035937 0.063194
2 0.559570 0.486806 0.055859 0.052778
2 0.604297 0.484722 0.057031 0.050000
2 0.656445 0.532986 0.062891 0.081250
2 0.549414 0.509722 0.058984 0.063889
2 0.562305 0.525000 0.072266 0.066667
2 0.497656 0.544444 0.046875 0.076389
