2 0.300000 0.547917 0.066406 0.076389
2 0.869922 0.556597 0.089844 0.111806
2 0.925781 0.600347 0.121094 0.142361
2 0.328516 0.587847 0.078906 0.081250
2 0.757422 0.514931 0.082812 0.084028
2 0.518359 0.607639 0.081250 0.130556
2 0.484180 0.536806 0.048828 0.065278
2 0.554883 0.460764 0.027734 0.049306
2 0.526367 0.569792 0.073047 0.102083
2 0.583398 0.470139 0.037109 0.063889
2 0.679688 0.521875 0.066406 0.079861
2 0.776172 0.544444 0.081250 0.087500
2 0.635547 0.496875 0.066406 0.065972
2 0.786914 0.578125 0.098047 0.121528
2 0.648828 0.536111 0.072656 0.079167
2 0.710352 0.511111 0.033203 0.075000
2 0.677539 0.554861 0.097266 0.101389
2 0.620508 0.596181 0.104297 0.121528
