2 0.314258 0.567708 0.075391 0.081250
2 0.890820 0.572569 0.100391 0.124306
2 0.938477 0.617708 0.121484 0.152083
2 0.350586 0.604167 0.087891 0.088889
2 0.743945 0.528472 0.078516 0.088889
2 0.545508 0.634375 0.102734 0.149306
2 0.500000 0.552778 0.059375 0.073611
2 0.541211 0.467708 0.026953 0.053472
2 0.549219 0.589931 0.081250 0.114583
2 0.569336 0.477431 0.046484 0.063194
2 0.691602 0.537153 0.068359 0.085417
2 0.795898 0.561458 0.084766 0.096528
2 0.650781 0.501736 0.073438 0.071528
2 0.606445 0.495486 0.051953 0.067361
2 0.807617 0.602083 0.099609 0.134722
2 0.669727 0.545833 0.076953 0.087500
2 0.711523 0.530903 0.063672 0.082639
2 0.659961 0.560764 0.083203 0.103472
2 0.651563 0.615278 0.109375 0.130556
