2 0.451562 0.627431 0.132812 0.135417
2 0.637695 0.687847 0.155078 0.171528
2 0.694141 0.529514 0.078125 0.102083
2 0.919727 0.789583 0.159766 0.250000
2 0.712695 0.643403 0.126172 0.149306
2 0.448437 0.472222 0.033594 0.058333
2 0.481641 0.477778 0.059375 0.065278
2 0.947266 0.654167 0.103906 0.161111
2 0.657422 0.532986 0.078125 0.088194
2 0.579297 0.521181 0.060156 0.084028
2 0.877734 0.673264 0.161719 0.178472
2 0.813672 0.569792 0.105469 0.124306
2 0.530078 0.547917 0.073438 0.097222
2 0.548828 0.499306 0.038281 0.063889
