2 0.385742 0.614931 0.114453 0.131250
2 0.506836 0.661111 0.136328 0.144444
2 0.702148 0.530903 0.072266 0.100694
2 0.776367 0.739583 0.205859 0.230556
2 0.556836 0.598264 0.088672 0.113194
2 0.472070 0.471875 0.041016 0.053472
2 0.785352 0.701042 0.170703 0.203472
2 0.504102 0.478819 0.058984 0.063194
2 0.932617 0.681250 0.133203 0.172222
2 0.894922 0.625694 0.128125 0.137500
2 0.634766 0.526736 0.064062 0.095139
2 0.571484 0.509028 0.050781 0.072222
2 0.763477 0.618403 0.105078 0.120139
2 0.768359 0.553472 0.087500 0.102778
2 0.553125 0.551042 0.075781 0.096528
2 0.884961 0.703125 0.180078 0.186806
2 0.596094 0.506250 0.028125 0.070833
