2 0.300586 0.506944 0.066016 0.063889
2 0.858398 0.536458 0.073828 0.113194
2 0.916992 0.575000 0.082422 0.125000
2 0.306641 0.534722 0.082031 0.075000
2 0.788867 0.510417 0.072266 0.093056
2 0.679688 0.467708 0.036719 0.042361
2 0.483398 0.548611 0.061328 0.101389
2 0.592187 0.442361 0.039062 0.041667
2 0.504102 0.524653 0.059766 0.075694
2 0.685547 0.493750 0.057813 0.069444
2 0.758008 0.520833 0.066797 0.079167
2 0.624805 0.479514 0.062109 0.064583
2 0.747266 0.538542 0.092969 0.090972
2 0.628906 0.505208 0.065625 0.068750
2 0.657617 0.531250 0.086328 0.093056
2 0.580859 0.555208 0.080469 0.093750
