2 0.300586 0.546528 0.068359 0.069444
2 0.864453 0.552778 0.088281 0.108333
2 0.920117 0.595139 0.117578 0.134722
2 0.323828 0.583681 0.076563 0.074306
2 0.761914 0.513542 0.083203 0.084028
2 0.510938 0.603472 0.078906 0.131944
2 0.482422 0.535417 0.050781 0.061111
2 0.558008 0.458333 0.028516 0.048611
2 0.521875 0.565278 0.073438 0.100000
2 0.585938 0.469097 0.035937 0.064583
2 0.678711 0.517014 0.066797 0.078472
2 0.771680 0.538542 0.078516 0.084028
2 0.630859 0.496528 0.065625 0.066667
2 0.780273 0.571528 0.096484 0.113889
2 0.644336 0.535069 0.071484 0.078472
2 0.712891 0.509028 0.032813 0.075000
2 0.675391 0.555208 0.092969 0.103472
2 0.613672 0.595139 0.101562 0.123611
