2 0.295508 0.521181 0.065234 0.065972
2 0.851562 0.536111 0.081250 0.104167
2 0.910156 0.580556 0.078906 0.131944
2 0.308008 0.552778 0.073828 0.073611
2 0.779297 0.512153 0.078125 0.090972
2 0.668164 0.472222 0.044141 0.050000
2 0.494922 0.565625 0.068750 0.099306
2 0.469922 0.517708 0.049219 0.060417
2 0.576758 0.446875 0.037109 0.049306
2 0.504297 0.535764 0.059375 0.082639
2 0.679297 0.500347 0.059375 0.071528
2 0.758203 0.523611 0.069531 0.081944
2 0.621289 0.485764 0.065234 0.067361
2 0.754102 0.544792 0.094922 0.100694
2 0.628711 0.515625 0.066797 0.075694
2 0.665234 0.537847 0.086719 0.096528
2 0.587695 0.572917 0.090234 0.113889
