2 0.462109 0.668056 0.010156 0.006944
2 0.659570 0.690278 0.154297 0.169444
2 0.692383 0.530208 0.076172 0.102083
2 0.931250 0.792361 0.137500 0.238889
2 0.744727 0.650694 0.133984 0.152778
2 0.441016 0.472222 0.032813 0.058333
2 0.476953 0.478472 0.058594 0.065278
2 0.953906 0.653819 0.090625 0.157639
2 0.664453 0.534375 0.076563 0.092361
2 0.579297 0.521875 0.060156 0.081250
2 0.901563 0.681944 0.170313 0.179167
2 0.819922 0.573611 0.110156 0.126389
2 0.525391 0.548264 0.072656 0.097917
2 0.544531 0.501389 0.038281 0.063889
