2 0.253516 0.506597 0.052344 0.061806
2 0.978320 0.582639 0.041797 0.127778
2 0.822852 0.525694 0.069141 0.101389
2 0.871289 0.561458 0.090234 0.109028
2 0.241797 0.529861 0.056250 0.062500
2 0.764062 0.509722 0.058594 0.075000
2 0.678125 0.475000 0.032031 0.048611
2 0.384375 0.521875 0.055469 0.071528
2 0.580664 0.452431 0.044141 0.039583
2 0.448242 0.521528 0.060547 0.068056
2 0.620313 0.459028 0.035156 0.045833
2 0.668359 0.487847 0.044531 0.057639
2 0.718945 0.504514 0.046484 0.060417
2 0.585156 0.479861 0.047656 0.054167
2 0.622656 0.478819 0.048438 0.053472
2 0.685742 0.530556 0.076953 0.079167
2 0.582227 0.506944 0.065234 0.063889
2 0.598047 0.523958 0.072656 0.072917
2 0.518750 0.544097 0.053906 0.079861
