2 0.295703 0.502778 0.054688 0.061111
2 0.855469 0.530208 0.073438 0.104861
2 0.920898 0.567708 0.088672 0.111806
2 0.293555 0.525000 0.079297 0.069444
2 0.790625 0.511806 0.058594 0.086111
2 0.690625 0.468403 0.033594 0.046528
2 0.463867 0.531250 0.056641 0.084722
2 0.599609 0.442708 0.042188 0.039583
2 0.502930 0.521875 0.063672 0.078472
2 0.689063 0.489236 0.055469 0.068750
2 0.752734 0.511458 0.060937 0.075694
2 0.620898 0.475347 0.051953 0.061806
2 0.646680 0.471181 0.045703 0.057639
2 0.734766 0.532986 0.087500 0.086806
2 0.624219 0.502083 0.059375 0.069444
2 0.650977 0.524653 0.082422 0.082639
2 0.568750 0.551389 0.081250 0.098611
