1 1 0.332422 0.520139 0.076563 0.087500
1 2 0.248242 0.485417 0.044141 0.183333
1 3 0.175195 0.465972 0.067578 0.198611
1 4 0.398242 0.474653 0.062109 0.193750
1 5 0.241406 0.464931 0.061719 0.211806
1 6 0.413281 0.474306 0.063281 0.208333
1 7 0.481250 0.459722 0.055469 0.183333
1 9 0.492969 0.462847 0.049219 0.202083
1 10 0.110742 0.497917 0.070703 0.175000
1 11 0.073438 0.512847 0.106250 0.213194
1 13 0.018945 0.495139 0.037891 0.197222
1 14 0.582031 0.501389 0.075781 0.068056
1 15 0.555859 0.481944 0.072656 0.144444
1 16 0.843555 0.439931 0.050391 0.174306
1 17 0.671289 0.436806 0.095703 0.306944
1 19 0.605273 0.448264 0.067578 0.159028
1 21 0.708203 0.432292 0.051562 0.199306
1 22 0.887500 0.438194 0.064844 0.183333
1 23 0.963086 0.416319 0.073047 0.203472
1 24 0.974609 0.440625 0.050000 0.213194
1 25 0.889062 0.449653 0.069531 0.195139
1 30 0.406836 0.725347 0.124609 0.306250
1 31 0.091992 0.650694 0.115234 0.259722
