1 1 0.354297 0.518056 0.053906 0.063889
1 2 0.270313 0.486806 0.046875 0.172222
1 3 0.209180 0.469444 0.055859 0.181944
1 4 0.407227 0.476389 0.055859 0.187500
1 5 0.265039 0.464931 0.058984 0.181250
1 6 0.421680 0.479861 0.057422 0.181944
1 7 0.479297 0.463194 0.047656 0.169444
1 9 0.489844 0.495139 0.066406 0.129167
1 10 0.142187 0.504861 0.072656 0.159722
1 11 0.082422 0.509722 0.077344 0.206944
1 14 0.577344 0.501389 0.064062 0.063889
1 15 0.550195 0.484722 0.064453 0.127778
1 16 0.810742 0.443750 0.047266 0.159722
1 18 0.649023 0.452778 0.051953 0.147222
1 20 0.670312 0.472222 0.064062 0.150000
1 21 0.688867 0.439931 0.044922 0.184028
1 22 0.736133 0.474653 0.049609 0.140972
1 23 0.927930 0.429167 0.075391 0.183333
1 24 0.937109 0.445486 0.062500 0.190972
1 25 0.857422 0.459375 0.059375 0.181250
1 30 0.895898 0.701389 0.109766 0.272222
1 31 0.606641 0.621528 0.089063 0.248611
1 32 0.342578 0.637847 0.092188 0.257639
1 34 0.289844 0.663194 0.094531 0.247222
1 35 0.033203 0.572222 0.066406 0.237500
1 36 0.056641 0.725694 0.098437 0.276389
1 38 0.047852 0.682639 0.094922 0.263889
