1 1 0.354297 0.519097 0.053906 0.068750
1 2 0.267188 0.482986 0.048438 0.163194
1 3 0.205664 0.471528 0.055859 0.179167
1 4 0.408984 0.476042 0.064844 0.188194
1 5 0.263477 0.463889 0.058203 0.183333
1 6 0.418750 0.479514 0.057813 0.188194
1 7 0.478320 0.463542 0.048047 0.164583
1 9 0.490039 0.495139 0.066797 0.130556
1 10 0.140430 0.501736 0.074609 0.163194
1 11 0.080273 0.511111 0.075391 0.205556
1 13 0.055469 0.500347 0.056250 0.177083
1 14 0.578516 0.502431 0.064844 0.065972
1 15 0.550781 0.485069 0.064844 0.127083
1 16 0.813672 0.444444 0.046094 0.156944
1 18 0.648633 0.452431 0.051172 0.153472
1 20 0.671094 0.472917 0.063281 0.151389
1 21 0.690234 0.439931 0.047656 0.186806
1 22 0.743555 0.469097 0.048828 0.156250
1 23 0.930859 0.427431 0.074219 0.182639
1 24 0.941992 0.444097 0.061328 0.188194
1 25 0.857617 0.457639 0.063672 0.177778
1 30 0.856641 0.707639 0.111719 0.277778
1 31 0.582031 0.621181 0.091406 0.245139
1 32 0.300977 0.637847 0.101953 0.257639
1 34 0.241992 0.664236 0.103516 0.250694
1 35 0.015234 0.577431 0.028906 0.224306
1 36 0.046484 0.730208 0.089063 0.270139
1 38 0.024609 0.682292 0.047656 0.275694
