1 1 0.366406 0.514931 0.051562 0.054861
1 2 0.290039 0.490278 0.041797 0.156944
1 3 0.234961 0.497222 0.050391 0.116667
1 4 0.414258 0.478125 0.049609 0.168750
1 5 0.287109 0.467361 0.052344 0.168056
1 6 0.428125 0.479514 0.053906 0.165972
1 7 0.482422 0.466319 0.046875 0.149306
1 9 0.491406 0.498611 0.061719 0.116667
1 10 0.170117 0.505556 0.066016 0.144444
1 12 0.026562 0.519097 0.053125 0.132639
1 13 0.091602 0.522569 0.061328 0.114583
1 14 0.572461 0.501736 0.056641 0.061806
1 15 0.549219 0.488542 0.060156 0.117361
1 16 0.787305 0.447917 0.041797 0.148611
1 18 0.635938 0.456250 0.046875 0.134722
1 20 0.665234 0.457292 0.065625 0.175694
1 21 0.673633 0.448264 0.043359 0.161806
1 22 0.715430 0.465625 0.046484 0.159028
1 23 0.894727 0.441319 0.058203 0.147917
1 24 0.905273 0.479167 0.076172 0.118056
1 25 0.826562 0.476736 0.054688 0.131250
1 26 0.844727 0.431250 0.038672 0.151389
1 29 0.862891 0.423958 0.035156 0.163194
1 32 0.879297 0.651736 0.078125 0.242361
1 33 0.083789 0.485069 0.051172 0.160417
1 34 0.752344 0.671875 0.086719 0.229861
1 35 0.357227 0.555903 0.076172 0.213194
1 36 0.370117 0.707639 0.076172 0.273611
1 37 0.145508 0.671875 0.066016 0.246528
