1 1 0.354102 0.515972 0.054297 0.065278
1 2 0.270703 0.487847 0.049219 0.171528
1 3 0.210938 0.469792 0.053125 0.178472
1 4 0.407031 0.476389 0.055469 0.184722
1 5 0.266211 0.465278 0.058203 0.181944
1 6 0.420703 0.475347 0.055469 0.182639
1 7 0.479687 0.464236 0.046875 0.167361
1 9 0.489844 0.494792 0.066406 0.128472
1 10 0.143555 0.505903 0.072266 0.159028
1 11 0.083594 0.508681 0.078125 0.207639
1 14 0.577148 0.501042 0.063672 0.063194
1 15 0.550391 0.483681 0.064844 0.132639
1 16 0.810742 0.444444 0.045703 0.158333
1 18 0.648828 0.453125 0.053125 0.147917
1 20 0.670117 0.472569 0.063672 0.147917
1 21 0.686719 0.441319 0.049219 0.181250
1 22 0.735352 0.482986 0.048828 0.134028
1 23 0.926367 0.427431 0.075391 0.179861
1 24 0.936133 0.445139 0.062109 0.191667
1 25 0.855078 0.457639 0.059375 0.177778
1 30 0.912891 0.704167 0.108594 0.270833
1 31 0.622461 0.615278 0.091016 0.248611
1 32 0.365039 0.636111 0.088672 0.252778
1 34 0.312891 0.666667 0.100781 0.250000
1 35 0.042578 0.578472 0.084375 0.226389
1 36 0.066797 0.724653 0.097656 0.275694
1 38 0.067969 0.682292 0.089844 0.257639
