1 1 0.358594 0.520833 0.053906 0.070833
1 2 0.276172 0.482986 0.041406 0.175694
1 3 0.216016 0.479167 0.055469 0.156944
1 4 0.410156 0.475694 0.055469 0.177778
1 5 0.272852 0.465972 0.062109 0.183333
1 6 0.423438 0.478819 0.057813 0.181250
1 7 0.479883 0.464931 0.038672 0.160417
1 9 0.490430 0.495139 0.066016 0.123611
1 10 0.150391 0.504167 0.068750 0.151389
1 11 0.086328 0.495833 0.084375 0.226389
1 13 0.061719 0.518056 0.057031 0.136111
1 14 0.575586 0.503125 0.062891 0.068750
1 15 0.550781 0.480903 0.063281 0.136806
1 16 0.804883 0.445139 0.046484 0.152778
1 18 0.645117 0.453472 0.053516 0.145833
1 20 0.670312 0.465972 0.053906 0.163889
1 21 0.684180 0.440278 0.043359 0.176389
1 22 0.734375 0.485417 0.049219 0.122222
1 23 0.918164 0.427431 0.075391 0.178472
1 24 0.932031 0.472569 0.085156 0.135417
1 25 0.847852 0.455556 0.058984 0.177778
1 26 0.851367 0.442014 0.073047 0.146528
1 29 0.879297 0.421181 0.047656 0.170139
1 31 0.736719 0.614236 0.097656 0.239583
1 32 0.494141 0.637847 0.100781 0.252083
1 33 0.018164 0.494444 0.035547 0.040278
1 34 0.445312 0.662153 0.105469 0.246528
1 35 0.133984 0.564931 0.079687 0.227083
1 36 0.147852 0.722222 0.111328 0.269444
1 37 0.125195 0.687847 0.077734 0.247917
1 19 0.716211 0.460069 0.051172 0.109028
