1 1 0.353906 0.518750 0.053906 0.072222
1 2 0.266797 0.487500 0.048438 0.172222
1 3 0.205273 0.471528 0.055078 0.180556
1 4 0.408203 0.475000 0.061719 0.186111
1 5 0.263477 0.464583 0.056641 0.188889
1 6 0.418945 0.479861 0.057422 0.186111
1 7 0.478906 0.465278 0.048438 0.168056
1 9 0.490430 0.494097 0.067578 0.131250
1 10 0.138281 0.502431 0.074219 0.164583
1 11 0.076953 0.510417 0.080469 0.204167
1 13 0.056055 0.497569 0.058984 0.182639
1 14 0.578516 0.502778 0.065625 0.066667
1 15 0.551172 0.484028 0.065625 0.129167
1 16 0.815430 0.443056 0.044141 0.159722
1 18 0.646680 0.452083 0.048828 0.152778
1 19 0.702734 0.462847 0.054688 0.134028
1 20 0.671289 0.472569 0.062891 0.152083
1 21 0.690820 0.437847 0.048828 0.185417
1 22 0.747852 0.466667 0.046484 0.162500
1 23 0.933203 0.426389 0.076563 0.181944
1 24 0.944922 0.447222 0.057813 0.188889
1 25 0.859961 0.456250 0.062109 0.177778
1 30 0.841797 0.705556 0.110937 0.279167
1 31 0.563477 0.621875 0.095703 0.243750
1 32 0.266797 0.639931 0.093750 0.256250
1 34 0.208203 0.668056 0.093750 0.250000
1 36 0.042578 0.726736 0.083594 0.278472
1 38 0.012891 0.681944 0.023438 0.281944
