1 1 0.332813 0.519444 0.070312 0.083333
1 2 0.244531 0.486458 0.045312 0.192361
1 3 0.171680 0.468750 0.062891 0.195833
1 4 0.396875 0.477778 0.057031 0.197222
1 5 0.241992 0.461458 0.073047 0.209028
1 6 0.410938 0.471875 0.064062 0.211806
1 7 0.479102 0.457986 0.051953 0.188194
1 9 0.492773 0.461111 0.051172 0.212500
1 10 0.112109 0.495486 0.056250 0.178472
1 11 0.093945 0.506597 0.083203 0.228472
1 13 0.013867 0.500347 0.024609 0.207639
1 14 0.584375 0.499306 0.074219 0.079167
1 16 0.850586 0.438542 0.051953 0.174306
1 17 0.550781 0.452778 0.125781 0.294444
1 18 0.665820 0.445486 0.055078 0.167361
1 20 0.687891 0.468056 0.067969 0.170833
1 21 0.712109 0.431944 0.052344 0.201389
1 22 0.893945 0.434722 0.064453 0.198611
1 23 0.966992 0.419097 0.065234 0.217361
1 24 0.979688 0.427083 0.039844 0.229167
1 25 0.894531 0.451736 0.070312 0.203472
1 30 0.328516 0.724653 0.095312 0.318750
1 31 0.033203 0.652778 0.063281 0.269444
