1 1 0.332617 0.521181 0.072266 0.085417
1 2 0.245898 0.486806 0.048047 0.190278
1 3 0.174414 0.469444 0.066016 0.194444
1 4 0.397656 0.476389 0.057031 0.195833
1 5 0.243945 0.462500 0.069922 0.208333
1 6 0.412305 0.475000 0.064453 0.216667
1 7 0.482617 0.459028 0.057422 0.184722
1 9 0.492773 0.461458 0.051953 0.203472
1 10 0.114648 0.497222 0.055078 0.173611
1 11 0.080664 0.510764 0.101953 0.215972
1 13 0.016016 0.495486 0.032031 0.199306
1 15 0.558008 0.481250 0.075391 0.144444
1 16 0.847852 0.438889 0.049609 0.176389
1 17 0.592773 0.447222 0.108203 0.302778
1 18 0.664258 0.443750 0.053516 0.165278
1 20 0.685352 0.468403 0.065234 0.168750
1 21 0.710352 0.432292 0.051953 0.200694
1 22 0.891797 0.433681 0.064062 0.193750
1 23 0.965234 0.416319 0.068750 0.209028
1 24 0.974023 0.438194 0.051172 0.213889
1 25 0.893359 0.450000 0.068750 0.201389
1 30 0.359375 0.721875 0.102344 0.307639
1 31 0.054297 0.654514 0.100000 0.264583
