1 1 0.357031 0.518750 0.053125 0.070833
1 2 0.272070 0.488542 0.048828 0.170139
1 3 0.212305 0.475694 0.055078 0.168056
1 4 0.407617 0.475347 0.055078 0.184028
1 5 0.270508 0.464236 0.060547 0.179861
1 6 0.420117 0.478125 0.053516 0.185417
1 7 0.480469 0.465972 0.046094 0.165278
1 9 0.489648 0.494444 0.066016 0.126389
1 10 0.147461 0.504167 0.070703 0.154167
1 11 0.084180 0.497222 0.080078 0.211111
1 13 0.059766 0.491319 0.057813 0.189583
1 14 0.575977 0.502083 0.062109 0.065278
1 15 0.550195 0.482639 0.064453 0.131944
1 16 0.808203 0.445833 0.045312 0.156944
1 18 0.645898 0.451042 0.048828 0.149306
1 19 0.717187 0.462500 0.079687 0.125000
1 20 0.668555 0.470139 0.061328 0.155556
1 21 0.684375 0.440625 0.048438 0.177083
1 22 0.736133 0.481944 0.041016 0.123611
1 23 0.921484 0.427431 0.071875 0.182639
1 24 0.936914 0.464583 0.078516 0.152778
1 25 0.851758 0.459722 0.058203 0.176389
1 30 0.965625 0.696181 0.068750 0.275694
1 31 0.676172 0.614583 0.096094 0.243056
1 32 0.430273 0.636806 0.111328 0.251389
1 34 0.384961 0.665625 0.100391 0.246528
1 35 0.090430 0.570486 0.083203 0.228472
1 36 0.100391 0.719792 0.110156 0.275694
1 38 0.097266 0.689931 0.079687 0.254861
