1 1 0.333984 0.518403 0.076563 0.088194
1 2 0.250977 0.485764 0.041797 0.185417
1 3 0.178320 0.470833 0.068359 0.194444
1 4 0.397852 0.475694 0.056641 0.197222
1 5 0.243359 0.460417 0.065625 0.197222
1 6 0.415039 0.473611 0.061328 0.198611
1 7 0.479687 0.460417 0.054688 0.183333
1 9 0.493164 0.464236 0.049609 0.202083
1 10 0.112109 0.500000 0.075000 0.177778
1 11 0.066211 0.514236 0.084766 0.211806
1 13 0.020703 0.495139 0.041406 0.195833
1 14 0.582422 0.501042 0.075000 0.068750
1 15 0.556055 0.481597 0.072266 0.145139
1 16 0.841406 0.439583 0.047656 0.173611
1 17 0.700586 0.438194 0.106641 0.291667
1 18 0.658398 0.448958 0.050391 0.167361
1 19 0.615430 0.447917 0.066797 0.158333
1 22 0.885352 0.439583 0.067578 0.183333
1 23 0.961914 0.416667 0.075391 0.200000
1 24 0.973828 0.440278 0.051562 0.208333
1 25 0.884961 0.451389 0.065234 0.195833
1 30 0.452344 0.721528 0.108594 0.305556
1 31 0.136133 0.643403 0.111328 0.263194
