1 1 0.338672 0.514931 0.071875 0.088194
1 2 0.256836 0.485417 0.044141 0.181944
1 3 0.191016 0.465972 0.059375 0.193056
1 4 0.404297 0.474306 0.060937 0.194444
1 5 0.248633 0.460764 0.062891 0.193750
1 6 0.415039 0.471875 0.062891 0.200694
1 7 0.483594 0.461111 0.057031 0.176389
1 9 0.499219 0.465625 0.064844 0.190972
1 10 0.119922 0.502431 0.078125 0.175694
1 11 0.051758 0.515278 0.090234 0.209722
1 13 0.027539 0.497917 0.055078 0.187500
1 14 0.582422 0.500694 0.074219 0.066667
1 15 0.552734 0.481944 0.071875 0.141667
1 17 0.813867 0.429861 0.108984 0.294444
1 18 0.657227 0.447222 0.053516 0.156944
1 19 0.623633 0.443403 0.058203 0.165972
1 20 0.678711 0.468403 0.066016 0.161806
1 21 0.701562 0.433681 0.050000 0.192361
1 23 0.955469 0.418750 0.077344 0.202778
1 24 0.968750 0.440278 0.061719 0.212500
1 25 0.878906 0.452083 0.062500 0.194444
1 30 0.572266 0.716319 0.108594 0.290972
1 31 0.273828 0.639583 0.111719 0.265278
