1 1 0.352734 0.519792 0.054688 0.075694
1 2 0.265234 0.486458 0.046875 0.178472
1 3 0.204687 0.470139 0.054688 0.184722
1 4 0.406836 0.474653 0.058203 0.185417
1 5 0.262109 0.463194 0.057813 0.186111
1 6 0.419336 0.476042 0.058203 0.186806
1 7 0.480469 0.462847 0.049219 0.168750
1 9 0.491016 0.493056 0.070312 0.133333
1 10 0.136133 0.501736 0.076172 0.164583
1 11 0.073633 0.513194 0.077734 0.201389
1 13 0.048242 0.496875 0.051953 0.181250
1 14 0.577930 0.502778 0.066797 0.068056
1 15 0.551953 0.485417 0.064844 0.131944
1 16 0.818945 0.444097 0.045703 0.159028
1 18 0.649609 0.448958 0.053125 0.156250
1 20 0.672070 0.471875 0.062109 0.153472
1 21 0.691797 0.437153 0.049219 0.184028
1 22 0.750586 0.464236 0.051172 0.160417
1 23 0.935352 0.425000 0.078516 0.190278
1 24 0.950195 0.443750 0.058984 0.191667
1 25 0.862891 0.456250 0.064062 0.183333
1 30 0.812500 0.702083 0.107813 0.279167
1 31 0.533594 0.627431 0.103125 0.247917
1 32 0.218359 0.641319 0.100781 0.264583
1 34 0.153516 0.662847 0.102344 0.259028
1 36 0.033594 0.724653 0.066406 0.281250
