1 1 0.351562 0.518403 0.055469 0.074306
1 2 0.265234 0.488542 0.042969 0.181250
1 3 0.203125 0.468056 0.057031 0.186111
1 4 0.408008 0.474653 0.058984 0.190972
1 5 0.260547 0.462153 0.060156 0.190972
1 6 0.417773 0.475347 0.061328 0.193750
1 7 0.479297 0.461458 0.049219 0.167361
1 9 0.488086 0.490625 0.070703 0.136806
1 10 0.130664 0.502083 0.073828 0.169444
1 11 0.066406 0.512153 0.085156 0.202083
1 13 0.046875 0.495486 0.059375 0.185417
1 14 0.578320 0.501736 0.068359 0.070139
1 15 0.552930 0.483681 0.066016 0.132639
1 16 0.822461 0.441667 0.046484 0.161111
1 18 0.652148 0.451042 0.051953 0.156250
1 20 0.672070 0.472222 0.063672 0.150000
1 21 0.695312 0.437847 0.047656 0.189583
1 22 0.769336 0.458333 0.053516 0.168056
1 23 0.943555 0.421181 0.086328 0.195139
1 24 0.953906 0.443750 0.062500 0.195833
1 25 0.865430 0.456597 0.062891 0.184028
1 30 0.764648 0.703819 0.103516 0.281250
1 31 0.471094 0.629514 0.098437 0.249306
1 32 0.146484 0.638542 0.090625 0.267361
1 34 0.061914 0.663194 0.102734 0.258333
1 36 0.014258 0.735417 0.026953 0.273611
