1 1 0.354492 0.519097 0.053516 0.064583
1 2 0.269922 0.484375 0.046875 0.167361
1 3 0.206836 0.470486 0.057422 0.181250
1 4 0.408594 0.476389 0.063281 0.188889
1 5 0.263672 0.463889 0.059375 0.180556
1 6 0.419531 0.479514 0.057813 0.186806
1 7 0.478711 0.462847 0.048047 0.165972
1 9 0.490039 0.494792 0.066797 0.129861
1 10 0.141211 0.503472 0.073047 0.161111
1 11 0.081641 0.510069 0.076563 0.206250
1 13 0.052539 0.500000 0.051953 0.176389
1 14 0.577930 0.502083 0.064453 0.065278
1 15 0.550195 0.485417 0.063672 0.125000
1 16 0.811914 0.445139 0.047266 0.156944
1 18 0.649414 0.452778 0.051953 0.151389
1 20 0.670508 0.472569 0.063672 0.150694
1 21 0.689648 0.439931 0.045703 0.185417
1 22 0.739453 0.471528 0.050000 0.150000
1 23 0.928320 0.428472 0.073047 0.184722
1 24 0.940820 0.444792 0.061328 0.190972
1 25 0.858203 0.459028 0.061719 0.177778
1 30 0.879102 0.705556 0.101953 0.273611
1 31 0.597461 0.619792 0.097266 0.245139
1 32 0.325000 0.640278 0.098437 0.254167
1 34 0.265430 0.667014 0.099609 0.253472
1 35 0.024219 0.575000 0.046875 0.230556
1 36 0.049609 0.729167 0.099219 0.269444
1 38 0.035742 0.682292 0.071484 0.270139
