1 1 0.339062 0.516319 0.070312 0.081250
1 2 0.253711 0.484722 0.044141 0.177778
1 3 0.186523 0.468056 0.063672 0.194444
1 4 0.402148 0.475694 0.058203 0.198611
1 5 0.248047 0.459375 0.060156 0.193750
1 6 0.414844 0.472917 0.061719 0.205556
1 7 0.483008 0.460764 0.056641 0.182639
1 9 0.493750 0.460764 0.052344 0.203472
1 10 0.114844 0.502083 0.079687 0.180556
1 11 0.053516 0.513542 0.092188 0.209028
1 13 0.023438 0.495486 0.046875 0.192361
1 14 0.582227 0.500694 0.074609 0.068056
1 15 0.554688 0.479514 0.071875 0.142361
1 16 0.840430 0.439236 0.051172 0.172917
1 17 0.749805 0.433333 0.116016 0.297222
1 18 0.657227 0.446181 0.053516 0.161806
1 19 0.616992 0.447569 0.058203 0.163194
1 20 0.677734 0.468750 0.068750 0.158333
1 21 0.703906 0.432986 0.049219 0.193750
1 22 0.864453 0.440625 0.088281 0.174306
1 23 0.956641 0.417708 0.073438 0.197917
1 24 0.969922 0.440278 0.059375 0.206944
1 25 0.882617 0.451042 0.068359 0.193750
1 30 0.514648 0.717014 0.101953 0.302083
1 31 0.200586 0.638542 0.105859 0.263194
