1 1 0.364258 0.519792 0.051953 0.064583
1 2 0.286328 0.490278 0.050000 0.161111
1 3 0.224609 0.495486 0.054688 0.121528
1 4 0.412305 0.477778 0.052734 0.172222
1 5 0.281250 0.468056 0.055469 0.175000
1 6 0.426172 0.479167 0.057813 0.172222
1 7 0.480273 0.467361 0.043359 0.156944
1 9 0.491602 0.496528 0.064453 0.119444
1 10 0.166016 0.504167 0.065625 0.147222
1 11 0.061914 0.517708 0.075391 0.186806
1 12 0.023633 0.517708 0.044141 0.124306
1 13 0.085352 0.525000 0.056641 0.120833
1 14 0.573242 0.502083 0.058203 0.063889
1 15 0.548633 0.485417 0.059766 0.126389
1 16 0.793359 0.446181 0.042969 0.150694
1 18 0.640625 0.456597 0.052344 0.139583
1 20 0.666211 0.455556 0.058203 0.179167
1 21 0.678125 0.445486 0.042969 0.167361
1 22 0.721289 0.462847 0.052734 0.164583
1 23 0.904492 0.431944 0.066797 0.170833
1 24 0.913281 0.478472 0.078125 0.116667
1 25 0.834375 0.475347 0.057031 0.138194
1 26 0.843750 0.436111 0.038281 0.165278
1 29 0.867969 0.426389 0.041406 0.159722
1 31 0.964063 0.594792 0.071094 0.225694
1 32 0.773633 0.647569 0.076172 0.245139
1 34 0.651367 0.668750 0.091797 0.233333
1 35 0.299609 0.560764 0.078906 0.213194
1 36 0.362891 0.717708 0.078906 0.270139
1 37 0.139648 0.673264 0.067578 0.253472
