1 1 0.365234 0.519097 0.049219 0.064583
1 2 0.285352 0.488889 0.047266 0.161111
1 3 0.229883 0.498264 0.050391 0.121528
1 4 0.413281 0.478819 0.051562 0.171528
1 5 0.282422 0.468056 0.053906 0.175000
1 6 0.426563 0.478125 0.054688 0.170139
1 7 0.481445 0.466319 0.043359 0.157639
1 9 0.491406 0.497917 0.063281 0.116667
1 10 0.168359 0.505208 0.064062 0.147917
1 11 0.038672 0.521528 0.070312 0.184722
1 12 0.022461 0.518403 0.044922 0.129861
1 13 0.086719 0.523611 0.059375 0.116667
1 14 0.572852 0.501736 0.057422 0.063194
1 15 0.548047 0.486458 0.060937 0.121528
1 16 0.791016 0.448611 0.040625 0.148611
1 18 0.636133 0.455208 0.047266 0.142361
1 20 0.662695 0.456597 0.056641 0.177083
1 21 0.673047 0.445486 0.047656 0.160417
1 22 0.719727 0.461458 0.048828 0.164583
1 23 0.897461 0.434028 0.050391 0.168056
1 24 0.909961 0.477778 0.078516 0.122222
1 25 0.832227 0.475694 0.055078 0.134722
1 26 0.843945 0.433333 0.038672 0.158333
1 29 0.861133 0.425347 0.041797 0.164583
1 32 0.813086 0.650694 0.083984 0.244444
1 33 0.087891 0.479861 0.068750 0.133333
1 34 0.675586 0.665972 0.094141 0.227778
1 35 0.313672 0.557292 0.073438 0.213194
1 36 0.368555 0.715972 0.074609 0.270833
1 37 0.141602 0.670486 0.066797 0.253472
