1 1 0.353320 0.519792 0.053516 0.075694
1 2 0.266406 0.486111 0.047656 0.176389
1 3 0.204687 0.470833 0.054688 0.183333
1 4 0.407617 0.474653 0.059766 0.185417
1 5 0.262891 0.463542 0.057031 0.188194
1 6 0.419531 0.478125 0.056250 0.184028
1 7 0.480664 0.463889 0.048828 0.168056
1 9 0.491211 0.493056 0.069141 0.131944
1 10 0.137109 0.502778 0.075000 0.165278
1 11 0.074609 0.511806 0.079687 0.202778
1 13 0.050391 0.495833 0.052344 0.181944
1 14 0.578320 0.502431 0.066016 0.067361
1 15 0.551367 0.484722 0.065234 0.130556
1 16 0.817383 0.443750 0.044922 0.158333
1 18 0.646484 0.451042 0.049219 0.153472
1 19 0.705469 0.465625 0.044531 0.129861
1 20 0.671680 0.472569 0.062891 0.152083
1 21 0.691602 0.436806 0.049609 0.184722
1 22 0.750391 0.466319 0.047656 0.163194
1 23 0.934180 0.425694 0.077734 0.186111
1 24 0.948633 0.444444 0.057422 0.191667
1 25 0.861328 0.455556 0.064062 0.180556
1 30 0.825977 0.702083 0.116016 0.277778
1 31 0.549219 0.628819 0.104688 0.245139
1 32 0.240039 0.638889 0.103516 0.259722
1 34 0.178906 0.666667 0.103125 0.252778
1 36 0.039844 0.724653 0.076563 0.285417
