1 1 0.362109 0.520139 0.054688 0.068056
1 2 0.278125 0.489583 0.047656 0.163889
1 3 0.220898 0.494444 0.057422 0.130556
1 4 0.411719 0.478472 0.056250 0.176389
1 5 0.276367 0.463889 0.051953 0.172222
1 6 0.425391 0.479514 0.057813 0.178472
1 7 0.479297 0.465278 0.044531 0.156944
1 9 0.491211 0.496875 0.064453 0.122917
1 10 0.158789 0.504861 0.066016 0.147222
1 11 0.097656 0.506944 0.075781 0.197222
1 12 0.019141 0.527083 0.037500 0.120833
1 13 0.074023 0.518056 0.060547 0.127778
1 14 0.574609 0.502431 0.059375 0.065972
1 15 0.548828 0.484722 0.060156 0.127778
1 16 0.798047 0.446181 0.044531 0.149306
1 18 0.641406 0.454861 0.050781 0.141667
1 20 0.669727 0.454861 0.058984 0.181944
1 21 0.679688 0.444444 0.046875 0.173611
1 22 0.723242 0.476389 0.044141 0.143056
1 23 0.909961 0.430208 0.071484 0.175694
1 24 0.921484 0.475694 0.078906 0.120833
1 25 0.838086 0.469792 0.055078 0.150694
1 29 0.868945 0.424653 0.049609 0.164583
1 31 0.895703 0.600347 0.100000 0.228472
1 32 0.675195 0.644097 0.081641 0.249306
1 34 0.566406 0.670139 0.096875 0.229167
1 35 0.239648 0.567014 0.076172 0.214583
1 36 0.310547 0.722569 0.091406 0.264583
1 37 0.134570 0.680903 0.068359 0.253472
1 26 0.848633 0.431944 0.045703 0.148611
