1 1 0.362109 0.520833 0.053906 0.066667
1 2 0.278320 0.488889 0.049609 0.162500
1 3 0.221289 0.496181 0.055078 0.125694
1 4 0.411133 0.478819 0.055078 0.177083
1 5 0.277539 0.465278 0.053516 0.175000
1 6 0.425195 0.481944 0.057422 0.177778
1 7 0.479297 0.465625 0.044531 0.157639
1 9 0.491211 0.496875 0.062109 0.121528
1 10 0.159961 0.505556 0.065234 0.144444
1 11 0.095898 0.510764 0.071484 0.189583
1 12 0.019336 0.527778 0.037891 0.116667
1 13 0.074609 0.517014 0.060156 0.128472
1 14 0.574219 0.502431 0.059375 0.065972
1 15 0.549609 0.483333 0.058594 0.123611
1 16 0.796875 0.446181 0.044531 0.146528
1 18 0.641406 0.455208 0.049219 0.142361
1 20 0.665039 0.455208 0.052734 0.179861
1 21 0.679102 0.443750 0.046484 0.170833
1 22 0.720898 0.474653 0.046484 0.149306
1 23 0.908984 0.434722 0.072656 0.183333
1 24 0.916797 0.478472 0.083594 0.120833
1 25 0.838672 0.471181 0.053906 0.146528
1 29 0.866016 0.425000 0.051562 0.162500
1 31 0.911133 0.598611 0.092578 0.233333
1 32 0.698828 0.643750 0.075000 0.248611
1 34 0.584570 0.666667 0.095703 0.230556
1 35 0.246875 0.561806 0.073438 0.219444
1 36 0.320898 0.721875 0.090234 0.268750
1 37 0.136328 0.678819 0.070312 0.249306
1 26 0.848047 0.430556 0.042969 0.154167
