1 1 0.351367 0.518403 0.056641 0.072917
1 2 0.266406 0.487847 0.042969 0.179861
1 3 0.203906 0.468056 0.055469 0.184722
1 4 0.408398 0.473264 0.062891 0.190972
1 5 0.260742 0.461806 0.059766 0.188889
1 6 0.416211 0.476736 0.064453 0.193750
1 7 0.479492 0.463194 0.049609 0.166667
1 9 0.489063 0.491667 0.069531 0.136111
1 10 0.131836 0.502778 0.073828 0.169444
1 11 0.067187 0.513194 0.083594 0.205556
1 13 0.044531 0.495139 0.050781 0.184722
1 14 0.577930 0.502083 0.067578 0.069444
1 15 0.552148 0.484375 0.067578 0.134028
1 16 0.820898 0.443056 0.048047 0.162500
1 18 0.652539 0.451042 0.055859 0.156250
1 20 0.672656 0.469444 0.061719 0.154167
1 21 0.695508 0.438194 0.044922 0.187500
1 22 0.761914 0.462153 0.056641 0.163194
1 23 0.938867 0.422222 0.076953 0.188889
1 24 0.951953 0.445486 0.057813 0.193750
1 25 0.865820 0.456597 0.062109 0.185417
1 30 0.775586 0.706597 0.110547 0.282639
1 31 0.493359 0.629861 0.100781 0.247222
1 32 0.169727 0.639236 0.096484 0.270139
1 34 0.096484 0.666319 0.102344 0.254861
1 36 0.020898 0.735417 0.041016 0.276389
