1 1 0.358789 0.521181 0.055078 0.070139
1 2 0.276758 0.489583 0.046484 0.166667
1 3 0.218945 0.487153 0.051172 0.139583
1 4 0.410742 0.478125 0.056641 0.178472
1 5 0.273828 0.463889 0.055469 0.179167
1 6 0.424219 0.477778 0.057031 0.176389
1 7 0.479687 0.464931 0.042188 0.163194
1 9 0.490625 0.495139 0.065625 0.126389
1 10 0.155078 0.504514 0.069531 0.150694
1 11 0.092578 0.501042 0.072656 0.213194
1 13 0.064648 0.520139 0.052734 0.127778
1 14 0.575391 0.503125 0.060937 0.068750
1 15 0.549609 0.481597 0.060937 0.127083
1 16 0.802344 0.445486 0.044531 0.153472
1 18 0.645117 0.453819 0.050391 0.139583
1 19 0.710352 0.457986 0.058203 0.125694
1 20 0.666602 0.454861 0.045703 0.184722
1 21 0.683984 0.442014 0.047656 0.178472
1 22 0.729102 0.481250 0.049609 0.126389
1 23 0.909766 0.429514 0.075781 0.177083
1 24 0.928516 0.476736 0.078125 0.127083
1 25 0.841992 0.455556 0.058203 0.170833
1 29 0.872461 0.423958 0.053516 0.161806
1 31 0.816016 0.610417 0.104688 0.231944
1 32 0.590820 0.639931 0.091016 0.253472
1 33 0.032031 0.495486 0.050781 0.046528
1 34 0.508789 0.668056 0.088672 0.234722
1 35 0.177344 0.566667 0.089063 0.220833
1 36 0.228320 0.723958 0.101953 0.264583
1 37 0.128125 0.682292 0.071875 0.253472
1 26 0.847070 0.432639 0.047266 0.159722
