1 1 0.362891 0.520139 0.052344 0.065278
1 2 0.279883 0.487847 0.049609 0.160417
1 3 0.222656 0.497917 0.054688 0.125000
1 4 0.412305 0.479167 0.055859 0.176389
1 5 0.278711 0.466667 0.055078 0.177778
1 6 0.425977 0.480903 0.057422 0.177083
1 7 0.479687 0.465625 0.043750 0.159028
1 9 0.491797 0.497222 0.060937 0.120833
1 10 0.161328 0.504514 0.065625 0.146528
1 11 0.091797 0.515625 0.074219 0.185417
1 12 0.020508 0.524653 0.040234 0.118750
1 13 0.077539 0.522917 0.053516 0.120833
1 14 0.573828 0.502083 0.059375 0.065278
1 15 0.548633 0.483681 0.059766 0.124306
1 16 0.796289 0.446528 0.044141 0.150000
1 18 0.641602 0.455903 0.049609 0.140972
1 20 0.665234 0.455208 0.053125 0.179861
1 21 0.678906 0.442361 0.046094 0.168056
1 22 0.723437 0.471528 0.051562 0.152778
1 23 0.909180 0.430903 0.079297 0.178472
1 24 0.916211 0.478819 0.082422 0.122917
1 25 0.837891 0.474653 0.052344 0.140972
1 26 0.847656 0.430903 0.042188 0.156250
1 29 0.868555 0.425694 0.050391 0.162500
1 31 0.927344 0.598611 0.096875 0.231944
1 32 0.714648 0.646181 0.073828 0.253472
1 34 0.598633 0.666319 0.099609 0.231250
1 35 0.258008 0.559722 0.075391 0.223611
1 36 0.342187 0.718056 0.089844 0.272222
1 37 0.137891 0.677083 0.070312 0.252778
