1 1 0.331641 0.518403 0.075000 0.086806
1 2 0.247070 0.486458 0.046484 0.186806
1 3 0.175391 0.469097 0.067187 0.193750
1 4 0.398438 0.475000 0.061719 0.194444
1 5 0.242773 0.463542 0.064453 0.209028
1 6 0.413086 0.473611 0.063672 0.213889
1 7 0.481836 0.458681 0.055859 0.186806
1 9 0.493359 0.462153 0.050000 0.202083
1 10 0.109961 0.499306 0.069141 0.179167
1 11 0.073633 0.512847 0.105078 0.218750
1 13 0.017969 0.495486 0.035937 0.197917
1 14 0.584570 0.502431 0.079297 0.070139
1 15 0.555664 0.482292 0.073047 0.143750
1 16 0.845117 0.438889 0.052734 0.176389
1 17 0.634180 0.446528 0.137109 0.291667
1 19 0.603906 0.448611 0.064844 0.158333
1 20 0.686328 0.468403 0.060156 0.164583
1 21 0.708984 0.432639 0.051562 0.200000
1 22 0.889648 0.436111 0.062109 0.186111
1 23 0.963672 0.415625 0.071875 0.204861
1 24 0.974023 0.438889 0.051172 0.211111
1 25 0.891992 0.448264 0.069141 0.199306
1 30 0.387109 0.727778 0.113281 0.302778
1 31 0.074414 0.654514 0.115234 0.259028
