1 1 0.350195 0.517361 0.055859 0.084722
1 2 0.263086 0.488889 0.043359 0.184722
1 3 0.198437 0.467361 0.058594 0.191667
1 4 0.404492 0.476042 0.060547 0.195139
1 5 0.257812 0.463194 0.057813 0.191667
1 6 0.416406 0.473611 0.056250 0.202778
1 7 0.479687 0.460069 0.053125 0.170139
1 9 0.490625 0.491667 0.067969 0.140278
1 10 0.128516 0.501389 0.075000 0.169444
1 11 0.063477 0.512847 0.078516 0.202083
1 13 0.037109 0.495139 0.053906 0.186111
1 14 0.580078 0.500347 0.071094 0.068750
1 15 0.551758 0.485764 0.066797 0.136806
1 16 0.825586 0.440625 0.047266 0.164583
1 17 0.945898 0.429514 0.101172 0.274306
1 18 0.652930 0.449306 0.051172 0.158333
1 19 0.634375 0.456597 0.068750 0.142361
1 20 0.675000 0.471528 0.059375 0.156944
1 21 0.696484 0.435764 0.050781 0.190972
1 22 0.780469 0.451389 0.060937 0.184722
1 23 0.943945 0.426736 0.079297 0.209028
1 25 0.869336 0.452778 0.064453 0.186111
1 30 0.711719 0.707639 0.105469 0.286111
1 31 0.422656 0.630208 0.100781 0.254861
1 32 0.064062 0.637847 0.092188 0.264583
