1 1 0.357422 0.520833 0.056250 0.069444
1 2 0.275977 0.486458 0.044141 0.177083
1 3 0.216406 0.480556 0.056250 0.154167
1 4 0.409570 0.476736 0.051172 0.177083
1 5 0.272852 0.464583 0.059766 0.179167
1 6 0.424414 0.478819 0.059766 0.179861
1 7 0.480469 0.464583 0.043750 0.161111
1 9 0.490234 0.494792 0.066406 0.125694
1 10 0.151953 0.506250 0.068750 0.151389
1 11 0.090039 0.488889 0.071484 0.241667
1 13 0.063281 0.519097 0.061719 0.131250
1 14 0.575195 0.503819 0.062891 0.070139
1 15 0.550586 0.480208 0.064453 0.136806
1 16 0.804102 0.446181 0.047266 0.150694
1 18 0.643750 0.453472 0.050781 0.144444
1 20 0.667578 0.465972 0.053906 0.162500
1 21 0.682813 0.440625 0.043750 0.179861
1 22 0.734766 0.484722 0.045312 0.125000
1 23 0.913672 0.427431 0.072656 0.175694
1 24 0.931055 0.473611 0.084766 0.137500
1 25 0.847266 0.456597 0.059375 0.177083
1 26 0.851758 0.437847 0.066797 0.150694
1 29 0.879102 0.422569 0.052734 0.170139
1 31 0.760938 0.612153 0.101562 0.235417
1 32 0.520117 0.640625 0.100391 0.249306
1 33 0.020117 0.493056 0.037891 0.045833
1 34 0.461328 0.665278 0.108594 0.244444
1 35 0.149219 0.566319 0.073438 0.221528
1 36 0.167773 0.722569 0.100391 0.268750
1 37 0.128906 0.686111 0.076563 0.247222
1 19 0.714648 0.455556 0.049609 0.112500
