1 1 0.355078 0.518403 0.054688 0.068750
1 2 0.271289 0.488542 0.051172 0.170139
1 3 0.211133 0.471528 0.055078 0.173611
1 4 0.406445 0.476042 0.055859 0.182639
1 5 0.267383 0.465278 0.057422 0.181944
1 6 0.423047 0.476389 0.055469 0.184722
1 7 0.480664 0.463889 0.050391 0.162500
1 9 0.489844 0.494444 0.066406 0.127778
1 10 0.144531 0.505556 0.072656 0.159722
1 11 0.083398 0.506597 0.080859 0.206250
1 13 0.056055 0.496528 0.059766 0.184722
1 14 0.576953 0.501389 0.063281 0.063889
1 15 0.550586 0.483333 0.065234 0.136111
1 16 0.809961 0.444792 0.044141 0.157639
1 18 0.648438 0.453819 0.054688 0.150694
1 19 0.721680 0.465625 0.068359 0.128472
1 20 0.669922 0.472917 0.064062 0.145833
1 21 0.685547 0.441667 0.050000 0.179167
1 22 0.735742 0.485417 0.044922 0.127778
1 23 0.925781 0.428472 0.078125 0.183333
1 24 0.937109 0.445833 0.064062 0.186111
1 25 0.852734 0.456944 0.062500 0.176389
1 30 0.929883 0.704167 0.109766 0.279167
1 31 0.635742 0.614236 0.094141 0.250694
1 32 0.388867 0.636458 0.093359 0.252083
1 34 0.337500 0.665278 0.100781 0.252778
1 35 0.055664 0.578125 0.084766 0.215972
1 36 0.078125 0.719097 0.101562 0.281250
1 38 0.079102 0.685417 0.091797 0.261111
