1 1 0.366992 0.519444 0.055078 0.063889
1 2 0.294531 0.490278 0.039844 0.155556
1 3 0.237695 0.502431 0.051172 0.106250
1 4 0.416406 0.478819 0.046875 0.167361
1 5 0.288086 0.467014 0.049609 0.170139
1 6 0.431055 0.483681 0.057422 0.170139
1 7 0.480859 0.469792 0.042188 0.147917
1 9 0.491992 0.498958 0.058984 0.113194
1 10 0.177148 0.504167 0.065234 0.145833
1 12 0.031250 0.515625 0.060156 0.129861
1 13 0.098047 0.522222 0.063281 0.113889
1 14 0.571484 0.501736 0.056250 0.060417
1 15 0.547070 0.487153 0.058203 0.114583
1 16 0.782031 0.449653 0.040625 0.143750
1 18 0.637305 0.457986 0.052734 0.132639
1 20 0.665234 0.456944 0.072656 0.173611
1 21 0.671875 0.452083 0.043750 0.152778
1 22 0.708984 0.466667 0.041406 0.156944
1 23 0.887305 0.446528 0.060547 0.143056
1 24 0.896484 0.480556 0.075781 0.113889
1 25 0.821680 0.476042 0.054297 0.128472
1 26 0.834766 0.429514 0.036719 0.163194
1 27 0.983789 0.436458 0.031641 0.117361
1 29 0.855664 0.425000 0.035547 0.158333
1 32 0.957422 0.662500 0.072656 0.241667
1 33 0.108203 0.460417 0.045312 0.133333
1 34 0.833789 0.670833 0.098047 0.225000
1 35 0.420508 0.556597 0.074609 0.209028
1 36 0.372852 0.705556 0.075391 0.270833
1 37 0.150195 0.670139 0.069141 0.231944
