1 1 0.821094 0.544097 0.035937 0.164583
1 2 0.837500 0.568056 0.051562 0.193056
1 3 0.822266 0.602431 0.092188 0.095139
1 4 0.756641 0.629514 0.099219 0.107639
1 5 0.616797 0.632639 0.058594 0.230556
1 6 0.479297 0.702083 0.128125 0.126389
1 7 0.521484 0.672569 0.096875 0.085417
1 8 0.517578 0.624306 0.057031 0.220833
1 9 0.440625 0.601389 0.050000 0.213889
1 10 0.400586 0.650347 0.055078 0.218750
1 11 0.310937 0.658333 0.066406 0.240278
1 12 0.268164 0.663542 0.061328 0.278472
1 13 0.213281 0.679167 0.066406 0.252778
1 14 0.206250 0.660417 0.056250 0.265278
1 16 0.149023 0.674653 0.068359 0.288194
1 17 0.078320 0.663889 0.086328 0.306944
1 18 0.031250 0.744792 0.062500 0.124306
