1 1 0.862500 0.536806 0.050781 0.172222
1 2 0.928125 0.550694 0.048438 0.187500
1 3 0.821680 0.540625 0.055078 0.178472
1 4 0.814648 0.593056 0.106641 0.113889
1 5 0.668750 0.624306 0.053906 0.200000
1 6 0.497070 0.673264 0.126172 0.117361
1 7 0.586523 0.640972 0.097266 0.104167
1 8 0.535547 0.647917 0.072656 0.122222
1 9 0.556641 0.627431 0.076563 0.085417
1 10 0.457617 0.635069 0.065234 0.224306
1 11 0.374219 0.643403 0.067969 0.228472
1 12 0.278125 0.672569 0.076563 0.279861
1 14 0.275195 0.643750 0.069922 0.245833
1 15 0.262695 0.704861 0.122266 0.098611
1 16 0.141211 0.674306 0.075391 0.287500
1 17 0.107617 0.674306 0.070703 0.269444
1 19 0.044922 0.739236 0.085938 0.110417
1 20 0.022070 0.720486 0.044141 0.111806
