1 1 0.865039 0.539236 0.051953 0.167361
1 2 0.930078 0.546528 0.053906 0.186111
1 3 0.815430 0.541667 0.052734 0.176389
1 4 0.820703 0.597222 0.096094 0.102778
1 5 0.675977 0.619444 0.053516 0.190278
1 6 0.465820 0.673264 0.126953 0.110417
1 7 0.620117 0.636806 0.099609 0.108333
1 8 0.530273 0.664583 0.087891 0.075000
1 9 0.571680 0.625000 0.090234 0.091667
1 10 0.461133 0.635764 0.055859 0.224306
1 11 0.369336 0.639583 0.067578 0.229167
1 12 0.269922 0.669792 0.073438 0.289583
1 14 0.292383 0.647569 0.055078 0.253472
1 15 0.272852 0.698611 0.120703 0.116667
1 16 0.134375 0.670139 0.074219 0.305556
1 17 0.121875 0.675694 0.065625 0.276389
1 19 0.057227 0.734722 0.101953 0.119444
1 20 0.046680 0.713889 0.093359 0.104167
