1 1 0.841992 0.541319 0.046484 0.172917
1 2 0.875391 0.559722 0.053125 0.187500
1 3 0.803906 0.548958 0.052344 0.188194
1 4 0.791992 0.615278 0.107422 0.104167
1 5 0.645312 0.620139 0.057031 0.212500
1 6 0.505078 0.690278 0.120313 0.126389
1 7 0.539844 0.649306 0.118750 0.102778
1 8 0.516406 0.611806 0.056250 0.208333
1 9 0.461914 0.650347 0.076172 0.100694
1 10 0.416406 0.646528 0.062500 0.219444
1 11 0.342969 0.648611 0.068750 0.229167
1 12 0.277148 0.668056 0.058984 0.270833
1 13 0.228320 0.665972 0.057422 0.247222
1 14 0.248047 0.650000 0.051562 0.258333
1 15 0.202148 0.700694 0.097266 0.127778
1 16 0.150977 0.680208 0.070703 0.274306
1 17 0.080469 0.680903 0.070312 0.277083
1 19 0.028125 0.753472 0.056250 0.101389
