1 1 0.840234 0.543750 0.050781 0.180556
1 2 0.857812 0.563542 0.045312 0.190972
1 3 0.820508 0.603819 0.067578 0.088194
1 4 0.773633 0.624306 0.106641 0.109722
1 5 0.625391 0.628472 0.057813 0.215278
1 6 0.491602 0.701389 0.130078 0.120833
1 7 0.512500 0.679514 0.124219 0.089583
1 8 0.514648 0.621875 0.055859 0.207639
1 9 0.442188 0.607292 0.051562 0.200694
1 10 0.412305 0.651736 0.062109 0.228472
1 11 0.324609 0.650000 0.060937 0.243056
1 12 0.277539 0.664931 0.081641 0.279861
1 13 0.213672 0.673958 0.065625 0.254861
1 14 0.233398 0.656250 0.056641 0.258333
1 16 0.150586 0.680208 0.068359 0.277083
1 17 0.082812 0.676736 0.071094 0.292361
1 18 0.069531 0.748611 0.123438 0.119444
1 19 0.014453 0.743750 0.028906 0.111111
