1 1 0.938477 0.530903 0.054297 0.153472
1 2 0.935352 0.531250 0.046484 0.155556
1 3 0.837109 0.536806 0.047656 0.173611
1 4 0.899023 0.575694 0.092578 0.077778
1 5 0.764844 0.575000 0.052344 0.168056
1 6 0.603711 0.625347 0.098047 0.107639
1 7 0.821484 0.593750 0.103906 0.094444
1 8 0.723047 0.600347 0.100000 0.104861
1 9 0.812500 0.590972 0.082812 0.088889
1 10 0.466211 0.611111 0.051172 0.193056
1 11 0.450000 0.621875 0.066406 0.217361
1 12 0.240820 0.669792 0.072266 0.278472
1 13 0.376367 0.643750 0.063672 0.236111
1 14 0.370508 0.622917 0.054297 0.231944
1 15 0.453906 0.649306 0.097656 0.127778
1 16 0.105664 0.684375 0.083203 0.279861
1 17 0.240625 0.655208 0.066406 0.272917
1 18 0.235352 0.614931 0.059766 0.242361
1 19 0.040039 0.659722 0.066016 0.261111
1 20 0.191016 0.634028 0.057813 0.241667
1 21 0.018750 0.684722 0.037500 0.252778
1 22 0.097070 0.688889 0.101172 0.126389
