1 1 0.837695 0.545486 0.046484 0.175694
1 2 0.862305 0.564931 0.048047 0.184028
1 3 0.814844 0.599653 0.057031 0.086806
1 4 0.765430 0.626736 0.108984 0.103472
1 5 0.631836 0.631250 0.058984 0.220833
1 6 0.491602 0.701736 0.130078 0.125694
1 7 0.509570 0.671875 0.114453 0.097917
1 8 0.514844 0.623264 0.060937 0.215972
1 9 0.447070 0.613194 0.055859 0.176389
1 10 0.415039 0.648611 0.062109 0.230556
1 11 0.320703 0.653125 0.066406 0.235417
1 12 0.279687 0.665278 0.085938 0.283333
1 13 0.219336 0.676042 0.069141 0.264583
1 14 0.226953 0.659028 0.057813 0.255556
1 15 0.160156 0.697569 0.092188 0.138194
1 16 0.149805 0.683681 0.073047 0.274306
1 17 0.084570 0.676736 0.071484 0.295139
1 18 0.076563 0.746528 0.117188 0.115278
1 19 0.019531 0.750694 0.039062 0.112500
