1 1 0.857422 0.538542 0.046094 0.168750
1 2 0.925977 0.551389 0.051172 0.186111
1 3 0.819922 0.542014 0.050781 0.178472
1 4 0.814453 0.593056 0.100781 0.112500
1 5 0.676172 0.626736 0.055469 0.193750
1 6 0.510742 0.680208 0.118359 0.114583
1 7 0.568359 0.640972 0.087500 0.120833
1 8 0.531836 0.631597 0.052734 0.143750
1 9 0.547266 0.639236 0.061719 0.109028
1 10 0.451562 0.634375 0.059375 0.227083
1 11 0.366797 0.643750 0.068750 0.222222
1 12 0.280664 0.674306 0.072266 0.259722
1 13 0.258008 0.661111 0.054297 0.245833
1 14 0.272070 0.652431 0.052734 0.246528
1 15 0.262891 0.690972 0.128906 0.131944
1 16 0.142969 0.680556 0.071875 0.269444
1 17 0.095312 0.677083 0.062500 0.273611
1 19 0.039062 0.744792 0.078125 0.106250
