1 1 0.840820 0.542708 0.044922 0.170139
1 2 0.870898 0.559375 0.050391 0.195139
1 3 0.805859 0.554861 0.050781 0.179167
1 4 0.797070 0.618403 0.112109 0.092361
1 5 0.644922 0.623264 0.052344 0.214583
1 6 0.506055 0.692014 0.122266 0.121528
1 7 0.536914 0.650347 0.124609 0.107639
1 8 0.517969 0.612847 0.053906 0.209028
1 9 0.449023 0.633333 0.068359 0.120833
1 10 0.414062 0.645139 0.058594 0.220833
1 11 0.339844 0.654514 0.073438 0.225694
1 12 0.276562 0.670833 0.071094 0.261111
1 13 0.229492 0.670486 0.063672 0.253472
1 14 0.240039 0.653472 0.057422 0.254167
1 15 0.196484 0.692014 0.098437 0.142361
1 16 0.150977 0.680903 0.070703 0.274306
1 17 0.081055 0.679861 0.069922 0.284722
1 19 0.027734 0.754861 0.055469 0.100000
