1 1 0.929883 0.530208 0.042578 0.159028
1 2 0.944727 0.531597 0.048828 0.161806
1 3 0.835352 0.536806 0.051172 0.170833
1 4 0.902734 0.575000 0.089844 0.086111
1 5 0.764844 0.576042 0.046875 0.175694
1 6 0.577148 0.636806 0.103516 0.100000
1 7 0.821484 0.598958 0.100000 0.092361
1 8 0.717578 0.606250 0.089844 0.095833
1 9 0.792969 0.586111 0.075000 0.086111
1 10 0.461328 0.613542 0.057031 0.192361
1 11 0.444922 0.624306 0.067187 0.218056
1 12 0.243750 0.670486 0.067187 0.277083
1 13 0.372266 0.644444 0.066406 0.236111
1 14 0.364844 0.631250 0.064844 0.244444
1 15 0.442578 0.661458 0.095312 0.100694
1 16 0.111523 0.688194 0.082422 0.270833
1 17 0.233203 0.650000 0.070312 0.251389
1 18 0.225977 0.619444 0.063672 0.237500
1 19 0.033594 0.666319 0.065625 0.252083
1 20 0.188672 0.637500 0.063281 0.248611
1 21 0.017578 0.682639 0.035156 0.254167
1 22 0.089453 0.700000 0.093750 0.101389
