1 1 0.867578 0.537500 0.053125 0.169444
1 2 0.929297 0.548611 0.054688 0.181944
1 3 0.817578 0.535417 0.049219 0.173611
1 4 0.828906 0.595486 0.093750 0.099306
1 5 0.673047 0.620486 0.051562 0.185417
1 6 0.465820 0.676042 0.121484 0.104861
1 7 0.633008 0.637153 0.116797 0.099306
1 8 0.525391 0.662847 0.100000 0.082639
1 9 0.574805 0.629167 0.081641 0.081944
1 10 0.463281 0.631944 0.057813 0.226389
1 11 0.370117 0.638889 0.066797 0.223611
1 12 0.268164 0.670139 0.072266 0.291667
1 14 0.291797 0.646875 0.056250 0.247917
1 15 0.274609 0.697917 0.119531 0.115278
1 16 0.133203 0.674306 0.073438 0.301389
1 17 0.121680 0.675347 0.058984 0.278472
1 19 0.057813 0.734722 0.106250 0.119444
1 20 0.050000 0.710417 0.100000 0.112500
