1 1 0.901367 0.530556 0.049609 0.165278
1 2 0.933203 0.535417 0.050000 0.170833
1 3 0.817969 0.534028 0.049219 0.180556
1 4 0.876367 0.576042 0.087891 0.090972
1 5 0.726367 0.583681 0.048047 0.185417
1 6 0.456641 0.651042 0.110156 0.090972
1 7 0.779687 0.604514 0.103906 0.104861
1 8 0.616211 0.627431 0.101953 0.104861
1 9 0.741602 0.600347 0.068359 0.104861
1 10 0.457813 0.622569 0.060156 0.213194
1 11 0.415820 0.627778 0.067578 0.219444
1 12 0.248242 0.665625 0.066016 0.272917
1 13 0.316211 0.647917 0.066797 0.240278
1 14 0.333008 0.626042 0.056641 0.238194
1 15 0.373633 0.639583 0.085547 0.162500
1 16 0.116016 0.690278 0.075000 0.254167
1 17 0.181836 0.653125 0.070703 0.263194
1 18 0.165234 0.613194 0.067969 0.237500
1 19 0.047461 0.740972 0.094922 0.108333
1 20 0.104297 0.640278 0.085156 0.231944
