1 1 0.822070 0.543403 0.038672 0.172917
1 2 0.827734 0.569444 0.050000 0.194444
1 3 0.818555 0.605556 0.091797 0.093056
1 4 0.754297 0.629167 0.099219 0.111111
1 5 0.610742 0.637500 0.058984 0.219444
1 6 0.485352 0.702778 0.122266 0.125000
1 7 0.519922 0.672222 0.096094 0.093056
1 8 0.513477 0.624653 0.055859 0.211806
1 9 0.443750 0.594444 0.048438 0.213889
1 10 0.404883 0.652083 0.058984 0.216667
1 11 0.304297 0.656250 0.064844 0.244444
1 12 0.266016 0.665625 0.064844 0.277083
1 13 0.211914 0.678472 0.072266 0.252778
1 14 0.206250 0.662847 0.063281 0.268750
1 16 0.148633 0.676736 0.070703 0.284028
1 17 0.077148 0.663889 0.087109 0.316667
1 18 0.028906 0.747222 0.057813 0.134722
