1 1 0.887891 0.532292 0.052344 0.163194
1 2 0.932031 0.538194 0.047656 0.170833
1 3 0.821875 0.536806 0.053125 0.181944
1 4 0.867773 0.581597 0.094141 0.093750
1 5 0.711914 0.593056 0.047266 0.186111
1 6 0.459570 0.655556 0.119141 0.093056
1 7 0.730664 0.621528 0.103516 0.095833
1 8 0.576367 0.635417 0.088672 0.094444
1 9 0.700781 0.614931 0.085156 0.074306
1 10 0.467383 0.625000 0.063672 0.216667
1 11 0.397266 0.635417 0.068750 0.216667
1 12 0.253320 0.667361 0.065234 0.276389
1 13 0.297852 0.652778 0.069141 0.245833
1 14 0.322266 0.630903 0.051562 0.238194
1 15 0.376563 0.658333 0.096875 0.133333
1 16 0.119922 0.674653 0.079687 0.286806
1 17 0.162500 0.658333 0.066406 0.262500
1 19 0.051562 0.740972 0.103125 0.102778
1 20 0.107617 0.695833 0.099609 0.109722
