1 1 0.938281 0.531944 0.051562 0.150000
1 2 0.941406 0.532292 0.040625 0.157639
1 3 0.840234 0.535764 0.047656 0.174306
1 4 0.901172 0.576736 0.092969 0.082639
1 5 0.763086 0.576042 0.051953 0.167361
1 6 0.605273 0.626736 0.104297 0.109028
1 7 0.820703 0.595833 0.103906 0.093056
1 8 0.720508 0.605903 0.093359 0.102083
1 9 0.807422 0.589583 0.087500 0.094444
1 10 0.464062 0.611111 0.053125 0.194444
1 11 0.446680 0.624653 0.072266 0.214583
1 12 0.241992 0.670139 0.071484 0.277778
1 13 0.377344 0.639583 0.066406 0.237500
1 14 0.369531 0.625347 0.059375 0.234028
1 15 0.453516 0.650000 0.096094 0.129167
1 16 0.107813 0.684722 0.082812 0.276389
1 17 0.240820 0.649653 0.072266 0.263194
1 18 0.234180 0.615972 0.059766 0.247222
1 19 0.039453 0.659722 0.064844 0.261111
1 20 0.190625 0.637500 0.054688 0.240278
1 21 0.019336 0.683681 0.038672 0.254861
1 22 0.095312 0.690625 0.095312 0.124306
