1 1 0.866992 0.536806 0.049609 0.173611
1 2 0.922852 0.547917 0.051172 0.180556
1 3 0.814453 0.536111 0.053906 0.172222
1 4 0.842578 0.590972 0.095312 0.100000
1 5 0.671289 0.608333 0.054297 0.208333
1 6 0.455859 0.675347 0.128906 0.093750
1 7 0.649219 0.631944 0.106250 0.136111
1 8 0.529687 0.662847 0.096875 0.086806
1 9 0.583008 0.623958 0.098047 0.095139
1 10 0.467578 0.631597 0.061719 0.222917
1 11 0.377344 0.642708 0.066406 0.214583
1 12 0.265820 0.664236 0.066797 0.281250
1 14 0.296680 0.639583 0.058984 0.252778
1 15 0.275977 0.661806 0.107422 0.143056
1 16 0.129688 0.668056 0.073438 0.291667
1 17 0.130273 0.674306 0.069141 0.280556
1 18 0.144531 0.693750 0.107813 0.122222
1 19 0.054688 0.737500 0.106250 0.115278
1 20 0.058008 0.720139 0.116016 0.131944
