1 1 0.869922 0.536111 0.046875 0.166667
1 2 0.918359 0.543056 0.049219 0.176389
1 3 0.816211 0.539236 0.049609 0.179861
1 4 0.860156 0.583681 0.098437 0.102083
1 5 0.686133 0.600347 0.048047 0.185417
1 6 0.466211 0.665972 0.124609 0.094444
1 7 0.675977 0.626389 0.112109 0.119444
1 8 0.533203 0.644444 0.083594 0.113889
1 9 0.637305 0.617361 0.103516 0.102778
1 10 0.471289 0.632986 0.063672 0.211806
1 11 0.374414 0.637153 0.069141 0.213194
1 12 0.257422 0.662500 0.066406 0.277778
1 13 0.278516 0.658333 0.061719 0.238889
1 14 0.303125 0.638194 0.060937 0.244444
1 15 0.311133 0.660069 0.112109 0.145139
1 16 0.121680 0.664931 0.078516 0.302083
1 17 0.144336 0.663889 0.064453 0.263889
1 18 0.153125 0.698958 0.108594 0.113194
1 19 0.051562 0.742708 0.103125 0.104861
1 20 0.088672 0.718056 0.092969 0.090278
