1 1 0.872266 0.535069 0.046094 0.168750
1 2 0.920898 0.541667 0.051172 0.175000
1 3 0.817773 0.539583 0.048828 0.179167
1 4 0.860352 0.585069 0.100391 0.102083
1 5 0.689648 0.597917 0.051953 0.184722
1 6 0.465430 0.665625 0.122266 0.102083
1 7 0.690625 0.622917 0.110937 0.119444
1 8 0.542969 0.639931 0.081250 0.115972
1 9 0.650195 0.619792 0.092578 0.097917
1 10 0.473633 0.629514 0.063672 0.211806
1 11 0.381055 0.640278 0.071484 0.209722
1 12 0.257617 0.662500 0.069141 0.277778
1 13 0.282227 0.654861 0.060547 0.237500
1 14 0.302344 0.632639 0.066406 0.240278
1 15 0.331836 0.658333 0.105078 0.133333
1 16 0.122070 0.666667 0.076953 0.308333
1 17 0.149023 0.662153 0.063672 0.257639
1 18 0.154297 0.701042 0.107031 0.117361
1 19 0.050781 0.744444 0.101562 0.102778
1 20 0.096094 0.724653 0.095312 0.095139
