1 1 0.911719 0.530556 0.042969 0.162500
1 2 0.937305 0.532639 0.045703 0.169444
1 3 0.824414 0.532292 0.046484 0.179861
1 4 0.884961 0.578125 0.092578 0.086806
1 5 0.742188 0.571181 0.051562 0.188194
1 6 0.503906 0.645486 0.091406 0.104861
1 7 0.802344 0.601042 0.112500 0.107639
1 8 0.653125 0.614583 0.096875 0.105556
1 9 0.764844 0.594097 0.054688 0.104861
1 10 0.460742 0.620833 0.055859 0.208333
1 11 0.428125 0.628125 0.066406 0.222917
1 12 0.246875 0.667708 0.065625 0.272917
1 13 0.337109 0.643750 0.067187 0.240278
1 14 0.338281 0.627431 0.067969 0.252083
1 15 0.397852 0.639236 0.087891 0.134028
1 16 0.112109 0.699653 0.082812 0.259028
1 17 0.194727 0.644444 0.071484 0.263889
1 18 0.190430 0.621528 0.073828 0.261111
1 19 0.033398 0.708333 0.066797 0.177778
1 20 0.139844 0.636806 0.060156 0.240278
