1 1 0.911523 0.527778 0.052734 0.163889
1 2 0.929688 0.534722 0.048438 0.169444
1 3 0.817187 0.531944 0.052344 0.179167
1 4 0.879687 0.576736 0.089844 0.092361
1 5 0.727148 0.579514 0.052734 0.186806
1 6 0.478711 0.651042 0.084766 0.120139
1 7 0.789453 0.603125 0.098437 0.104861
1 8 0.629687 0.620486 0.100781 0.100694
1 9 0.753711 0.600347 0.055078 0.109028
1 10 0.464453 0.621181 0.052344 0.213194
1 11 0.423828 0.628125 0.068750 0.227083
1 12 0.249023 0.666319 0.062891 0.271528
1 13 0.322852 0.643403 0.062891 0.238194
1 14 0.339062 0.626042 0.055469 0.240972
1 15 0.388867 0.637500 0.087109 0.144444
1 16 0.112305 0.689583 0.076172 0.256944
1 17 0.186719 0.648958 0.065625 0.259028
1 18 0.170898 0.611111 0.065234 0.247222
1 19 0.046289 0.730208 0.092578 0.121528
1 20 0.107617 0.638542 0.067578 0.242361
