1 1 0.928125 0.528472 0.047656 0.158333
1 2 0.942383 0.530556 0.051172 0.163889
1 3 0.831055 0.533681 0.051172 0.174306
1 4 0.889648 0.575694 0.095703 0.088889
1 5 0.749609 0.570833 0.054688 0.180556
1 6 0.535937 0.637500 0.105469 0.115278
1 7 0.817578 0.599653 0.105469 0.090972
1 8 0.687305 0.609722 0.094922 0.104167
1 9 0.780664 0.592708 0.067578 0.093750
1 10 0.466602 0.618750 0.049609 0.198611
1 11 0.447461 0.627778 0.065234 0.213889
1 12 0.245703 0.671181 0.064844 0.278472
1 13 0.354102 0.640625 0.060547 0.231250
1 14 0.362305 0.620139 0.058984 0.241667
1 15 0.409766 0.639583 0.085938 0.122222
1 16 0.116406 0.696528 0.090625 0.252778
1 17 0.221875 0.650000 0.070312 0.252778
1 18 0.206055 0.615972 0.065234 0.243056
1 19 0.032422 0.671528 0.064844 0.245833
1 20 0.160352 0.638542 0.055859 0.245139
1 22 0.050195 0.694792 0.089453 0.121528
