1 1 0.907227 0.529514 0.052734 0.163194
1 2 0.931445 0.535069 0.051172 0.170139
1 3 0.814844 0.529514 0.048438 0.178472
1 4 0.879102 0.577083 0.086328 0.090278
1 5 0.723828 0.580208 0.053125 0.192361
1 6 0.464844 0.650694 0.095312 0.111111
1 7 0.781641 0.605208 0.103125 0.102083
1 8 0.618164 0.626042 0.096484 0.103472
1 9 0.749805 0.602431 0.058984 0.106250
1 10 0.460352 0.622917 0.055859 0.213889
1 11 0.418750 0.626736 0.070312 0.222917
1 12 0.245703 0.665625 0.061719 0.271528
1 13 0.319922 0.644792 0.063281 0.238194
1 14 0.336914 0.627431 0.055859 0.247917
1 15 0.382812 0.636111 0.092969 0.158333
1 16 0.114258 0.688194 0.075391 0.258333
1 17 0.185156 0.652431 0.067187 0.263194
1 18 0.165820 0.611806 0.066016 0.243056
1 19 0.046875 0.735417 0.093750 0.115278
1 20 0.103906 0.633681 0.078125 0.257639
