1 1 0.877344 0.533681 0.046875 0.167361
1 2 0.925781 0.540278 0.048438 0.176389
1 3 0.815430 0.538889 0.047266 0.179167
1 4 0.866797 0.581597 0.097656 0.100694
1 5 0.702344 0.596528 0.063281 0.184722
1 6 0.472266 0.662847 0.131250 0.093750
1 7 0.699609 0.618750 0.093750 0.112500
1 8 0.547656 0.635417 0.091406 0.116667
1 9 0.665234 0.621528 0.096875 0.086111
1 10 0.475586 0.625000 0.059766 0.215278
1 11 0.392188 0.641319 0.064062 0.224306
1 12 0.255859 0.667708 0.069531 0.288194
1 13 0.288477 0.654861 0.064453 0.236111
1 14 0.310156 0.634028 0.064062 0.237500
1 15 0.362109 0.659722 0.103125 0.133333
1 16 0.120508 0.672222 0.076953 0.293056
1 17 0.156641 0.661111 0.071094 0.254167
1 18 0.159570 0.690972 0.083984 0.120833
1 19 0.049609 0.742708 0.099219 0.102083
1 20 0.101367 0.720486 0.091016 0.102083
