1 1 0.859961 0.537847 0.044922 0.170139
1 2 0.927734 0.551736 0.052344 0.189583
1 3 0.822070 0.539931 0.053516 0.177083
1 4 0.813281 0.594097 0.105469 0.117361
1 5 0.673242 0.627778 0.051953 0.191667
1 6 0.503906 0.675694 0.125781 0.113889
1 7 0.576367 0.632639 0.093359 0.100000
1 8 0.531836 0.638889 0.058203 0.137500
1 9 0.553906 0.629861 0.071875 0.090278
1 10 0.451367 0.635069 0.064453 0.224306
1 11 0.370508 0.648958 0.073828 0.239583
1 12 0.280078 0.672917 0.077344 0.276389
1 13 0.263477 0.661806 0.065234 0.247222
1 14 0.271094 0.648611 0.064062 0.251389
1 15 0.267188 0.692708 0.129688 0.122917
1 16 0.142773 0.677431 0.075391 0.281250
1 17 0.100781 0.672222 0.065625 0.277778
1 19 0.041797 0.743750 0.082812 0.102778
