1 1 0.866406 0.536806 0.050781 0.166667
1 2 0.917383 0.543750 0.048828 0.176389
1 3 0.813477 0.539583 0.051953 0.177778
1 4 0.853516 0.583333 0.096094 0.106944
1 5 0.684180 0.601736 0.052734 0.186806
1 6 0.468164 0.667708 0.124609 0.089583
1 7 0.661914 0.630903 0.110547 0.117361
1 8 0.531641 0.651736 0.085156 0.096528
1 9 0.623242 0.619097 0.107422 0.096528
1 10 0.470313 0.631944 0.060937 0.215278
1 11 0.373633 0.635764 0.071484 0.228472
1 12 0.259766 0.663194 0.068750 0.280556
1 13 0.278516 0.660069 0.067969 0.236806
1 14 0.305859 0.635764 0.059375 0.247917
1 15 0.299609 0.663542 0.116406 0.139583
1 16 0.123047 0.663542 0.076563 0.296528
1 17 0.144141 0.662500 0.059375 0.265278
1 18 0.152539 0.697917 0.105078 0.118056
1 19 0.051367 0.742361 0.102734 0.104167
1 20 0.080078 0.718750 0.092188 0.095833
