1 1 0.927539 0.530208 0.044922 0.160417
1 2 0.942383 0.531250 0.049609 0.162500
1 3 0.834766 0.535069 0.049219 0.175694
1 4 0.899023 0.576736 0.087891 0.084028
1 5 0.761328 0.573264 0.050781 0.174306
1 6 0.569531 0.638194 0.109375 0.097222
1 7 0.820117 0.598958 0.101172 0.092361
1 8 0.712500 0.607639 0.091406 0.094444
1 9 0.786133 0.589236 0.070703 0.093750
1 10 0.460547 0.615972 0.059375 0.194444
1 11 0.444922 0.623264 0.067187 0.215972
1 12 0.245312 0.670833 0.067187 0.276389
1 13 0.366016 0.645486 0.065625 0.239583
1 14 0.361523 0.627778 0.064453 0.245833
1 15 0.433398 0.651736 0.094141 0.106250
1 16 0.112891 0.691667 0.082812 0.268056
1 17 0.227539 0.647569 0.064453 0.245139
1 18 0.226758 0.620139 0.068359 0.240278
1 19 0.035156 0.667361 0.066406 0.254167
1 20 0.180469 0.636111 0.062500 0.248611
1 21 0.014063 0.682292 0.028125 0.254861
1 22 0.077734 0.701736 0.086719 0.109028
