1 1 0.864453 0.531944 0.053125 0.161111
1 2 0.919922 0.542014 0.050781 0.177083
1 3 0.811914 0.541319 0.051953 0.177083
1 4 0.846875 0.588889 0.085938 0.102778
1 5 0.683398 0.601042 0.057422 0.200694
1 6 0.468555 0.669444 0.129297 0.094444
1 7 0.651563 0.631250 0.103906 0.109722
1 8 0.532422 0.649306 0.092188 0.100000
1 9 0.608984 0.620486 0.096875 0.096528
1 10 0.471289 0.628472 0.057422 0.213889
1 11 0.373242 0.643056 0.069141 0.216667
1 12 0.260547 0.663889 0.068750 0.281944
1 13 0.280859 0.659722 0.067969 0.238889
1 14 0.305078 0.638542 0.055469 0.256250
1 15 0.298633 0.665278 0.115234 0.144444
1 16 0.124609 0.664931 0.074219 0.296528
1 17 0.145703 0.661806 0.059375 0.266667
1 18 0.151367 0.694792 0.101953 0.115972
1 19 0.051172 0.742708 0.102344 0.102083
1 20 0.071875 0.721528 0.090625 0.098611
