1 1 0.860547 0.536806 0.049219 0.168056
1 2 0.929492 0.549653 0.048047 0.181250
1 3 0.814648 0.535764 0.048828 0.172917
1 4 0.821484 0.597569 0.103125 0.099306
1 5 0.675000 0.621181 0.056250 0.193750
1 6 0.462305 0.676389 0.135547 0.097222
1 7 0.606250 0.642014 0.108594 0.106250
1 8 0.530664 0.661458 0.085547 0.082639
1 9 0.568164 0.632292 0.087109 0.090972
1 10 0.463477 0.635417 0.058203 0.223611
1 11 0.371484 0.641319 0.065625 0.227083
1 12 0.272266 0.667014 0.069531 0.275694
1 14 0.296289 0.646875 0.053516 0.254861
1 15 0.269922 0.695833 0.122656 0.116667
1 16 0.136133 0.664931 0.075391 0.309028
1 17 0.122070 0.676389 0.071484 0.276389
1 19 0.055078 0.735417 0.100000 0.122222
1 20 0.043750 0.714583 0.087500 0.095833
