1 1 0.864258 0.533681 0.052734 0.167361
1 2 0.921875 0.545486 0.052344 0.182639
1 3 0.809961 0.542014 0.054297 0.178472
1 4 0.843945 0.589236 0.081641 0.099306
1 5 0.681641 0.608681 0.064844 0.193750
1 6 0.459570 0.671528 0.127734 0.098611
1 7 0.652539 0.628819 0.105859 0.118750
1 8 0.534375 0.651736 0.082812 0.097917
1 9 0.601367 0.618056 0.094922 0.101389
1 10 0.470117 0.625694 0.060547 0.229167
1 11 0.377344 0.641319 0.067187 0.222917
1 12 0.261719 0.662847 0.068750 0.279861
1 13 0.283398 0.658681 0.068359 0.240972
1 14 0.302148 0.635417 0.060547 0.250000
1 15 0.300586 0.665625 0.113672 0.152083
1 16 0.126367 0.665278 0.073828 0.293056
1 17 0.146680 0.667361 0.060547 0.279167
1 18 0.152148 0.693750 0.112891 0.118056
1 19 0.052148 0.742014 0.104297 0.103472
1 20 0.062109 0.723264 0.094531 0.103472
