1 1 0.825000 0.545486 0.042188 0.164583
1 2 0.843164 0.569792 0.051953 0.196528
1 3 0.826758 0.601042 0.084766 0.089583
1 4 0.770703 0.627083 0.088281 0.106944
1 5 0.619922 0.633333 0.056250 0.223611
1 6 0.482031 0.704861 0.126562 0.116667
1 7 0.523242 0.672222 0.092578 0.086111
1 8 0.520312 0.621875 0.054688 0.222917
1 9 0.440430 0.601042 0.050391 0.211806
1 10 0.400781 0.648611 0.058594 0.223611
1 11 0.318164 0.658681 0.064453 0.236806
1 12 0.268164 0.660069 0.060547 0.282639
1 13 0.209766 0.680556 0.064062 0.250000
1 14 0.215430 0.660417 0.058984 0.263889
1 16 0.150391 0.676042 0.069531 0.289583
1 17 0.081055 0.669792 0.079297 0.296528
1 18 0.039844 0.742708 0.079687 0.125694
