1 1 0.882812 0.530903 0.050000 0.168750
1 2 0.928516 0.537847 0.047656 0.171528
1 3 0.821289 0.537153 0.049609 0.181250
1 4 0.867188 0.584375 0.098437 0.090972
1 5 0.710352 0.591667 0.051953 0.188889
1 6 0.467383 0.665278 0.132422 0.088889
1 7 0.721680 0.619097 0.100391 0.099306
1 8 0.561133 0.639236 0.091016 0.107639
1 9 0.691797 0.616319 0.088281 0.078472
1 10 0.468555 0.625000 0.060547 0.216667
1 11 0.394922 0.638194 0.064844 0.213889
1 12 0.252930 0.664931 0.066016 0.279861
1 13 0.295898 0.651042 0.079297 0.245139
1 14 0.323633 0.631944 0.052734 0.237500
1 15 0.372656 0.657292 0.093750 0.139583
1 16 0.121680 0.673611 0.075391 0.288889
1 17 0.162305 0.656250 0.069922 0.258333
1 19 0.051562 0.742708 0.103125 0.102083
1 20 0.103516 0.703125 0.100000 0.107639
