1 1 0.852539 0.540278 0.043359 0.172222
1 2 0.913086 0.551389 0.043359 0.184722
1 3 0.821680 0.544444 0.046484 0.183333
1 4 0.804883 0.607639 0.100391 0.094444
1 5 0.673633 0.632986 0.055078 0.199306
1 6 0.520898 0.675000 0.130859 0.115278
1 7 0.568750 0.648958 0.087500 0.106250
1 8 0.533398 0.623958 0.055859 0.160417
1 9 0.508789 0.656597 0.091016 0.082639
1 10 0.446875 0.637847 0.059375 0.224306
1 11 0.366406 0.642708 0.062500 0.227083
1 12 0.282422 0.672569 0.071875 0.260417
1 13 0.254883 0.663194 0.062109 0.256944
1 14 0.273828 0.646181 0.057031 0.246528
1 15 0.235742 0.699653 0.102734 0.093750
1 16 0.146875 0.673264 0.070312 0.282639
1 17 0.092578 0.673958 0.070312 0.275694
1 19 0.033398 0.734375 0.066797 0.139583
