1 1 0.894336 0.533333 0.047266 0.166667
1 2 0.929883 0.535069 0.047266 0.171528
1 3 0.820508 0.534375 0.051172 0.181250
1 4 0.871094 0.576736 0.096094 0.096528
1 5 0.725195 0.581597 0.054297 0.192361
1 6 0.459766 0.652778 0.105469 0.105556
1 7 0.770312 0.605208 0.092969 0.110417
1 8 0.614258 0.624306 0.087109 0.116667
1 9 0.724805 0.598264 0.072266 0.104861
1 10 0.467187 0.625000 0.058594 0.206944
1 11 0.416797 0.633333 0.062500 0.220833
1 12 0.251367 0.665625 0.069922 0.274306
1 13 0.306641 0.650000 0.069531 0.240278
1 14 0.323242 0.629167 0.062109 0.241667
1 15 0.369531 0.643403 0.074219 0.165972
1 16 0.118555 0.686111 0.076172 0.265278
1 17 0.173242 0.651389 0.069922 0.259722
1 18 0.158789 0.606944 0.071484 0.208333
1 19 0.050391 0.736806 0.100781 0.116667
1 20 0.102539 0.660417 0.094922 0.197222
