1 0.378906 0.455208 0.045312 0.121528
1 0.339453 0.465278 0.040625 0.109722
1 0.118359 0.630556 0.085938 0.269444
1 0.544922 0.471875 0.046875 0.127083
1 0.603125 0.481597 0.053906 0.103472
1 0.569336 0.500347 0.030859 0.132639
1 0.234961 0.708333 0.096484 0.295833
1 0.459375 0.594444 0.080469 0.213889
1 0.385742 0.625347 0.069141 0.245139
1 0.725000 0.521181 0.051562 0.143750
1 0.671875 0.553472 0.064844 0.186111
1 0.847852 0.522917 0.062891 0.137500
1 0.688281 0.569097 0.043750 0.196528
1 0.866797 0.577431 0.070312 0.188194
1 0.831641 0.588194 0.082031 0.181944
