1 0.278516 0.564931 0.050000 0.100694
1 0.320117 0.591319 0.060547 0.110417
1 0.374609 0.691319 0.089844 0.203472
1 0.377344 0.667014 0.086719 0.178472
1 0.353125 0.572222 0.055469 0.101389
1 0.398242 0.558681 0.054297 0.102083
1 0.443945 0.583333 0.051172 0.112500
1 0.492383 0.659375 0.095703 0.163194
1 0.531250 0.620833 0.068750 0.141667
1 0.549219 0.648611 0.067969 0.162500
1 0.565234 0.581944 0.046875 0.109722
1 0.588477 0.590972 0.073047 0.131944
1 0.599805 0.566667 0.034766 0.098611
1 0.635156 0.613542 0.071875 0.149306
1 0.675000 0.593750 0.070312 0.123611
1 0.694336 0.602778 0.069922 0.136111
