1 0.228906 0.517361 0.060937 0.111111
1 0.215430 0.532639 0.041016 0.104167
1 0.077344 0.726042 0.094531 0.320139
1 0.240820 0.662153 0.070703 0.213194
1 0.330664 0.522222 0.049609 0.100000
1 0.405664 0.527778 0.033984 0.083333
1 0.391406 0.532639 0.045312 0.100000
1 0.363867 0.696875 0.094141 0.221528
1 0.474414 0.616667 0.076953 0.169444
1 0.456836 0.639583 0.089453 0.187500
1 0.531055 0.542014 0.035547 0.111806
1 0.518359 0.574653 0.073438 0.145139
1 0.605664 0.546528 0.038672 0.108333
1 0.594922 0.593750 0.053906 0.148611
1 0.661133 0.571181 0.086328 0.135417
1 0.658203 0.574653 0.082812 0.157639
