1 0.223828 0.531944 0.050000 0.105556
1 0.218359 0.551736 0.042188 0.115972
1 0.150586 0.723611 0.116016 0.287500
1 0.273242 0.663889 0.093359 0.197222
1 0.314648 0.539236 0.042578 0.088194
1 0.385742 0.541319 0.054297 0.109028
1 0.382617 0.684375 0.098047 0.209028
1 0.463867 0.619792 0.082422 0.171528
1 0.455859 0.640625 0.075000 0.174306
1 0.511914 0.556944 0.035547 0.102778
1 0.500000 0.579861 0.064062 0.145833
1 0.575781 0.560069 0.057813 0.114583
1 0.584766 0.597222 0.053906 0.141667
1 0.641406 0.582292 0.081250 0.145139
