1 0.228320 0.540278 0.050391 0.106944
1 0.228711 0.560417 0.056641 0.119444
1 0.182031 0.719444 0.112500 0.286111
1 0.282617 0.665972 0.084766 0.202778
1 0.318164 0.540625 0.044141 0.088194
1 0.379688 0.550000 0.049219 0.088889
1 0.386328 0.552431 0.061719 0.095139
1 0.391992 0.680903 0.101953 0.199306
1 0.470117 0.613194 0.061328 0.156944
1 0.459375 0.646528 0.052344 0.181944
1 0.514844 0.552778 0.047656 0.109722
1 0.500391 0.580556 0.077344 0.134722
1 0.572461 0.560764 0.052734 0.113194
1 0.584570 0.594792 0.073828 0.147917
1 0.634375 0.586458 0.099219 0.138194
