1 0.402930 0.446528 0.039453 0.134722
1 0.360938 0.460764 0.036719 0.110417
1 0.100781 0.627083 0.096094 0.259722
1 0.575000 0.479861 0.046094 0.134722
1 0.633984 0.479514 0.041406 0.109028
1 0.590625 0.499306 0.030469 0.130556
1 0.211523 0.712500 0.117578 0.294444
1 0.461719 0.594097 0.075000 0.220139
1 0.372070 0.626736 0.063672 0.238194
1 0.746289 0.532986 0.058203 0.150694
1 0.663086 0.554167 0.053516 0.173611
1 0.874805 0.546528 0.051172 0.161111
1 0.701367 0.583333 0.042578 0.202778
1 0.897461 0.587500 0.072266 0.180556
1 0.851562 0.595139 0.057031 0.200000
