1 0.242578 0.558681 0.035937 0.099306
1 0.272852 0.582639 0.058984 0.115278
1 0.280078 0.708333 0.091406 0.231944
1 0.330859 0.669792 0.088281 0.182639
1 0.328711 0.561111 0.056641 0.091667
1 0.390234 0.553472 0.053125 0.104167
1 0.415039 0.570833 0.047266 0.106944
1 0.450195 0.669444 0.091797 0.172222
1 0.495312 0.632639 0.087500 0.161111
1 0.506055 0.655903 0.067578 0.182639
1 0.549609 0.588889 0.060937 0.123611
1 0.583984 0.570833 0.057813 0.116667
1 0.605469 0.606250 0.071094 0.145833
1 0.661133 0.592708 0.071484 0.134028
