1 0.351367 0.454514 0.027734 0.125694
1 0.311719 0.470833 0.049219 0.112500
1 0.185156 0.631944 0.085156 0.250000
1 0.493945 0.462153 0.041797 0.127083
1 0.564648 0.477778 0.039453 0.105556
1 0.540430 0.493750 0.038672 0.126389
1 0.323828 0.704861 0.093750 0.279167
1 0.479297 0.588889 0.083594 0.208333
1 0.427930 0.617014 0.073047 0.222917
1 0.687891 0.526736 0.042188 0.152083
1 0.673828 0.556250 0.083594 0.177778
1 0.793945 0.507639 0.054297 0.127778
1 0.689648 0.569792 0.059766 0.193750
1 0.837500 0.564931 0.076563 0.168750
1 0.806055 0.568403 0.089453 0.179861
