1 0.311133 0.469444 0.052734 0.113889
1 0.277734 0.480208 0.042969 0.115972
1 0.037305 0.707986 0.071484 0.311806
1 0.226953 0.637153 0.080469 0.243750
1 0.436719 0.474306 0.047656 0.104167
1 0.511719 0.481597 0.030469 0.100694
1 0.482422 0.491667 0.034375 0.113889
1 0.360742 0.689236 0.111328 0.254861
1 0.486133 0.585069 0.067578 0.196528
1 0.451172 0.614583 0.078906 0.215278
1 0.634961 0.502083 0.039453 0.109722
1 0.614062 0.547917 0.075000 0.154167
1 0.735156 0.502431 0.065625 0.118750
1 0.659180 0.569444 0.059766 0.193056
1 0.783203 0.552431 0.071094 0.170139
1 0.751953 0.560764 0.071094 0.175694
