1 0.271484 0.489583 0.054688 0.100000
1 0.245312 0.505556 0.045312 0.102778
1 0.062695 0.720833 0.100391 0.304167
1 0.233398 0.658333 0.085547 0.229167
1 0.378320 0.500694 0.048828 0.098611
1 0.463281 0.500694 0.039844 0.087500
1 0.434961 0.511458 0.053516 0.117361
1 0.355859 0.700000 0.101562 0.250000
1 0.477734 0.603472 0.078906 0.202778
1 0.460352 0.628125 0.065234 0.197917
1 0.577930 0.518056 0.042578 0.118056
1 0.562695 0.565972 0.074609 0.148611
1 0.673438 0.518056 0.067187 0.112500
1 0.627148 0.580208 0.054297 0.171528
1 0.725586 0.563542 0.069141 0.150694
1 0.699805 0.570486 0.090234 0.160417
