1 0.289648 0.475694 0.055078 0.112500
1 0.257422 0.489583 0.046875 0.113889
1 0.046875 0.700347 0.084375 0.306250
1 0.231250 0.642014 0.092969 0.229861
1 0.409961 0.484375 0.044141 0.097917
1 0.487891 0.484722 0.040625 0.105556
1 0.461328 0.485069 0.048438 0.128472
1 0.359375 0.688542 0.105469 0.259028
1 0.482812 0.592361 0.068750 0.201389
1 0.444727 0.620486 0.067578 0.211806
1 0.604688 0.505903 0.047656 0.109028
1 0.587695 0.554167 0.076953 0.154167
1 0.707031 0.504861 0.057031 0.113889
1 0.639844 0.568750 0.046094 0.187500
1 0.751172 0.549653 0.071094 0.157639
1 0.725977 0.562500 0.087109 0.170833
