1 0.243750 0.506250 0.048438 0.106944
1 0.223828 0.524653 0.043750 0.104861
1 0.070898 0.721528 0.089453 0.313889
1 0.240625 0.662847 0.096094 0.209028
1 0.348633 0.517361 0.041797 0.095833
1 0.418750 0.524653 0.037500 0.099306
1 0.407422 0.525347 0.039844 0.104861
1 0.360938 0.698264 0.112500 0.239583
1 0.477539 0.615972 0.078516 0.194444
1 0.456055 0.640625 0.053516 0.202083
1 0.544922 0.530903 0.050781 0.104861
1 0.529492 0.568403 0.090234 0.143750
1 0.624805 0.538542 0.048828 0.109028
1 0.602734 0.585764 0.057031 0.163194
1 0.687891 0.570486 0.069531 0.140972
1 0.676562 0.574306 0.070312 0.155556
