1 0.348242 0.454861 0.035547 0.123611
1 0.309766 0.471875 0.048438 0.118750
1 0.189062 0.636458 0.079687 0.249306
1 0.488086 0.462847 0.035547 0.122917
1 0.560156 0.481944 0.038281 0.108333
1 0.535156 0.494444 0.042188 0.122222
1 0.335938 0.707986 0.085938 0.285417
1 0.480273 0.589931 0.079297 0.213194
1 0.431641 0.612847 0.063281 0.227083
1 0.680273 0.519444 0.046484 0.147222
1 0.668555 0.548958 0.091016 0.170139
1 0.786328 0.504167 0.049219 0.122222
1 0.686914 0.568056 0.065234 0.191667
1 0.838477 0.563542 0.069922 0.163194
1 0.799219 0.569097 0.089063 0.178472
