1 0.343945 0.456250 0.040234 0.125000
1 0.301758 0.473958 0.045703 0.110417
1 0.020703 0.704514 0.034375 0.289583
1 0.203906 0.637500 0.081250 0.241667
1 0.479492 0.471181 0.040234 0.107639
1 0.553711 0.471875 0.029297 0.114583
1 0.526367 0.489931 0.042578 0.117361
1 0.355273 0.701736 0.108984 0.278472
1 0.486914 0.585764 0.077734 0.202083
1 0.442578 0.610069 0.077344 0.224306
1 0.676367 0.506944 0.042578 0.119444
1 0.655859 0.547569 0.062500 0.157639
1 0.781250 0.498958 0.057031 0.125694
1 0.683594 0.571181 0.059375 0.182639
1 0.836133 0.561806 0.070703 0.162500
1 0.793164 0.567014 0.062891 0.178472
