1 0.396875 0.447917 0.039062 0.129167
1 0.354492 0.459722 0.038672 0.108333
1 0.101562 0.627083 0.097656 0.266667
1 0.566992 0.470139 0.042578 0.120833
1 0.627930 0.481250 0.043359 0.104167
1 0.585547 0.496875 0.036719 0.135417
1 0.216797 0.721875 0.112500 0.293750
1 0.455859 0.593403 0.079687 0.217361
1 0.377734 0.625347 0.059375 0.243750
1 0.742188 0.531944 0.050781 0.144444
1 0.670508 0.551736 0.058984 0.182639
1 0.872656 0.533681 0.048438 0.140972
1 0.702344 0.582986 0.061719 0.199306
1 0.882812 0.583681 0.077344 0.182639
1 0.846875 0.591667 0.064062 0.194444
