1 0.306055 0.466319 0.042578 0.122917
1 0.270508 0.484722 0.044922 0.115278
1 0.040430 0.709028 0.069141 0.309722
1 0.223828 0.641667 0.078125 0.237500
1 0.425586 0.477431 0.050391 0.103472
1 0.508203 0.481597 0.038281 0.100694
1 0.473438 0.479167 0.038281 0.100000
1 0.360547 0.687847 0.100781 0.256250
1 0.488672 0.585764 0.077344 0.199306
1 0.448437 0.614931 0.064062 0.218750
1 0.629102 0.503472 0.041016 0.120833
1 0.604883 0.546528 0.066797 0.154167
1 0.723047 0.501389 0.056250 0.120833
1 0.652148 0.561806 0.058203 0.175000
1 0.773047 0.552083 0.073438 0.166667
1 0.746875 0.558333 0.087500 0.168056
