1 0.369531 0.458681 0.039062 0.115972
1 0.333008 0.467708 0.040234 0.115972
1 0.139453 0.632986 0.085156 0.260417
1 0.527734 0.475694 0.039062 0.111111
1 0.591602 0.472917 0.042578 0.112500
1 0.558203 0.496875 0.039062 0.125694
1 0.258203 0.707639 0.106250 0.287500
1 0.463086 0.592361 0.076172 0.222222
1 0.395313 0.624306 0.057031 0.238889
1 0.712305 0.520833 0.043359 0.134722
1 0.676172 0.560069 0.064062 0.168750
1 0.825781 0.518750 0.059375 0.134722
1 0.685937 0.571528 0.054688 0.193056
1 0.860742 0.570139 0.077734 0.184722
1 0.827344 0.587500 0.065625 0.183333
