1 0.257617 0.500000 0.051953 0.111111
1 0.234961 0.516319 0.041797 0.107639
1 0.059961 0.724306 0.097266 0.305556
1 0.236719 0.655903 0.082812 0.214583
1 0.362305 0.511111 0.045703 0.098611
1 0.441797 0.508333 0.039062 0.093056
1 0.423242 0.520833 0.052734 0.122222
1 0.357422 0.698264 0.104688 0.239583
1 0.483398 0.612153 0.075391 0.202083
1 0.466016 0.635417 0.089844 0.200000
1 0.561133 0.529861 0.045703 0.111111
1 0.550977 0.573264 0.080859 0.139583
1 0.649805 0.529167 0.054297 0.113889
1 0.618945 0.584722 0.058984 0.166667
1 0.699805 0.565278 0.078516 0.145833
1 0.683984 0.573264 0.090625 0.159028
