1 0.360742 0.457986 0.042578 0.114583
1 0.329297 0.470139 0.046094 0.113889
1 0.154297 0.633333 0.092969 0.256944
1 0.519336 0.473264 0.038672 0.109028
1 0.581445 0.478472 0.038672 0.101389
1 0.553906 0.498958 0.036719 0.125694
1 0.291406 0.700694 0.107813 0.286111
1 0.474609 0.589931 0.085156 0.214583
1 0.406055 0.620486 0.066016 0.229861
1 0.704688 0.517014 0.053906 0.131250
1 0.682031 0.556597 0.071094 0.164583
1 0.810156 0.512500 0.052344 0.127778
1 0.693750 0.574653 0.071094 0.189583
1 0.854102 0.572222 0.063672 0.177778
1 0.816211 0.580556 0.071484 0.181944
