1 0.236133 0.506250 0.055859 0.097222
1 0.220117 0.529514 0.047266 0.110417
1 0.074609 0.723611 0.092188 0.315278
1 0.242383 0.659722 0.080078 0.213889
1 0.337305 0.518056 0.048828 0.101389
1 0.407617 0.525694 0.026172 0.079167
1 0.396875 0.534028 0.046875 0.100000
1 0.358789 0.694444 0.105859 0.231944
1 0.473438 0.614583 0.073438 0.173611
1 0.457031 0.634722 0.085938 0.190278
1 0.540625 0.536458 0.047656 0.110417
1 0.523633 0.570139 0.075391 0.141667
1 0.611328 0.538194 0.040625 0.115278
1 0.593164 0.582292 0.045703 0.160417
1 0.675195 0.571181 0.073828 0.143750
1 0.662500 0.573611 0.081250 0.158333
