1 0.267578 0.565972 0.048438 0.106944
1 0.313672 0.585764 0.051562 0.107639
1 0.346680 0.695833 0.083203 0.208333
1 0.364063 0.668056 0.089844 0.170833
1 0.348242 0.564583 0.050391 0.106944
1 0.399805 0.563889 0.058203 0.090278
1 0.437695 0.572917 0.054297 0.111111
1 0.490234 0.662153 0.092188 0.174306
1 0.525977 0.621875 0.082422 0.143750
1 0.536523 0.652778 0.075391 0.169444
1 0.561914 0.578472 0.051172 0.108333
1 0.577930 0.590278 0.075391 0.130556
1 0.591992 0.571528 0.029297 0.109722
1 0.624023 0.607986 0.065234 0.136806
1 0.671680 0.587847 0.070703 0.118750
1 0.682422 0.601389 0.075000 0.144444
