1 0.333789 0.462847 0.041016 0.111806
1 0.289062 0.475694 0.046094 0.112500
1 0.033594 0.704167 0.057031 0.308333
1 0.222461 0.638194 0.080859 0.244444
1 0.462891 0.473611 0.050781 0.101389
1 0.535547 0.477431 0.039062 0.109028
1 0.510742 0.482292 0.043359 0.135417
1 0.364063 0.700694 0.098437 0.268056
1 0.496289 0.588889 0.080078 0.201389
1 0.448242 0.614931 0.055078 0.224306
1 0.659766 0.504861 0.047656 0.113889
1 0.640234 0.548611 0.082031 0.162500
1 0.758203 0.500694 0.053906 0.118056
1 0.669336 0.560069 0.055859 0.186806
1 0.808398 0.554167 0.068359 0.162500
1 0.776563 0.559375 0.085938 0.175694
