1 0.276758 0.565278 0.050391 0.109722
1 0.316211 0.585764 0.048047 0.107639
1 0.364648 0.687847 0.099609 0.207639
1 0.375195 0.664236 0.080859 0.186806
1 0.348633 0.570139 0.051953 0.106944
1 0.402930 0.560417 0.061328 0.105556
1 0.439453 0.580556 0.052344 0.111111
1 0.486133 0.658681 0.086328 0.168750
1 0.534570 0.628819 0.076172 0.147917
1 0.548047 0.647569 0.070312 0.160417
1 0.565430 0.574653 0.044141 0.113194
1 0.589648 0.588889 0.055078 0.126389
1 0.602148 0.570833 0.043359 0.109722
1 0.632227 0.611111 0.072266 0.140278
1 0.673828 0.589931 0.068750 0.122917
1 0.692969 0.600694 0.068750 0.134722
