1 0.361719 0.457639 0.028906 0.111111
1 0.324023 0.468056 0.050391 0.115278
1 0.161523 0.635417 0.090234 0.247222
1 0.514062 0.471528 0.034375 0.109722
1 0.577539 0.474653 0.034766 0.106250
1 0.550000 0.493056 0.037500 0.125000
1 0.297656 0.704861 0.105469 0.291667
1 0.476562 0.591319 0.082031 0.214583
1 0.410742 0.622917 0.067578 0.227778
1 0.703906 0.515625 0.047656 0.127083
1 0.679102 0.553472 0.069141 0.158333
1 0.807031 0.518056 0.056250 0.133333
1 0.692773 0.569097 0.069922 0.196528
1 0.855859 0.571181 0.067969 0.175694
1 0.814453 0.578819 0.064062 0.182639
