1 0.264062 0.562500 0.046094 0.102778
1 0.307617 0.583681 0.053516 0.109028
1 0.340625 0.694444 0.092188 0.209722
1 0.356445 0.667014 0.082422 0.175694
1 0.338672 0.565972 0.054688 0.094444
1 0.394336 0.556944 0.040234 0.090278
1 0.436328 0.574653 0.050781 0.110417
1 0.489453 0.664931 0.084375 0.171528
1 0.529687 0.627778 0.066406 0.155556
1 0.529883 0.653472 0.058984 0.176389
1 0.557227 0.566319 0.044922 0.097917
1 0.574805 0.593403 0.076172 0.129861
1 0.596094 0.572917 0.033594 0.108333
1 0.620313 0.607639 0.071875 0.140278
1 0.670898 0.590625 0.064453 0.129861
1 0.685547 0.600694 0.068750 0.136111
