1 0.342383 0.459028 0.042578 0.126389
1 0.299414 0.473958 0.045703 0.113194
1 0.029492 0.695139 0.053516 0.295833
1 0.207617 0.634028 0.081641 0.245833
1 0.476953 0.470486 0.050781 0.102083
1 0.548633 0.478819 0.026953 0.106250
1 0.522266 0.493750 0.039062 0.119444
1 0.354297 0.694792 0.099219 0.267361
1 0.487305 0.588194 0.078516 0.198611
1 0.447852 0.612153 0.083984 0.224306
1 0.675781 0.502083 0.040625 0.118056
1 0.654883 0.548264 0.067578 0.165972
1 0.776172 0.499653 0.060937 0.113194
1 0.676758 0.570486 0.052734 0.188194
1 0.829492 0.558333 0.069922 0.154167
1 0.788867 0.566667 0.069141 0.175000
