1 0.272070 0.571181 0.053516 0.115972
1 0.315625 0.588889 0.048438 0.113889
1 0.353906 0.692361 0.090625 0.215278
1 0.373242 0.656597 0.080859 0.168750
1 0.346875 0.555903 0.054688 0.095139
1 0.403516 0.564583 0.062500 0.090278
1 0.438086 0.578125 0.053516 0.115972
1 0.485352 0.662847 0.086328 0.170139
1 0.526563 0.629514 0.081250 0.143750
1 0.546484 0.646528 0.069531 0.168056
1 0.561719 0.573958 0.055469 0.102083
1 0.583594 0.588542 0.072656 0.124306
1 0.594727 0.569444 0.055078 0.104167
1 0.626172 0.609375 0.065625 0.143750
1 0.676758 0.590625 0.074609 0.120139
1 0.681836 0.601389 0.079297 0.144444
