1 0.389648 0.453472 0.039453 0.126389
1 0.351172 0.463889 0.035937 0.112500
1 0.106055 0.630556 0.090234 0.265278
1 0.556641 0.475347 0.052344 0.129861
1 0.619727 0.483681 0.051172 0.109028
1 0.577930 0.497569 0.037891 0.134028
1 0.220312 0.717361 0.117188 0.297222
1 0.450977 0.596528 0.080078 0.218056
1 0.374023 0.627431 0.067578 0.235417
1 0.731055 0.526736 0.047266 0.138194
1 0.668555 0.548264 0.062891 0.178472
1 0.863086 0.525694 0.046484 0.131944
1 0.697266 0.577431 0.064844 0.193750
1 0.877734 0.587153 0.075781 0.179861
1 0.845313 0.592014 0.085156 0.188194
