0 1 0.163672 0.271875 0.079687 0.102083
0 2 0.159570 0.368056 0.083984 0.091667
0 3 0.253516 0.306597 0.080469 0.092361
0 4 0.277734 0.405556 0.082031 0.091667
0 5 0.334766 0.332639 0.089063 0.094444
0 6 0.356055 0.400694 0.079297 0.090278
0 7 0.388672 0.469444 0.110156 0.104167
0 8 0.430469 0.337153 0.100781 0.102083
0 9 0.543750 0.386111 0.103125 0.088889
0 10 0.557422 0.447569 0.101562 0.106250
0 11 0.531836 0.792708 0.130859 0.136806
0 12 0.666016 0.675694 0.117969 0.111111
0 13 0.734180 0.656250 0.133984 0.129167
0 14 0.639258 0.517361 0.112109 0.108333
0 15 0.697070 0.465278 0.119141 0.122222
0 16 0.699023 0.366667 0.098828 0.088889
0 17 0.064648 0.073264 0.024609 0.067361
0 20 0.557422 0.186111 0.074219 0.080556
