0 1 0.214258 0.228125 0.065234 0.093750
0 2 0.202930 0.323264 0.085547 0.092361
0 3 0.300391 0.279861 0.074219 0.091667
0 4 0.312305 0.390972 0.086328 0.097222
0 5 0.376563 0.303125 0.075000 0.100694
0 6 0.392188 0.389236 0.087500 0.088194
0 7 0.430664 0.462500 0.086328 0.098611
0 8 0.475586 0.316319 0.090234 0.114583
0 9 0.583594 0.404861 0.107031 0.109722
0 10 0.592187 0.454514 0.091406 0.097917
0 11 0.541602 0.802083 0.145703 0.129167
0 12 0.677930 0.722222 0.119141 0.125000
0 13 0.746484 0.710764 0.126562 0.138194
0 14 0.655078 0.546528 0.112500 0.116667
0 15 0.713477 0.490972 0.113672 0.113889
0 16 0.731445 0.396181 0.098828 0.102083
0 17 0.089063 0.021181 0.017969 0.042361
0 20 0.578320 0.179167 0.072266 0.091667
