0 1 0.202930 0.265278 0.069141 0.081944
0 2 0.198437 0.345486 0.071875 0.086806
0 3 0.290625 0.313194 0.064844 0.087500
0 4 0.302539 0.412847 0.071484 0.090972
0 5 0.361914 0.339931 0.076172 0.092361
0 6 0.378516 0.425000 0.079687 0.088889
0 7 0.401953 0.508333 0.084375 0.111111
0 8 0.468359 0.361806 0.101562 0.105556
0 9 0.574609 0.442014 0.087500 0.097917
0 10 0.558594 0.515972 0.093750 0.081944
0 11 0.526953 0.873611 0.128125 0.131944
0 12 0.632227 0.771181 0.112891 0.113194
0 13 0.705078 0.765625 0.115625 0.117361
0 14 0.612891 0.596181 0.100781 0.113194
0 15 0.660937 0.555903 0.104688 0.131250
0 16 0.704883 0.438194 0.080859 0.095833
0 18 0.013867 0.199306 0.027734 0.100000
0 19 0.034375 0.044792 0.021094 0.064583
0 20 0.524805 0.221181 0.065234 0.089583
