0 1 0.213672 0.219792 0.064062 0.085417
0 2 0.208008 0.312500 0.069141 0.093056
0 3 0.299023 0.270486 0.073047 0.092361
0 4 0.306055 0.372222 0.087109 0.095833
0 5 0.371289 0.305556 0.091797 0.091667
0 6 0.391602 0.383681 0.080859 0.090972
0 7 0.422266 0.468750 0.098437 0.106944
0 8 0.478906 0.314236 0.097656 0.114583
0 9 0.579883 0.395139 0.101953 0.100000
0 10 0.586328 0.467014 0.096875 0.093750
0 11 0.542188 0.819097 0.135937 0.135417
0 12 0.665820 0.732986 0.111328 0.129861
0 13 0.737695 0.703472 0.112109 0.119444
0 14 0.638867 0.553125 0.109766 0.121528
0 15 0.697852 0.511111 0.111328 0.133333
0 16 0.724414 0.388542 0.083203 0.099306
0 18 0.012109 0.170486 0.024219 0.099306
0 20 0.564453 0.181944 0.067969 0.080556
