0 1 0.210156 0.213542 0.064062 0.085417
0 2 0.207813 0.310417 0.069531 0.094444
0 3 0.297070 0.269444 0.077734 0.095833
0 4 0.304297 0.371528 0.085938 0.097222
0 5 0.370117 0.299306 0.089453 0.090278
0 6 0.391211 0.382986 0.082422 0.097917
0 7 0.422070 0.470486 0.106641 0.110417
0 8 0.478711 0.310417 0.094141 0.104167
0 9 0.579492 0.390278 0.101172 0.102778
0 10 0.583789 0.462847 0.094141 0.095139
0 11 0.540430 0.817361 0.136328 0.137500
0 12 0.661328 0.736111 0.116406 0.134722
0 13 0.733789 0.702083 0.112109 0.120833
0 14 0.637695 0.554861 0.112109 0.130556
0 15 0.693945 0.511458 0.111328 0.135417
0 16 0.722656 0.386458 0.085938 0.103472
0 18 0.012305 0.169444 0.024609 0.098611
0 20 0.560156 0.178472 0.067187 0.076389
