0 1 0.128516 0.305208 0.085156 0.110417
0 2 0.138672 0.397917 0.077344 0.105556
0 3 0.224414 0.345833 0.096484 0.101389
0 4 0.250781 0.436806 0.093750 0.104167
0 5 0.314844 0.358681 0.092188 0.100694
0 6 0.332617 0.426736 0.103516 0.096528
0 7 0.375586 0.500000 0.112891 0.109722
0 8 0.403906 0.342708 0.086719 0.109028
0 9 0.511914 0.403125 0.108203 0.104861
0 10 0.538867 0.447222 0.087891 0.104167
0 11 0.510742 0.794444 0.148828 0.126389
0 12 0.652148 0.679514 0.137891 0.122917
0 13 0.713281 0.623611 0.138281 0.131944
0 14 0.624219 0.519792 0.124219 0.128472
0 15 0.683789 0.473611 0.130859 0.115278
0 16 0.676367 0.379514 0.110547 0.109028
0 17 0.054688 0.111458 0.027344 0.074306
0 20 0.544141 0.192014 0.064844 0.086806
