0 1 0.138672 0.296875 0.086719 0.113194
0 2 0.147852 0.394097 0.086328 0.110417
0 3 0.234766 0.342014 0.088281 0.099306
0 4 0.258984 0.430556 0.103125 0.098611
0 5 0.318359 0.343403 0.090625 0.095139
0 6 0.340430 0.419097 0.096484 0.093750
0 7 0.385742 0.485069 0.101953 0.106250
0 8 0.412500 0.339583 0.090625 0.113889
0 9 0.520703 0.397917 0.110937 0.097222
0 10 0.544141 0.442014 0.087500 0.109028
0 11 0.522070 0.795833 0.136328 0.140278
0 12 0.658984 0.680208 0.129688 0.124306
0 13 0.721875 0.628819 0.132812 0.132639
0 14 0.627734 0.518403 0.125781 0.124306
0 15 0.688086 0.469792 0.126953 0.121528
0 16 0.683203 0.374306 0.111719 0.105556
0 17 0.057227 0.099653 0.027734 0.068750
0 20 0.549414 0.185417 0.066797 0.084722
