0 1 0.207617 0.243056 0.066016 0.087500
0 2 0.197852 0.342014 0.087109 0.099306
0 3 0.292383 0.300347 0.088672 0.093750
0 4 0.310742 0.398264 0.080078 0.100694
0 5 0.375781 0.322222 0.078125 0.091667
0 6 0.389648 0.398264 0.092578 0.099306
0 7 0.426563 0.477431 0.104688 0.107639
0 8 0.471484 0.327431 0.092188 0.111806
0 9 0.577539 0.403125 0.104297 0.114583
0 10 0.593945 0.457986 0.091016 0.097917
0 11 0.549414 0.817361 0.146484 0.133333
0 12 0.685352 0.735069 0.130859 0.139583
0 13 0.750586 0.689583 0.119922 0.122222
0 14 0.658594 0.550694 0.123438 0.122222
0 15 0.720117 0.504167 0.122266 0.125000
0 16 0.731445 0.390972 0.093359 0.094444
0 17 0.091406 0.032292 0.020313 0.056250
0 20 0.584570 0.184375 0.067578 0.085417
