0 1 0.203516 0.222569 0.070312 0.088194
0 2 0.204297 0.320139 0.078125 0.095833
0 3 0.291211 0.274306 0.075391 0.087500
0 4 0.304297 0.381597 0.080469 0.092361
0 5 0.362500 0.293056 0.077344 0.094444
0 6 0.385742 0.387500 0.085547 0.090278
0 7 0.409180 0.460764 0.088672 0.099306
0 8 0.475586 0.307639 0.086328 0.112500
0 9 0.575781 0.398611 0.098437 0.100000
0 10 0.571680 0.458333 0.080859 0.095833
0 11 0.538477 0.812153 0.124609 0.117361
0 12 0.641406 0.733681 0.127344 0.132639
0 13 0.713477 0.725000 0.122266 0.140278
0 14 0.624023 0.556944 0.112109 0.127778
0 15 0.675000 0.502778 0.111719 0.115278
0 16 0.712695 0.391667 0.089453 0.105556
0 18 0.012695 0.170833 0.025391 0.101389
0 20 0.540625 0.169097 0.061719 0.088194
