0 1 0.149219 0.276042 0.084375 0.109028
0 2 0.149609 0.375347 0.092188 0.104861
0 3 0.243945 0.317361 0.083984 0.101389
0 4 0.266211 0.406597 0.091797 0.095139
0 5 0.323633 0.326042 0.090234 0.099306
0 6 0.346875 0.403125 0.084375 0.104861
0 7 0.383203 0.470139 0.113281 0.101389
0 8 0.420117 0.327778 0.094141 0.111111
0 9 0.530469 0.375000 0.110156 0.084722
0 10 0.551367 0.424306 0.091016 0.109722
0 11 0.529102 0.775347 0.128516 0.132639
0 12 0.665625 0.664236 0.118750 0.124306
0 13 0.731836 0.631944 0.128516 0.137500
0 14 0.633594 0.502083 0.116406 0.116667
0 15 0.691406 0.448264 0.122656 0.128472
0 16 0.690625 0.360069 0.104688 0.097917
0 17 0.059766 0.080208 0.026562 0.067361
0 20 0.553125 0.176389 0.070312 0.095833
