0 1 0.207813 0.210417 0.066406 0.087500
0 2 0.206836 0.310764 0.072266 0.096528
0 3 0.296680 0.270486 0.084766 0.102083
0 4 0.305078 0.372222 0.085938 0.098611
0 5 0.367578 0.287153 0.084375 0.088194
0 6 0.391016 0.381250 0.082812 0.098611
0 7 0.418555 0.454861 0.096484 0.095833
0 8 0.478320 0.298958 0.087891 0.103472
0 9 0.578320 0.389236 0.101172 0.095139
0 10 0.578711 0.456250 0.089453 0.097222
0 11 0.542578 0.810069 0.127344 0.131250
0 12 0.653320 0.734028 0.130859 0.134722
0 13 0.725781 0.704514 0.114062 0.122917
0 14 0.632422 0.545486 0.116406 0.115972
0 15 0.689063 0.496528 0.109375 0.130556
0 16 0.718359 0.384722 0.089844 0.109722
0 18 0.012891 0.168750 0.025781 0.098611
0 20 0.554688 0.167708 0.062500 0.075694
