0 1 0.218750 0.228125 0.070312 0.096528
0 2 0.209570 0.315625 0.071484 0.088194
0 3 0.302930 0.273958 0.069922 0.090972
0 4 0.312305 0.377083 0.083203 0.090278
0 5 0.377539 0.307986 0.083203 0.106250
0 6 0.393359 0.384375 0.085156 0.089583
0 7 0.430859 0.468750 0.086719 0.113889
0 8 0.480273 0.322569 0.100391 0.114583
0 9 0.585742 0.394792 0.105078 0.095139
0 10 0.592969 0.468403 0.096875 0.097917
0 11 0.544922 0.812153 0.139063 0.129861
0 12 0.676367 0.719444 0.113672 0.115278
0 13 0.747656 0.710069 0.122656 0.127083
0 14 0.650977 0.543056 0.110547 0.104167
0 15 0.711328 0.497569 0.110156 0.120139
0 16 0.731055 0.383681 0.091797 0.085417
0 20 0.575391 0.183681 0.070312 0.093750
