0 1 0.203320 0.252083 0.068359 0.088889
0 2 0.192383 0.343403 0.084766 0.089583
0 3 0.286523 0.303472 0.086328 0.095833
0 4 0.309766 0.401736 0.075000 0.102083
0 5 0.371094 0.328819 0.080469 0.089583
0 6 0.385352 0.401389 0.090234 0.100000
0 7 0.425000 0.478472 0.108594 0.111111
0 8 0.465625 0.330208 0.092188 0.106250
0 9 0.571484 0.394097 0.104688 0.102083
0 10 0.590820 0.459375 0.093359 0.097917
0 11 0.548633 0.818750 0.145703 0.133333
0 12 0.683203 0.725000 0.121875 0.137500
0 13 0.751563 0.682639 0.115625 0.116667
0 14 0.657617 0.550347 0.119922 0.128472
0 15 0.718359 0.505208 0.124219 0.124306
0 16 0.729297 0.388889 0.089844 0.098611
0 17 0.088281 0.038889 0.021094 0.061111
0 20 0.582617 0.187500 0.068359 0.083333
