0 1 0.142187 0.284028 0.085938 0.112500
0 2 0.145703 0.380556 0.093750 0.109722
0 3 0.239453 0.331250 0.085938 0.106944
0 4 0.261523 0.418403 0.096484 0.096528
0 5 0.319922 0.331597 0.090625 0.095139
0 6 0.342383 0.410417 0.087891 0.100000
0 7 0.384766 0.475347 0.106250 0.103472
0 8 0.416211 0.332292 0.092578 0.110417
0 9 0.525586 0.385764 0.110547 0.090972
0 10 0.547852 0.432639 0.086328 0.112500
0 11 0.527148 0.788194 0.130078 0.145833
0 12 0.663086 0.671528 0.123047 0.126389
0 13 0.727734 0.628819 0.128125 0.127083
0 14 0.630664 0.509722 0.120703 0.119444
0 15 0.688281 0.455903 0.125781 0.122917
0 16 0.686719 0.363542 0.107813 0.103472
0 17 0.057813 0.088194 0.027344 0.063889
0 20 0.551562 0.178819 0.067969 0.090972
