0 1 0.206445 0.209375 0.067578 0.085417
0 2 0.205859 0.312847 0.075000 0.096528
0 3 0.297266 0.271181 0.077344 0.095139
0 4 0.305273 0.374306 0.084766 0.097222
0 5 0.366406 0.283681 0.082031 0.088194
0 6 0.389453 0.382986 0.085938 0.093750
0 7 0.414648 0.454861 0.093359 0.091667
0 8 0.477930 0.297222 0.084766 0.105556
0 9 0.577539 0.391319 0.101953 0.093750
0 10 0.576172 0.454861 0.086719 0.095833
0 11 0.542383 0.807639 0.125391 0.122222
0 12 0.648633 0.732292 0.133203 0.134028
0 13 0.722266 0.710764 0.116406 0.127083
0 14 0.627734 0.545833 0.122656 0.125000
0 15 0.682227 0.498264 0.113672 0.125694
0 16 0.716016 0.385764 0.091406 0.111806
0 18 0.012891 0.169097 0.025781 0.100694
0 20 0.551172 0.162500 0.060156 0.080556
