0 1 0.125000 0.303125 0.085156 0.106250
0 2 0.133594 0.385764 0.076563 0.103472
0 3 0.220703 0.348264 0.089844 0.140972
0 4 0.248828 0.415972 0.086719 0.104167
0 5 0.314453 0.345486 0.091406 0.095139
0 6 0.328711 0.402431 0.087109 0.106250
0 7 0.373828 0.472569 0.103906 0.120139
0 8 0.400391 0.325000 0.089063 0.097222
0 9 0.499414 0.365972 0.112891 0.102778
0 10 0.532422 0.424653 0.102344 0.109028
0 11 0.507227 0.759028 0.153516 0.138889
0 12 0.657813 0.638542 0.122656 0.135417
0 13 0.717969 0.593403 0.143750 0.139583
0 14 0.625977 0.482986 0.117578 0.140972
0 15 0.684961 0.437153 0.125391 0.129861
0 16 0.675000 0.350000 0.098437 0.112500
0 17 0.057422 0.110417 0.025781 0.075000
0 20 0.543945 0.168750 0.066797 0.080556
