0 1 0.195117 0.259722 0.069141 0.091667
0 2 0.185547 0.344444 0.082812 0.088889
0 3 0.278711 0.304861 0.083203 0.095833
0 4 0.301563 0.401042 0.075781 0.097917
0 5 0.362109 0.331944 0.085156 0.088889
0 6 0.377930 0.405208 0.088672 0.099306
0 7 0.416602 0.480208 0.100391 0.117361
0 8 0.459766 0.332292 0.092188 0.100694
0 9 0.563281 0.393750 0.104688 0.104167
0 10 0.583008 0.459722 0.097266 0.098611
0 11 0.544336 0.814931 0.144141 0.128472
0 12 0.678320 0.716667 0.117578 0.134722
0 13 0.747852 0.678819 0.117578 0.114583
0 14 0.653320 0.547569 0.114453 0.124306
0 15 0.713281 0.503125 0.125000 0.121528
0 16 0.724023 0.385417 0.088672 0.098611
0 17 0.082617 0.047569 0.022266 0.067361
0 20 0.576562 0.190278 0.071094 0.086111
