0 1 0.186133 0.265972 0.070703 0.094444
0 2 0.178320 0.344444 0.080859 0.087500
0 3 0.271484 0.303819 0.081250 0.092361
0 4 0.293359 0.399653 0.076563 0.093750
0 5 0.353125 0.335069 0.089844 0.088194
0 6 0.369922 0.404514 0.084375 0.099306
0 7 0.408984 0.477431 0.099219 0.113194
0 8 0.450000 0.334722 0.098437 0.101389
0 9 0.554688 0.394097 0.104688 0.106250
0 10 0.575195 0.460069 0.101172 0.099306
0 11 0.540430 0.812153 0.140234 0.132639
0 12 0.672266 0.709375 0.116406 0.132639
0 13 0.741797 0.677083 0.124219 0.113889
0 14 0.646680 0.538542 0.116016 0.118750
0 15 0.708398 0.495139 0.123828 0.120833
0 16 0.716797 0.379514 0.089063 0.095139
0 17 0.077734 0.046181 0.017188 0.065972
0 20 0.570508 0.192708 0.073828 0.088194
