0 1 0.201953 0.267361 0.061719 0.077778
0 2 0.195312 0.355208 0.070312 0.085417
0 3 0.290039 0.326736 0.063672 0.089583
0 4 0.301172 0.421875 0.068750 0.092361
0 5 0.362109 0.351042 0.072656 0.085417
0 6 0.376172 0.440625 0.077344 0.088194
0 7 0.400195 0.518403 0.091016 0.100694
0 8 0.473828 0.367014 0.086719 0.100694
0 9 0.568164 0.453819 0.080859 0.102083
0 10 0.554297 0.528125 0.083594 0.092361
0 11 0.524219 0.882639 0.133594 0.138889
0 12 0.621094 0.796875 0.119531 0.135417
0 13 0.699805 0.769097 0.105859 0.115972
0 14 0.603516 0.609375 0.101562 0.129861
0 15 0.651758 0.572917 0.108203 0.126389
0 16 0.698828 0.460069 0.086719 0.102083
0 18 0.016602 0.211458 0.033203 0.093750
0 19 0.025977 0.057292 0.020703 0.064583
0 20 0.513672 0.236111 0.067969 0.091667
