0 5 0.821289 0.689236 0.215234 0.361806
0 6 0.983008 0.419444 0.033203 0.134722
0 19 0.629102 0.623264 0.241797 0.329861
0 20 0.513867 0.695139 0.129297 0.268056
0 21 0.357617 0.560069 0.191016 0.320139
0 22 0.861719 0.400347 0.130469 0.211806
0 23 0.701367 0.375347 0.145703 0.211806
0 24 0.578711 0.386806 0.087109 0.159722
0 25 0.615430 0.372569 0.130859 0.184028
0 26 0.548242 0.381597 0.102734 0.139583
0 27 0.411328 0.357986 0.129688 0.175694
0 28 0.283008 0.353125 0.068359 0.122917
0 29 0.342383 0.311806 0.082422 0.127778
0 30 0.293555 0.345139 0.101953 0.147222
0 31 0.033008 0.310069 0.066016 0.107639
0 32 0.199219 0.330556 0.110937 0.141667
0 33 0.199805 0.356597 0.057422 0.138194
0 34 0.087500 0.333681 0.067969 0.095139
