0 5 0.668750 0.650000 0.227344 0.333333
0 6 0.859570 0.408681 0.082422 0.182639
0 7 0.915039 0.701389 0.169141 0.383333
0 8 0.951367 0.423611 0.096484 0.244444
0 9 0.907031 0.382292 0.103906 0.179861
0 12 0.974023 0.492014 0.051172 0.172917
0 19 0.435937 0.600347 0.219531 0.338194
0 20 0.242383 0.599306 0.083984 0.248611
0 21 0.195703 0.531597 0.169531 0.282639
0 22 0.764062 0.393750 0.148438 0.184722
0 23 0.569727 0.391319 0.137109 0.186806
0 24 0.439648 0.381597 0.090234 0.153472
0 25 0.478320 0.378819 0.134766 0.186806
0 26 0.414453 0.375000 0.104688 0.154167
0 27 0.229687 0.345486 0.119531 0.157639
0 28 0.165039 0.331944 0.060547 0.130556
0 29 0.231836 0.310417 0.062109 0.133333
0 32 0.102734 0.321528 0.108594 0.154167
0 33 0.054688 0.355556 0.075781 0.125000
