0 5 0.384570 0.631250 0.156641 0.297222
0 6 0.717383 0.463889 0.041016 0.169444
0 7 0.703320 0.682639 0.124609 0.330556
0 8 0.790039 0.465278 0.134766 0.240278
0 11 0.508203 0.440278 0.057813 0.159722
0 12 0.828711 0.503819 0.069141 0.185417
0 13 0.538477 0.344792 0.076172 0.172917
0 14 0.960938 0.514931 0.077344 0.197917
0 15 0.782422 0.519792 0.127344 0.227083
0 19 0.248633 0.618403 0.187109 0.295139
0 20 0.154492 0.605208 0.050391 0.220139
0 21 0.144727 0.563542 0.088672 0.261806
0 22 0.578516 0.455208 0.117969 0.174306
0 23 0.373047 0.417014 0.102344 0.196528
0 24 0.283789 0.419792 0.079297 0.140972
0 25 0.276953 0.403125 0.104688 0.163194
0 26 0.191992 0.406944 0.066016 0.127778
0 27 0.059375 0.376736 0.087500 0.140972
0 29 0.086523 0.384375 0.062891 0.118750
