0 5 0.366211 0.659028 0.183203 0.316667
0 6 0.637109 0.475694 0.062500 0.184722
0 7 0.661328 0.711806 0.153906 0.344444
0 8 0.745313 0.484375 0.146875 0.235417
0 10 0.917188 0.504514 0.096875 0.190972
0 11 0.477930 0.455903 0.075391 0.157639
0 12 0.770703 0.537153 0.085156 0.167361
0 13 0.643555 0.361458 0.085547 0.190972
0 14 0.938086 0.540625 0.121484 0.202083
0 17 0.972852 0.509375 0.053516 0.170139
0 19 0.194922 0.623611 0.224219 0.290278
0 20 0.059180 0.627778 0.097266 0.226389
0 21 0.043750 0.578125 0.070312 0.253472
0 22 0.540820 0.460764 0.117578 0.181250
0 23 0.328125 0.432639 0.110937 0.206944
0 24 0.237500 0.441667 0.086719 0.161111
0 25 0.237695 0.420486 0.124609 0.170139
0 26 0.141797 0.421528 0.087500 0.129167
0 27 0.024805 0.382639 0.049609 0.159722
