0 5 0.414258 0.718750 0.201953 0.313889
0 6 0.648633 0.517708 0.078516 0.175694
0 7 0.703125 0.779167 0.160156 0.350000
0 8 0.799609 0.535764 0.179688 0.257639
0 10 0.909180 0.544097 0.112109 0.204861
0 12 0.798828 0.588194 0.091406 0.190278
0 13 0.793359 0.401389 0.094531 0.180556
0 14 0.962109 0.579167 0.075000 0.168056
0 16 0.975195 0.690278 0.048828 0.163889
0 17 0.976367 0.550347 0.046484 0.164583
0 19 0.205664 0.658333 0.193359 0.319444
0 20 0.057422 0.670833 0.103125 0.220833
0 21 0.037109 0.611458 0.074219 0.260417
0 22 0.568359 0.501736 0.101562 0.181250
0 23 0.354687 0.479167 0.119531 0.193056
0 24 0.254102 0.473611 0.089453 0.152778
0 25 0.262109 0.460069 0.130469 0.197917
0 26 0.184766 0.461111 0.099219 0.134722
0 27 0.037109 0.427083 0.074219 0.162500
