0 1 0.969141 0.377083 0.060937 0.134722
0 2 0.935937 0.502083 0.127344 0.312500
0 3 0.858789 0.477083 0.132422 0.197222
0 4 0.791992 0.800694 0.112109 0.397222
0 5 0.724805 0.698611 0.241797 0.381944
0 19 0.567578 0.626736 0.279687 0.307639
0 20 0.387109 0.847222 0.197656 0.288889
0 21 0.181836 0.589931 0.178516 0.349306
0 22 0.658203 0.394444 0.146875 0.233333
0 23 0.512891 0.374306 0.132812 0.243056
0 24 0.351367 0.382639 0.108984 0.179167
0 25 0.411328 0.360764 0.124219 0.207639
0 26 0.362500 0.352431 0.087500 0.132639
0 27 0.253125 0.363542 0.114844 0.179861
0 28 0.109570 0.378819 0.085547 0.120139
0 29 0.100391 0.283333 0.091406 0.115278
0 30 0.041016 0.335069 0.080469 0.149306
0 31 0.023242 0.283333 0.046484 0.111111
