0 5 0.773828 0.688194 0.213281 0.329167
0 6 0.972852 0.432639 0.053516 0.177778
0 7 0.969922 0.708333 0.059375 0.294444
0 19 0.558594 0.626042 0.226562 0.306250
0 20 0.379102 0.654861 0.089453 0.248611
0 21 0.306641 0.561458 0.192969 0.275694
0 22 0.850195 0.405556 0.148047 0.202778
0 23 0.673047 0.390625 0.138281 0.203472
0 24 0.541406 0.401042 0.089063 0.149306
0 25 0.583398 0.389931 0.124609 0.188194
0 26 0.506836 0.386111 0.112891 0.145833
0 27 0.353711 0.366667 0.121484 0.168056
0 28 0.251758 0.354167 0.057422 0.145833
0 29 0.320117 0.315972 0.075391 0.130556
0 30 0.286523 0.352431 0.094922 0.156250
0 32 0.183008 0.339583 0.107422 0.145833
0 33 0.185156 0.364583 0.074219 0.131944
0 34 0.072656 0.349653 0.067969 0.110417
