0 5 0.898438 0.800694 0.202344 0.359722
0 19 0.723633 0.713889 0.253516 0.344444
0 20 0.641406 0.864583 0.092969 0.269444
0 21 0.416406 0.675000 0.204687 0.329167
0 22 0.908398 0.501042 0.131641 0.224306
0 23 0.761914 0.477083 0.145703 0.229167
0 24 0.624805 0.477083 0.092578 0.151389
0 25 0.667969 0.467708 0.125781 0.202083
0 26 0.602930 0.470139 0.098047 0.138889
0 27 0.493945 0.466667 0.118359 0.173611
0 28 0.353320 0.458681 0.086328 0.127083
0 29 0.386914 0.408333 0.097266 0.137500
0 30 0.329102 0.439236 0.099609 0.146528
0 31 0.159766 0.394444 0.085938 0.126389
0 32 0.244727 0.436458 0.125391 0.154861
0 33 0.223633 0.458681 0.056641 0.125694
0 34 0.122266 0.440278 0.055469 0.111111
0 35 0.025391 0.446528 0.050781 0.136111
0 36 0.038867 0.420833 0.077734 0.145833
