0 5 0.835352 0.653472 0.285547 0.341667
0 6 0.972461 0.401736 0.054297 0.160417
0 19 0.589844 0.581944 0.214844 0.340278
0 20 0.446094 0.629167 0.110156 0.244444
0 21 0.328711 0.525347 0.191797 0.286806
0 22 0.846875 0.357639 0.129688 0.195833
0 23 0.684375 0.342708 0.145313 0.227083
0 24 0.558008 0.349306 0.080859 0.158333
0 25 0.590625 0.337153 0.124219 0.190972
0 26 0.525586 0.342361 0.104297 0.145833
0 27 0.380664 0.320139 0.129297 0.175000
0 28 0.258594 0.310764 0.058594 0.131250
0 29 0.325586 0.272569 0.079297 0.125694
0 30 0.281055 0.307292 0.098047 0.157639
0 32 0.181445 0.293750 0.103516 0.152778
0 33 0.189648 0.319444 0.059766 0.131944
0 34 0.081250 0.297569 0.071094 0.100694
