0 5 0.381641 0.684028 0.205469 0.298611
0 6 0.625195 0.490625 0.076953 0.178472
0 7 0.680078 0.731944 0.146875 0.343056
0 8 0.751563 0.507986 0.157812 0.250694
0 10 0.898242 0.520139 0.113672 0.201389
0 11 0.504883 0.467361 0.089453 0.152778
0 12 0.770508 0.560417 0.088672 0.184722
0 13 0.717383 0.377778 0.094141 0.187500
0 14 0.941406 0.559375 0.116406 0.199306
0 16 0.973633 0.672917 0.051953 0.170833
0 17 0.963867 0.526736 0.071484 0.165972
0 19 0.172266 0.635764 0.196094 0.309028
0 20 0.043164 0.642708 0.086328 0.221528
0 21 0.028320 0.583333 0.056641 0.287500
0 22 0.539648 0.478472 0.105078 0.184722
0 23 0.329883 0.447917 0.117578 0.200000
0 24 0.226758 0.444444 0.097266 0.155556
0 25 0.235352 0.430208 0.123828 0.188194
0 26 0.150000 0.431944 0.093750 0.122222
0 27 0.024609 0.399306 0.049219 0.151389
