0 5 0.401953 0.627431 0.156250 0.302083
0 6 0.763867 0.459722 0.047266 0.173611
0 7 0.724414 0.678819 0.115234 0.331250
0 8 0.829883 0.465278 0.134766 0.234722
0 11 0.530469 0.428472 0.060156 0.162500
0 12 0.872656 0.500347 0.067187 0.195139
0 13 0.536719 0.331944 0.076563 0.162500
0 14 0.976953 0.497569 0.045312 0.193750
0 15 0.732422 0.474653 0.118750 0.215972
0 18 0.772656 0.430903 0.106250 0.150694
0 19 0.271875 0.610069 0.183594 0.284028
0 20 0.190820 0.585069 0.044141 0.206250
0 21 0.156250 0.553472 0.106250 0.234722
0 22 0.609180 0.453472 0.122266 0.188889
0 23 0.393945 0.409722 0.105859 0.187500
0 24 0.306836 0.413542 0.083203 0.142361
0 25 0.298633 0.393403 0.108203 0.168750
0 26 0.212305 0.403472 0.067578 0.120833
0 27 0.081641 0.370833 0.101562 0.138889
0 29 0.100000 0.374306 0.071094 0.123611
