0 5 0.892578 0.795486 0.214062 0.379861
0 19 0.722852 0.716667 0.262109 0.308333
0 20 0.621094 0.868056 0.096094 0.262500
0 21 0.396484 0.651736 0.185938 0.335417
0 22 0.891406 0.487847 0.149219 0.238194
0 23 0.745898 0.460069 0.168359 0.239583
0 24 0.591992 0.464236 0.099609 0.164583
0 25 0.647461 0.447569 0.130078 0.204861
0 26 0.583008 0.453125 0.088672 0.131250
0 27 0.475195 0.449653 0.119922 0.179861
0 28 0.333398 0.452431 0.088672 0.138194
0 29 0.351953 0.386806 0.092969 0.129167
0 30 0.291797 0.428472 0.096094 0.148611
0 31 0.167969 0.375347 0.086719 0.131250
0 32 0.213867 0.435069 0.115234 0.175694
0 33 0.185156 0.451736 0.066406 0.128472
0 34 0.076758 0.426042 0.062109 0.109028
