0 5 0.505273 0.707639 0.181641 0.298611
0 6 0.728906 0.476736 0.089844 0.175694
0 7 0.801562 0.750694 0.184375 0.351389
0 8 0.858984 0.503125 0.157031 0.254861
0 10 0.953320 0.504167 0.092578 0.195833
0 12 0.875586 0.547222 0.098047 0.183333
0 13 0.950586 0.372917 0.100391 0.205556
0 19 0.298438 0.642014 0.215625 0.343750
0 20 0.129688 0.650694 0.100781 0.230556
0 21 0.094727 0.583333 0.127734 0.273611
0 22 0.641016 0.465625 0.118750 0.185417
0 23 0.444141 0.459375 0.137500 0.200694
0 24 0.326172 0.450000 0.089844 0.155556
0 25 0.351367 0.447222 0.132422 0.201389
0 26 0.272852 0.437153 0.094922 0.121528
0 27 0.095703 0.405208 0.097656 0.163194
0 29 0.114844 0.392014 0.077344 0.163194
0 32 0.021875 0.391319 0.043750 0.120139
