0 1 0.967383 0.324306 0.065234 0.131944
0 2 0.933008 0.444444 0.133203 0.318056
0 3 0.855469 0.429167 0.135937 0.197222
0 4 0.763281 0.798264 0.104688 0.403472
0 5 0.698438 0.647569 0.200781 0.359028
0 19 0.575781 0.565972 0.282031 0.308333
0 20 0.373437 0.788194 0.206250 0.297222
0 21 0.157617 0.552778 0.176953 0.358333
0 22 0.638086 0.352083 0.142578 0.234722
0 23 0.499609 0.316319 0.128125 0.246528
0 24 0.333203 0.320833 0.095312 0.162500
0 25 0.395117 0.305903 0.123828 0.206250
0 26 0.343750 0.291667 0.084375 0.127778
0 27 0.236328 0.305556 0.107813 0.191667
0 28 0.097070 0.323958 0.083203 0.120139
0 29 0.077734 0.225000 0.090625 0.112500
0 30 0.026172 0.283333 0.052344 0.148611
0 31 0.024023 0.227431 0.048047 0.113194
