0 5 0.393750 0.705208 0.207031 0.307639
0 6 0.631445 0.505208 0.080078 0.177083
0 7 0.689453 0.755556 0.155469 0.347222
0 8 0.778125 0.524306 0.177344 0.252778
0 10 0.900391 0.527431 0.111719 0.202083
0 12 0.784375 0.577083 0.094531 0.184722
0 13 0.748437 0.383333 0.104688 0.186111
0 14 0.951367 0.570139 0.096484 0.173611
0 16 0.975000 0.680208 0.049219 0.164583
0 17 0.969336 0.538194 0.060547 0.165278
0 19 0.184961 0.646181 0.191016 0.313194
0 20 0.046875 0.654167 0.093750 0.219444
0 21 0.030664 0.594097 0.061328 0.271528
0 22 0.555859 0.489236 0.099219 0.182639
0 23 0.339453 0.462153 0.118750 0.197917
0 24 0.237695 0.456250 0.091016 0.152778
0 25 0.246680 0.445486 0.128516 0.193750
0 26 0.164453 0.442708 0.095312 0.132639
0 27 0.029297 0.411111 0.058594 0.154167
