0 5 0.889648 0.789931 0.219922 0.379861
0 19 0.719336 0.704514 0.253516 0.307639
0 20 0.611133 0.872569 0.102734 0.253472
0 21 0.386914 0.654514 0.180859 0.327083
0 22 0.879687 0.479167 0.146875 0.244444
0 23 0.736328 0.456250 0.153125 0.231944
0 24 0.581445 0.459375 0.101172 0.172917
0 25 0.633203 0.442361 0.114062 0.204167
0 26 0.574609 0.451389 0.085938 0.130556
0 27 0.469727 0.447917 0.119141 0.177778
0 28 0.328516 0.446875 0.091406 0.149306
0 29 0.347656 0.385417 0.101562 0.127778
0 30 0.283398 0.421181 0.094922 0.145139
0 31 0.169922 0.370486 0.087500 0.131250
0 32 0.200195 0.423264 0.117578 0.167361
0 33 0.172070 0.449306 0.069922 0.127778
0 34 0.065039 0.419444 0.062891 0.115278
