0 5 0.439844 0.635417 0.244531 0.340278
0 6 0.841797 0.450347 0.046094 0.188194
0 7 0.780469 0.681597 0.145313 0.382639
0 8 0.894141 0.450347 0.137500 0.245139
0 11 0.556055 0.410417 0.069141 0.180556
0 12 0.944531 0.480208 0.067187 0.218750
0 13 0.503906 0.311806 0.074219 0.166667
0 15 0.635547 0.475000 0.126562 0.225000
0 18 0.751563 0.415278 0.109375 0.170833
0 19 0.272852 0.615972 0.197266 0.308333
0 20 0.196094 0.597917 0.047656 0.261111
0 21 0.147070 0.554514 0.142578 0.309028
0 22 0.634180 0.451042 0.140234 0.214583
0 23 0.429883 0.390972 0.155859 0.216667
0 24 0.304297 0.402083 0.091406 0.168056
0 25 0.295703 0.375347 0.109375 0.192361
0 26 0.203125 0.383681 0.077344 0.135417
0 27 0.063477 0.353819 0.119922 0.156250
