0 5 0.856836 0.738194 0.211328 0.376389
0 19 0.668164 0.682986 0.244141 0.317361
0 20 0.562500 0.756597 0.132031 0.256250
0 21 0.388477 0.615625 0.190234 0.321528
0 22 0.892578 0.451389 0.139063 0.205556
0 23 0.734570 0.430556 0.149609 0.215278
0 24 0.605664 0.445486 0.095703 0.163194
0 25 0.645312 0.427431 0.139063 0.193750
0 26 0.576172 0.434375 0.103125 0.146528
0 27 0.443555 0.419097 0.130078 0.179861
0 28 0.316406 0.409722 0.067187 0.115278
0 29 0.364258 0.360417 0.083984 0.123611
0 30 0.319727 0.395833 0.103516 0.143056
0 31 0.066016 0.355208 0.082812 0.118750
0 32 0.228320 0.383333 0.112891 0.144444
0 33 0.223438 0.410417 0.054688 0.137500
0 34 0.113477 0.389236 0.065234 0.099306
0 36 0.028711 0.373958 0.057422 0.118750
0 37 0.020117 0.852083 0.040234 0.202778
