0 1 0.968164 0.350694 0.062891 0.131944
0 2 0.935352 0.472569 0.128516 0.321528
0 3 0.857422 0.457986 0.132812 0.197917
0 4 0.776172 0.792014 0.109375 0.414583
0 5 0.707227 0.673264 0.214453 0.367361
0 19 0.570898 0.597569 0.282422 0.311806
0 20 0.377344 0.816667 0.200000 0.293056
0 21 0.166211 0.576389 0.178516 0.348611
0 22 0.646484 0.377083 0.145313 0.237500
0 23 0.505469 0.348264 0.130469 0.249306
0 24 0.341992 0.353472 0.102734 0.169444
0 25 0.405273 0.337153 0.129297 0.203472
0 26 0.354492 0.326389 0.089453 0.140278
0 27 0.246289 0.333681 0.116016 0.182639
0 28 0.103516 0.357986 0.086719 0.124306
0 29 0.089453 0.257639 0.091406 0.115278
0 30 0.033203 0.310764 0.066406 0.150694
0 31 0.022070 0.256597 0.044141 0.114583
