0 5 0.808008 0.656597 0.233984 0.352083
0 6 0.970117 0.400000 0.059766 0.159722
0 19 0.604102 0.579861 0.228516 0.338889
0 20 0.473047 0.651736 0.118750 0.271528
0 21 0.335352 0.528472 0.193359 0.294444
0 22 0.845508 0.362847 0.129297 0.215972
0 23 0.685742 0.342708 0.148047 0.218750
0 24 0.562500 0.352778 0.082812 0.162500
0 25 0.591992 0.335069 0.123047 0.189583
0 26 0.531836 0.346181 0.109766 0.139583
0 27 0.387500 0.321528 0.128125 0.179167
0 28 0.263281 0.320139 0.067969 0.126389
0 29 0.325000 0.270139 0.080469 0.129167
0 30 0.280664 0.310417 0.098828 0.152778
0 31 0.017383 0.278472 0.034766 0.101389
0 32 0.183789 0.295486 0.108203 0.149306
0 33 0.188086 0.325347 0.056641 0.132639
0 34 0.077930 0.297917 0.070703 0.094444
