0 1 0.973242 0.395833 0.052734 0.130556
0 2 0.941406 0.513889 0.116406 0.298611
0 3 0.863867 0.496528 0.141797 0.188889
0 4 0.810742 0.813542 0.121484 0.371528
0 5 0.741406 0.721875 0.267969 0.379861
0 19 0.563672 0.649653 0.281250 0.302083
0 20 0.399805 0.857986 0.187109 0.282639
0 21 0.199609 0.611111 0.177344 0.347222
0 22 0.673633 0.416667 0.160547 0.230556
0 23 0.525195 0.389236 0.131641 0.235417
0 24 0.361133 0.389583 0.105078 0.168056
0 25 0.421875 0.376736 0.113281 0.202083
0 26 0.370117 0.371528 0.090234 0.140278
0 27 0.261133 0.382639 0.109766 0.180556
0 28 0.118164 0.396181 0.080859 0.114583
0 29 0.112305 0.301736 0.089453 0.111806
0 30 0.050586 0.352083 0.094141 0.138889
0 31 0.024219 0.296181 0.048438 0.106250
0 32 0.023047 0.359375 0.046094 0.157639
