0 5 0.720117 0.692708 0.196484 0.322917
0 6 0.951758 0.432986 0.076953 0.179861
0 7 0.953906 0.719444 0.091406 0.327778
0 8 0.975977 0.438889 0.047266 0.262500
0 19 0.506445 0.614931 0.205859 0.327083
0 20 0.320703 0.652778 0.085938 0.258333
0 21 0.266992 0.562500 0.192578 0.290278
0 22 0.804883 0.410764 0.133984 0.207639
0 23 0.636133 0.401736 0.131641 0.185417
0 24 0.505078 0.411111 0.088281 0.162500
0 25 0.538867 0.399306 0.117578 0.184722
0 26 0.471875 0.386458 0.113281 0.143750
0 27 0.309961 0.365972 0.122266 0.162500
0 28 0.213086 0.360417 0.041016 0.136111
0 29 0.285352 0.329167 0.066797 0.141667
0 30 0.258398 0.355208 0.083203 0.164583
0 32 0.151367 0.348611 0.101172 0.150000
0 33 0.144141 0.364931 0.088281 0.143750
0 34 0.036719 0.356250 0.068750 0.101389
