0 5 0.412695 0.617708 0.168359 0.313194
0 6 0.787891 0.457986 0.048438 0.174306
0 7 0.744141 0.680208 0.126562 0.328472
0 8 0.850977 0.455556 0.131641 0.234722
0 11 0.542188 0.415625 0.060937 0.161806
0 12 0.897656 0.489236 0.068750 0.200694
0 13 0.530664 0.326042 0.076172 0.156250
0 15 0.707812 0.478472 0.129688 0.215278
0 18 0.770703 0.425694 0.107031 0.166667
0 19 0.284180 0.601042 0.198828 0.284028
0 20 0.198828 0.597222 0.047656 0.234722
0 21 0.166016 0.550000 0.107813 0.254167
0 22 0.618945 0.445139 0.126953 0.190278
0 23 0.415039 0.395833 0.126172 0.190278
0 24 0.313477 0.401042 0.089453 0.143750
0 25 0.307227 0.381597 0.105859 0.172917
0 26 0.216211 0.389931 0.073047 0.131250
0 27 0.091406 0.366667 0.111719 0.152778
