0 5 0.817383 0.657292 0.240234 0.343750
0 6 0.978516 0.406250 0.042969 0.152778
0 19 0.591992 0.596875 0.207422 0.334028
0 20 0.436328 0.651042 0.103906 0.256250
0 21 0.326172 0.532292 0.176563 0.282639
0 22 0.856055 0.378472 0.133203 0.198611
0 23 0.692969 0.364236 0.144531 0.211806
0 24 0.562695 0.374653 0.083984 0.156250
0 25 0.597461 0.356944 0.125391 0.186111
0 26 0.531445 0.366667 0.102734 0.144444
0 27 0.383984 0.346528 0.128906 0.179167
0 28 0.265625 0.330208 0.062500 0.122917
0 29 0.333203 0.292708 0.076563 0.124306
0 30 0.291211 0.325347 0.097266 0.149306
0 32 0.185742 0.313889 0.102734 0.155556
0 33 0.198242 0.342361 0.065234 0.131944
0 34 0.086328 0.318056 0.067969 0.104167
