0 5 0.897266 0.799653 0.204687 0.356250
0 19 0.726953 0.716319 0.263281 0.334028
0 20 0.637500 0.870486 0.094531 0.259028
0 21 0.411914 0.679861 0.202734 0.330556
0 22 0.901758 0.499653 0.131641 0.228472
0 23 0.756445 0.473611 0.148047 0.233333
0 24 0.615234 0.473611 0.095312 0.152778
0 25 0.665820 0.463542 0.130859 0.199306
0 26 0.599414 0.467708 0.097266 0.136806
0 27 0.489648 0.461458 0.117578 0.177083
0 28 0.349023 0.457639 0.087109 0.137500
0 29 0.378125 0.405208 0.097656 0.135417
0 30 0.318359 0.437153 0.100000 0.152083
0 31 0.165625 0.387153 0.085938 0.129861
0 32 0.239453 0.432986 0.122656 0.157639
0 33 0.215430 0.460417 0.062891 0.120833
0 34 0.111719 0.439931 0.071094 0.117361
0 35 0.021289 0.442361 0.042578 0.134722
0 36 0.035547 0.416319 0.071094 0.143750
