0 5 0.808008 0.676736 0.226172 0.334028
0 6 0.980664 0.413889 0.037891 0.150000
0 19 0.588281 0.609375 0.209375 0.320139
0 20 0.423633 0.651042 0.100391 0.249306
0 21 0.324609 0.544444 0.175000 0.277778
0 22 0.863477 0.390972 0.139453 0.204167
0 23 0.697266 0.379514 0.142187 0.204861
0 24 0.561523 0.388194 0.090234 0.158333
0 25 0.596680 0.370139 0.124609 0.180556
0 26 0.529883 0.374653 0.105078 0.147917
0 27 0.381250 0.358333 0.125781 0.172222
0 28 0.269922 0.344097 0.067187 0.135417
0 29 0.334570 0.306944 0.076172 0.131944
0 30 0.296680 0.338194 0.095703 0.150000
0 32 0.194141 0.331944 0.103125 0.147222
0 33 0.201367 0.355208 0.066016 0.131250
0 34 0.094141 0.337153 0.071094 0.104861
