0 5 0.391797 0.633681 0.160938 0.295139
0 6 0.740430 0.462153 0.044141 0.171528
0 7 0.705664 0.676389 0.112891 0.334722
0 8 0.803906 0.470486 0.131250 0.234028
0 11 0.516602 0.437500 0.058984 0.162500
0 12 0.845117 0.503472 0.062109 0.195833
0 13 0.534766 0.333333 0.074219 0.168056
0 14 0.966211 0.510069 0.066797 0.192361
0 15 0.748828 0.510764 0.125781 0.213194
0 19 0.259766 0.622222 0.191406 0.294444
0 20 0.169922 0.594792 0.041406 0.220139
0 21 0.145703 0.556944 0.100781 0.247222
0 22 0.591211 0.455556 0.119141 0.176389
0 23 0.377539 0.414931 0.098047 0.189583
0 24 0.292969 0.420139 0.080469 0.144444
0 25 0.283789 0.399653 0.105078 0.174306
0 26 0.199609 0.407292 0.068750 0.120139
0 27 0.068164 0.375694 0.091016 0.137500
0 29 0.092969 0.383333 0.062500 0.116667
