0 5 0.645312 0.633681 0.210156 0.335417
0 6 0.839844 0.409722 0.084375 0.179167
0 7 0.907617 0.700347 0.183984 0.374306
0 8 0.948438 0.427778 0.102344 0.250000
0 9 0.881641 0.382292 0.104688 0.186806
0 12 0.966797 0.487847 0.065625 0.174306
0 19 0.414648 0.578472 0.209766 0.326389
0 20 0.225977 0.594792 0.076953 0.267361
0 21 0.185547 0.529167 0.164844 0.284722
0 22 0.748047 0.388889 0.146094 0.187500
0 23 0.551367 0.386458 0.133984 0.188194
0 24 0.425586 0.374653 0.095703 0.164583
0 25 0.460352 0.367708 0.118359 0.181250
0 26 0.399023 0.363194 0.095703 0.130556
0 27 0.211914 0.337847 0.118359 0.159028
0 28 0.153906 0.327083 0.065625 0.125000
0 29 0.215430 0.301736 0.055859 0.134028
0 32 0.089063 0.317708 0.108594 0.153472
0 33 0.034766 0.348264 0.069531 0.118750
