0 5 0.362305 0.664583 0.173047 0.311111
0 6 0.622656 0.481944 0.070312 0.172222
0 7 0.673242 0.726736 0.141797 0.345139
0 8 0.739648 0.490972 0.144922 0.248611
0 10 0.895312 0.513889 0.110937 0.200000
0 11 0.486523 0.463194 0.083984 0.158333
0 12 0.764453 0.550347 0.082031 0.186806
0 13 0.685742 0.376736 0.091797 0.177083
0 14 0.937305 0.551736 0.124609 0.190972
0 16 0.973633 0.667361 0.052734 0.169444
0 17 0.964258 0.518403 0.071484 0.171528
0 19 0.168945 0.631944 0.206641 0.316667
0 20 0.045312 0.631597 0.090625 0.220139
0 21 0.029492 0.583681 0.058984 0.289583
0 22 0.532617 0.471181 0.117578 0.181250
0 23 0.321680 0.437847 0.118359 0.197917
0 24 0.224805 0.438889 0.095703 0.147222
0 25 0.228906 0.421181 0.125781 0.184028
0 26 0.139063 0.423958 0.090625 0.125694
0 27 0.023438 0.389583 0.046875 0.161111
