0 5 0.795117 0.687500 0.219922 0.329167
0 6 0.978320 0.427431 0.042578 0.163194
0 19 0.577734 0.622222 0.220312 0.309722
0 20 0.404297 0.648958 0.096094 0.240972
0 21 0.315625 0.552431 0.179688 0.263194
0 22 0.862695 0.398611 0.146484 0.200000
0 23 0.689844 0.386806 0.142969 0.204167
0 24 0.554297 0.394444 0.087500 0.152778
0 25 0.592773 0.378125 0.123828 0.192361
0 26 0.522266 0.380903 0.110937 0.149306
0 27 0.371094 0.364236 0.122656 0.171528
0 28 0.265820 0.349653 0.065234 0.146528
0 29 0.329492 0.314236 0.076172 0.134028
0 30 0.295117 0.347917 0.095703 0.152778
0 32 0.192773 0.338889 0.104297 0.152778
0 33 0.197461 0.354861 0.069141 0.129167
0 34 0.086914 0.344792 0.070703 0.107639
