0 5 0.896680 0.792361 0.205859 0.354167
0 19 0.710352 0.716319 0.231641 0.331250
0 20 0.635352 0.850694 0.137891 0.297222
0 21 0.415430 0.674653 0.201172 0.310417
0 22 0.930078 0.503472 0.139063 0.212500
0 23 0.772656 0.479514 0.157031 0.217361
0 24 0.638477 0.487847 0.091797 0.161806
0 25 0.674023 0.470486 0.130078 0.195139
0 26 0.608984 0.478472 0.096094 0.137500
0 27 0.491406 0.469097 0.126562 0.181250
0 28 0.352734 0.464236 0.074219 0.125694
0 29 0.399609 0.411111 0.090625 0.127778
0 30 0.345508 0.440972 0.101172 0.145833
0 31 0.131250 0.404514 0.086719 0.127083
0 32 0.257812 0.439236 0.111719 0.147917
0 33 0.249219 0.459375 0.056250 0.127083
0 34 0.142969 0.438194 0.058594 0.100000
0 35 0.030469 0.455208 0.060937 0.143750
0 36 0.041406 0.423958 0.082812 0.125694
0 37 0.035742 0.894444 0.071484 0.188889
