0 5 0.895703 0.794444 0.207813 0.361111
0 19 0.726562 0.720486 0.266406 0.317361
0 20 0.631055 0.872222 0.093359 0.254167
0 21 0.402539 0.668750 0.191797 0.331944
0 22 0.896289 0.495833 0.137109 0.231944
0 23 0.749609 0.466667 0.154688 0.238889
0 24 0.605273 0.470139 0.095703 0.158333
0 25 0.658789 0.456250 0.134766 0.200000
0 26 0.592773 0.462847 0.094141 0.134028
0 27 0.482812 0.455903 0.118750 0.178472
0 28 0.341602 0.457292 0.087109 0.143750
0 29 0.365039 0.395833 0.091797 0.127778
0 30 0.304102 0.434028 0.098828 0.151389
0 31 0.167773 0.379861 0.086328 0.133333
0 32 0.223633 0.427431 0.119922 0.163194
0 33 0.199805 0.453819 0.066016 0.125694
0 34 0.098437 0.428819 0.067969 0.114583
0 35 0.017969 0.439583 0.035937 0.126389
0 36 0.029102 0.409375 0.058203 0.139583
