1 1 0.262891 0.556944 0.041406 0.101389
1 2 0.298438 0.584028 0.045312 0.118056
1 3 0.330078 0.698958 0.091406 0.211806
1 4 0.352930 0.665972 0.090234 0.175000
1 5 0.339844 0.563889 0.054688 0.112500
1 6 0.392969 0.560417 0.050781 0.087500
1 7 0.430469 0.572917 0.050781 0.111111
1 8 0.477930 0.665625 0.098828 0.174306
1 9 0.517188 0.629861 0.085156 0.161111
1 10 0.527539 0.653472 0.062109 0.176389
1 11 0.557422 0.575347 0.048438 0.100694
1 12 0.567383 0.590972 0.054297 0.127778
1 13 0.591211 0.571181 0.051953 0.109028
1 14 0.618359 0.613889 0.069531 0.147222
1 15 0.666211 0.592014 0.066016 0.122917
1 16 0.673633 0.604861 0.065234 0.148611
