1 1 0.231055 0.540625 0.044922 0.100694
1 2 0.230859 0.562500 0.050781 0.119444
1 3 0.196094 0.712847 0.123438 0.263194
1 4 0.287695 0.664236 0.075391 0.193750
1 5 0.319922 0.544097 0.050781 0.095139
1 6 0.383789 0.552431 0.055078 0.096528
1 7 0.386328 0.561111 0.061719 0.104167
1 8 0.402148 0.676389 0.096484 0.186111
1 9 0.466797 0.620486 0.087500 0.161806
1 10 0.464258 0.643403 0.064453 0.168750
1 11 0.521680 0.556597 0.060547 0.109028
1 12 0.505859 0.568750 0.071875 0.127778
1 13 0.573242 0.564236 0.055078 0.110417
1 14 0.585547 0.600000 0.067187 0.143056
1 16 0.637695 0.583681 0.083984 0.138194
