1 1 0.278711 0.481944 0.053516 0.102778
1 2 0.252930 0.497222 0.048047 0.108333
1 3 0.051953 0.717014 0.087500 0.317361
1 4 0.231445 0.649653 0.071484 0.228472
1 5 0.394141 0.489236 0.039844 0.100694
1 6 0.475391 0.490972 0.039844 0.086111
1 7 0.446875 0.499653 0.057031 0.100694
1 8 0.351562 0.693750 0.107031 0.248611
1 9 0.487500 0.595139 0.077344 0.194444
1 10 0.447461 0.625000 0.066016 0.209722
1 11 0.590039 0.512153 0.049609 0.113194
1 12 0.569727 0.556944 0.090234 0.148611
1 13 0.688281 0.516319 0.060156 0.114583
1 14 0.635156 0.570486 0.060937 0.175694
1 15 0.737500 0.559722 0.064062 0.154167
1 16 0.714453 0.562847 0.075000 0.167361
