1 1 0.382422 0.459722 0.046094 0.125000
1 2 0.343750 0.463194 0.039062 0.109722
1 4 0.116992 0.629514 0.089453 0.267361
1 5 0.551172 0.475694 0.050781 0.116667
1 6 0.611133 0.481597 0.049609 0.107639
1 7 0.573242 0.500347 0.034766 0.136806
1 8 0.229687 0.712847 0.108594 0.302083
1 9 0.455859 0.596528 0.074219 0.216667
1 10 0.378711 0.621181 0.072266 0.235417
1 11 0.727344 0.529861 0.051562 0.138889
1 12 0.673438 0.551042 0.060156 0.178472
1 13 0.853125 0.526736 0.064844 0.138194
1 14 0.691602 0.581944 0.058984 0.191667
1 15 0.872266 0.584722 0.071094 0.181944
1 16 0.837891 0.585764 0.090625 0.189583
