1 1 0.231641 0.546181 0.049219 0.097917
1 2 0.238867 0.565625 0.046484 0.109028
1 3 0.236328 0.713542 0.103125 0.240972
1 4 0.298633 0.672569 0.082422 0.190972
1 5 0.321094 0.552431 0.049219 0.093750
1 6 0.385547 0.546528 0.059375 0.088889
1 7 0.396289 0.555903 0.055078 0.102083
1 8 0.419141 0.673958 0.094531 0.179861
1 9 0.480664 0.624306 0.070703 0.163889
1 10 0.470703 0.648611 0.062500 0.170833
1 11 0.517578 0.559375 0.031250 0.097917
1 12 0.509375 0.582292 0.053125 0.135417
1 13 0.576758 0.555208 0.072266 0.106250
1 14 0.587695 0.605556 0.071484 0.131944
1 16 0.636523 0.591319 0.076953 0.132639
