1 1 0.238477 0.549306 0.048047 0.098611
1 2 0.251563 0.573264 0.054688 0.114583
1 3 0.259180 0.715278 0.105078 0.236111
1 4 0.310352 0.677431 0.069141 0.195139
1 5 0.323437 0.556597 0.052344 0.104861
1 6 0.380469 0.551736 0.052344 0.102083
1 7 0.401172 0.562847 0.041406 0.100694
1 8 0.436328 0.676736 0.084375 0.190972
1 9 0.476562 0.624653 0.086719 0.154861
1 10 0.480273 0.652778 0.057422 0.176389
1 12 0.527344 0.568056 0.065625 0.129167
1 13 0.576367 0.557986 0.055078 0.104861
1 14 0.601953 0.600694 0.071094 0.140278
1 15 0.636523 0.583681 0.087891 0.127083
1 16 0.642969 0.586806 0.086719 0.126389
