1 1 0.366602 0.458681 0.041797 0.114583
1 2 0.331836 0.470139 0.038672 0.113889
1 4 0.144727 0.636806 0.089453 0.258333
1 5 0.526563 0.475694 0.047656 0.113889
1 6 0.589453 0.478472 0.050781 0.102778
1 7 0.557617 0.496528 0.035547 0.126389
1 8 0.268555 0.703472 0.105078 0.288889
1 9 0.467383 0.590625 0.079297 0.217361
1 10 0.398438 0.621181 0.078906 0.232639
1 11 0.709766 0.518403 0.039844 0.125694
1 12 0.676758 0.561111 0.058984 0.172222
1 13 0.820508 0.515625 0.058203 0.129861
1 14 0.684766 0.568056 0.052344 0.180556
1 15 0.856641 0.573958 0.075000 0.181250
1 16 0.826367 0.577083 0.084766 0.179167
