1 1 0.354687 0.454514 0.031250 0.131250
1 2 0.322852 0.469444 0.050391 0.112500
1 4 0.173633 0.636458 0.091016 0.253472
1 5 0.507031 0.472917 0.037500 0.105556
1 6 0.574219 0.475694 0.033594 0.106944
1 7 0.545508 0.494792 0.037891 0.125694
1 8 0.306836 0.705903 0.096484 0.282639
1 9 0.478906 0.592361 0.082031 0.209722
1 10 0.418164 0.612847 0.078516 0.217361
1 11 0.700586 0.513194 0.035547 0.131944
1 12 0.683398 0.555208 0.062109 0.164583
1 13 0.802930 0.506597 0.054297 0.138194
1 14 0.691797 0.569792 0.059375 0.193750
1 15 0.854688 0.569444 0.075781 0.173611
1 16 0.813867 0.576736 0.066797 0.181250
