1 1 0.246094 0.556944 0.035156 0.097222
1 2 0.275391 0.582639 0.057031 0.113889
1 3 0.291211 0.700000 0.096484 0.213889
1 4 0.337500 0.673264 0.088281 0.190972
1 5 0.333984 0.559375 0.050781 0.102083
1 6 0.387109 0.551389 0.046875 0.111111
1 7 0.419727 0.574306 0.043359 0.106944
1 8 0.464453 0.673611 0.082031 0.177778
1 9 0.503125 0.622917 0.082031 0.145833
1 10 0.510742 0.659028 0.072266 0.183333
1 12 0.553711 0.584722 0.073828 0.120833
1 13 0.588281 0.564931 0.060937 0.104861
1 14 0.606641 0.606250 0.065625 0.141667
1 16 0.663281 0.594792 0.078125 0.135417
