1 1 0.263867 0.489583 0.051172 0.097222
1 2 0.239648 0.512153 0.041797 0.113194
1 3 0.061914 0.719097 0.101953 0.299306
1 4 0.238086 0.650347 0.094922 0.220139
1 5 0.368945 0.505208 0.047266 0.099306
1 6 0.453516 0.507639 0.039844 0.088889
1 7 0.428711 0.513194 0.055859 0.102778
1 8 0.361523 0.700347 0.112109 0.249306
1 9 0.478711 0.602083 0.073047 0.190278
1 10 0.464648 0.630556 0.085547 0.198611
1 11 0.568750 0.529514 0.039844 0.103472
1 12 0.554883 0.567014 0.076172 0.152083
1 13 0.662109 0.526736 0.066406 0.111806
1 14 0.617383 0.578125 0.049609 0.167361
1 15 0.716406 0.565972 0.073438 0.148611
1 16 0.691797 0.565625 0.086719 0.161806
