1 1 0.229883 0.540972 0.050391 0.098611
1 2 0.233594 0.567014 0.049219 0.121528
1 3 0.219922 0.717708 0.104688 0.254861
1 4 0.297266 0.671875 0.083594 0.186806
1 5 0.318750 0.545139 0.049219 0.094444
1 6 0.384570 0.552431 0.062109 0.099306
1 7 0.393945 0.558333 0.054297 0.104167
1 8 0.413477 0.676389 0.091797 0.186111
1 9 0.476562 0.621875 0.078906 0.167361
1 10 0.465234 0.646875 0.069531 0.181250
1 11 0.520703 0.556944 0.026562 0.106944
1 12 0.506445 0.576042 0.043359 0.135417
1 13 0.582031 0.560417 0.049219 0.105556
1 14 0.585156 0.604514 0.063281 0.140972
1 16 0.641992 0.588542 0.087891 0.138194
