1 1 0.230859 0.518056 0.060156 0.102778
1 2 0.215820 0.532639 0.043359 0.105556
1 3 0.094727 0.728125 0.102734 0.321528
1 4 0.252148 0.660417 0.092578 0.206944
1 5 0.324414 0.525000 0.054297 0.088889
1 6 0.401562 0.529167 0.037500 0.087500
1 7 0.389648 0.539583 0.058203 0.095833
1 8 0.367773 0.691319 0.094922 0.220139
1 9 0.467969 0.622222 0.076563 0.179167
1 10 0.453516 0.639236 0.070312 0.185417
1 11 0.526172 0.546528 0.049219 0.093056
1 12 0.513281 0.575000 0.075000 0.140278
1 13 0.602930 0.543750 0.032422 0.106944
1 14 0.589648 0.589236 0.060547 0.152083
1 15 0.660937 0.565972 0.064844 0.131944
1 16 0.649805 0.583333 0.077734 0.148611
