1 1 0.301563 0.471181 0.038281 0.118750
1 2 0.265234 0.487153 0.048438 0.113194
1 3 0.043555 0.706944 0.074609 0.311111
1 4 0.231445 0.646875 0.089453 0.240972
1 5 0.416406 0.480208 0.047656 0.104861
1 6 0.501367 0.483681 0.049609 0.099306
1 7 0.465820 0.476389 0.044141 0.118056
1 8 0.357227 0.684028 0.094922 0.261111
1 9 0.485156 0.584375 0.078125 0.199306
1 10 0.444336 0.613542 0.057422 0.206250
1 11 0.613672 0.506250 0.042969 0.115278
1 12 0.597461 0.552431 0.063672 0.149306
1 13 0.712500 0.503472 0.055469 0.118056
1 14 0.644922 0.566667 0.050000 0.187500
1 15 0.761719 0.544097 0.071094 0.156250
1 16 0.734961 0.560069 0.087891 0.165972
