1 1 0.374805 0.456250 0.045703 0.119444
1 2 0.337305 0.468403 0.041016 0.117361
1 4 0.125781 0.627083 0.085156 0.272222
1 5 0.534766 0.473958 0.038281 0.114583
1 6 0.597266 0.477431 0.029687 0.104861
1 7 0.564648 0.497569 0.032422 0.129861
1 8 0.246289 0.705903 0.104297 0.295139
1 9 0.461914 0.593403 0.082422 0.215972
1 10 0.386328 0.610417 0.061719 0.270833
1 11 0.721875 0.526042 0.057813 0.143750
1 12 0.671875 0.557639 0.065625 0.173611
1 13 0.831641 0.520833 0.057031 0.120833
1 14 0.688477 0.563889 0.054297 0.213889
1 15 0.867578 0.577431 0.069531 0.184028
1 16 0.830273 0.585764 0.070703 0.185417
