1 1 0.354297 0.454861 0.033594 0.127778
1 2 0.319531 0.467014 0.046094 0.107639
1 4 0.182422 0.638889 0.077344 0.245833
1 5 0.502930 0.471528 0.043359 0.108333
1 6 0.572266 0.477431 0.042188 0.103472
1 7 0.543555 0.493403 0.035547 0.124306
1 8 0.315234 0.701736 0.092969 0.281250
1 9 0.479102 0.588542 0.083984 0.206250
1 10 0.425000 0.618056 0.082812 0.233333
1 11 0.693164 0.519792 0.030859 0.147917
1 12 0.683008 0.555556 0.064453 0.166667
1 13 0.800195 0.512500 0.062109 0.130556
1 14 0.689844 0.570486 0.052344 0.190972
1 15 0.845313 0.562500 0.074219 0.172222
1 16 0.814258 0.576042 0.082422 0.172917
