1 1 0.250586 0.556944 0.039453 0.097222
1 2 0.283203 0.585417 0.056250 0.113889
1 3 0.300195 0.702778 0.090234 0.216667
1 4 0.340039 0.670833 0.110547 0.173611
1 5 0.333789 0.572222 0.055078 0.111111
1 6 0.385547 0.557986 0.048438 0.088194
1 7 0.421484 0.574306 0.052344 0.109722
1 8 0.467773 0.670486 0.091016 0.177083
1 9 0.511914 0.628125 0.064453 0.142361
1 10 0.516602 0.652083 0.077734 0.177778
1 11 0.549023 0.573264 0.058984 0.109028
1 12 0.557617 0.589236 0.076172 0.128472
1 13 0.590234 0.576389 0.060937 0.112500
1 14 0.609180 0.606944 0.055859 0.137500
1 15 0.657813 0.587500 0.075000 0.122222
1 16 0.669336 0.598264 0.074609 0.136806
