1 1 0.255273 0.552083 0.044922 0.108333
1 2 0.290625 0.585417 0.046094 0.112500
1 3 0.315430 0.702431 0.087891 0.221528
1 4 0.349219 0.665625 0.094531 0.179861
1 5 0.336523 0.568403 0.053516 0.109028
1 6 0.388477 0.555208 0.049609 0.090972
1 7 0.424805 0.575347 0.053516 0.104861
1 8 0.466797 0.672569 0.091406 0.181250
1 9 0.511523 0.627778 0.081641 0.151389
1 10 0.522070 0.652778 0.073828 0.170833
1 11 0.550195 0.572222 0.048828 0.109722
1 12 0.567773 0.593403 0.062109 0.125694
1 13 0.585938 0.565972 0.069531 0.098611
1 14 0.612305 0.609722 0.062109 0.141667
1 15 0.661523 0.590625 0.074609 0.132639
1 16 0.675586 0.606250 0.056641 0.151389
