1 1 0.336914 0.463194 0.039453 0.112500
1 2 0.294336 0.475347 0.043359 0.115972
1 3 0.032031 0.696528 0.057031 0.304167
1 4 0.214453 0.637153 0.080469 0.246528
1 5 0.470117 0.472569 0.055859 0.103472
1 6 0.544336 0.476736 0.034766 0.109028
1 7 0.515625 0.491667 0.041406 0.119444
1 8 0.359766 0.700000 0.100000 0.261111
1 9 0.492578 0.588889 0.072656 0.204167
1 10 0.449414 0.613194 0.064453 0.222222
1 11 0.670312 0.506944 0.035156 0.108333
1 12 0.647070 0.552083 0.067578 0.169444
1 13 0.769727 0.501042 0.055078 0.120139
1 14 0.679102 0.550000 0.059766 0.208333
1 15 0.819922 0.556250 0.072656 0.165278
1 16 0.785742 0.564236 0.087891 0.168750
