1 1 0.241602 0.556250 0.043359 0.097222
1 2 0.265625 0.577083 0.059375 0.109722
1 3 0.270508 0.708333 0.087891 0.229167
1 4 0.323437 0.670833 0.101562 0.191667
1 5 0.331250 0.559375 0.049219 0.100694
1 6 0.394727 0.557639 0.062891 0.098611
1 7 0.412305 0.568056 0.048047 0.108333
1 8 0.441797 0.679167 0.089063 0.193056
1 9 0.496875 0.629514 0.076563 0.150694
1 10 0.500977 0.648264 0.064453 0.193750
1 12 0.535937 0.590625 0.040625 0.122917
1 13 0.581641 0.563889 0.060937 0.108333
1 14 0.603906 0.609028 0.077344 0.141667
1 15 0.652734 0.584028 0.078906 0.125000
1 16 0.665039 0.590625 0.066016 0.128472
