1 1 0.319922 0.468403 0.047656 0.111806
1 2 0.282031 0.479167 0.046875 0.115278
1 3 0.037891 0.703472 0.065625 0.308333
1 4 0.227148 0.631597 0.076172 0.240972
1 5 0.447266 0.469097 0.040625 0.096528
1 6 0.521484 0.478472 0.031250 0.097222
1 7 0.490820 0.492708 0.044141 0.122917
1 8 0.368555 0.695486 0.123047 0.263194
1 9 0.490625 0.585764 0.072656 0.199306
1 10 0.450977 0.609375 0.084766 0.221528
1 11 0.642383 0.505208 0.042578 0.109028
1 12 0.621094 0.551389 0.084375 0.161111
1 13 0.744727 0.506597 0.058203 0.117361
1 14 0.658594 0.568403 0.050781 0.190972
1 15 0.794922 0.552778 0.066406 0.163889
1 16 0.760352 0.559722 0.062109 0.175000
