1 1 0.224414 0.542708 0.051953 0.118750
1 2 0.221484 0.553819 0.045312 0.117361
1 3 0.169141 0.721181 0.114844 0.282639
1 4 0.275586 0.662500 0.095703 0.201389
1 5 0.314648 0.541319 0.041016 0.093750
1 6 0.375586 0.545139 0.045703 0.098611
1 7 0.382227 0.548264 0.062109 0.102083
1 8 0.388086 0.689931 0.107422 0.214583
1 9 0.467969 0.618056 0.071094 0.166667
1 10 0.455469 0.642708 0.058594 0.171528
1 11 0.509961 0.557639 0.037891 0.100000
1 12 0.499414 0.571875 0.083203 0.125694
1 13 0.576367 0.559722 0.055078 0.115278
1 14 0.589258 0.601389 0.066797 0.144444
1 16 0.634375 0.582292 0.078906 0.135417
