1 1 0.240430 0.506250 0.052734 0.097222
1 2 0.224414 0.528125 0.048047 0.106250
1 3 0.073828 0.721528 0.091406 0.315278
1 4 0.243750 0.657639 0.095312 0.213889
1 5 0.341406 0.516667 0.052344 0.094444
1 6 0.412500 0.526736 0.029687 0.092361
1 7 0.402344 0.529167 0.042188 0.101389
1 8 0.360547 0.698611 0.117188 0.231944
1 9 0.474805 0.618750 0.076953 0.186111
1 10 0.458594 0.635417 0.078906 0.187500
1 11 0.540234 0.537153 0.053906 0.106250
1 12 0.527734 0.571875 0.083594 0.140972
1 13 0.620117 0.535417 0.044922 0.105556
1 14 0.598828 0.587847 0.045312 0.165972
1 15 0.686328 0.572222 0.055469 0.144444
1 16 0.671289 0.579514 0.075391 0.149306
