1 1 0.226172 0.529514 0.064062 0.109028
1 2 0.216016 0.548611 0.051562 0.115278
1 3 0.115234 0.725694 0.107813 0.311111
1 4 0.256641 0.655556 0.079687 0.197222
1 5 0.318359 0.533333 0.039062 0.088889
1 6 0.385742 0.539583 0.059766 0.100000
1 7 0.378711 0.537847 0.058984 0.106250
1 8 0.369336 0.685764 0.101953 0.206250
1 9 0.467578 0.614931 0.078125 0.160417
1 10 0.457227 0.642361 0.069922 0.184722
1 11 0.515039 0.552778 0.049609 0.122222
1 12 0.500977 0.574653 0.080078 0.139583
1 13 0.589844 0.551389 0.031250 0.104167
1 14 0.584766 0.595486 0.050781 0.154861
1 15 0.653125 0.571181 0.062500 0.129861
1 16 0.646484 0.581597 0.073438 0.146528
