1 1 0.276953 0.486458 0.055469 0.107639
1 2 0.249609 0.506944 0.047656 0.112500
1 3 0.054883 0.723958 0.087891 0.318750
1 4 0.229687 0.653819 0.071875 0.231250
1 5 0.386914 0.497222 0.040234 0.100000
1 6 0.470703 0.498611 0.041406 0.091667
1 7 0.438867 0.507639 0.041797 0.113889
1 8 0.357422 0.695486 0.100781 0.246528
1 9 0.486133 0.597569 0.077734 0.190972
1 10 0.455078 0.627083 0.057031 0.206944
1 11 0.586719 0.514931 0.050781 0.107639
1 12 0.566211 0.562847 0.084766 0.146528
1 13 0.679688 0.512847 0.058594 0.115972
1 14 0.628516 0.572569 0.060156 0.177083
1 15 0.733789 0.562847 0.062109 0.153472
1 16 0.709961 0.565278 0.081641 0.165278
