1 1 0.233984 0.545486 0.046094 0.103472
1 2 0.247266 0.573611 0.052344 0.115278
1 3 0.249805 0.715972 0.105859 0.237500
1 4 0.304297 0.674306 0.071875 0.188889
1 5 0.321094 0.557639 0.037500 0.102778
1 6 0.383594 0.554167 0.053906 0.100000
1 7 0.400977 0.561111 0.046484 0.105556
1 8 0.422656 0.670833 0.090625 0.183333
1 9 0.482227 0.620833 0.079297 0.156944
1 10 0.474609 0.645833 0.054688 0.177778
1 11 0.522656 0.569792 0.057031 0.120139
1 12 0.523828 0.578125 0.064844 0.125694
1 13 0.578125 0.564583 0.057813 0.113889
1 14 0.593359 0.602083 0.081250 0.143056
1 16 0.635547 0.586806 0.082812 0.131944
