1 1 0.223828 0.530903 0.053125 0.107639
1 2 0.213867 0.548264 0.041797 0.114583
1 3 0.140234 0.728472 0.137500 0.306944
1 4 0.263672 0.658681 0.067969 0.195139
1 5 0.316992 0.532986 0.044141 0.092361
1 6 0.383594 0.534028 0.064062 0.091667
1 7 0.381250 0.535069 0.063281 0.097917
1 8 0.375000 0.689236 0.099219 0.214583
1 9 0.469531 0.615972 0.080469 0.163889
1 10 0.455469 0.636111 0.070312 0.180556
1 11 0.520898 0.554861 0.051953 0.116667
1 12 0.501953 0.575000 0.075781 0.130556
1 13 0.582031 0.556597 0.047656 0.103472
1 14 0.581641 0.595833 0.042188 0.152778
1 15 0.642969 0.573958 0.067969 0.136806
1 16 0.643164 0.582292 0.080859 0.135417
