1 1 0.328125 0.464236 0.046875 0.107639
1 2 0.283984 0.477431 0.045312 0.115972
1 3 0.033398 0.705556 0.061328 0.308333
1 4 0.220703 0.640972 0.082812 0.240278
1 5 0.457813 0.475347 0.040625 0.104861
1 6 0.529297 0.478472 0.035937 0.102778
1 7 0.503711 0.479167 0.052734 0.136111
1 8 0.370117 0.701736 0.108984 0.264583
1 9 0.494141 0.587847 0.077344 0.200694
1 10 0.450977 0.612500 0.067578 0.215278
1 11 0.646875 0.504514 0.047656 0.113194
1 12 0.632422 0.548958 0.083594 0.160417
1 13 0.751367 0.501736 0.051953 0.124306
1 14 0.663672 0.566319 0.056250 0.195139
1 15 0.803320 0.555556 0.062891 0.155556
1 16 0.766602 0.561111 0.075391 0.173611
