1 1 0.283984 0.479167 0.060156 0.113889
1 2 0.256836 0.492708 0.046484 0.110417
1 3 0.053516 0.710069 0.085938 0.320139
1 4 0.229492 0.640625 0.091016 0.229861
1 5 0.400195 0.486458 0.037891 0.100694
1 6 0.482812 0.488194 0.043750 0.093056
1 7 0.450977 0.495139 0.042578 0.108333
1 8 0.355469 0.686111 0.108594 0.255556
1 9 0.480078 0.591667 0.065625 0.198611
1 10 0.446094 0.616667 0.067187 0.213889
1 11 0.597461 0.508681 0.050391 0.114583
1 12 0.581836 0.553472 0.090234 0.151389
1 13 0.700195 0.508333 0.066797 0.115278
1 14 0.637695 0.570486 0.051953 0.188194
1 15 0.746289 0.556250 0.066016 0.152778
1 16 0.716211 0.563889 0.083984 0.168056
