1 1 0.347266 0.455208 0.039062 0.122917
1 2 0.306055 0.472222 0.045703 0.109722
1 3 0.019141 0.726736 0.033594 0.243750
1 4 0.198242 0.635417 0.083203 0.245833
1 5 0.484180 0.469444 0.035547 0.108333
1 6 0.558008 0.479514 0.032422 0.102083
1 7 0.530078 0.490278 0.038281 0.123611
1 8 0.348242 0.702778 0.091016 0.265278
1 9 0.486523 0.588194 0.078516 0.202778
1 10 0.435742 0.617014 0.065234 0.222917
1 11 0.679102 0.516319 0.052734 0.134028
1 12 0.659570 0.552778 0.079297 0.168056
1 13 0.783008 0.502083 0.055859 0.119444
1 14 0.686328 0.568750 0.069531 0.186111
1 15 0.837109 0.560764 0.075000 0.170139
1 16 0.793359 0.574306 0.068750 0.180556
