1 1 0.251953 0.503819 0.050000 0.106250
1 2 0.234375 0.518403 0.053906 0.106250
1 3 0.069922 0.721875 0.088281 0.320139
1 4 0.236523 0.661111 0.073047 0.223611
1 5 0.355469 0.512847 0.046094 0.099306
1 6 0.430273 0.513542 0.043359 0.095139
1 7 0.417187 0.526389 0.050781 0.111111
1 8 0.365234 0.696875 0.103906 0.232639
1 9 0.479102 0.618403 0.079297 0.203472
1 10 0.458984 0.635764 0.068750 0.202083
1 11 0.549414 0.530556 0.045703 0.111111
1 12 0.536328 0.570833 0.085938 0.152778
1 13 0.636133 0.536806 0.050391 0.111111
1 14 0.610938 0.585417 0.063281 0.168056
1 15 0.688867 0.562500 0.080859 0.144444
1 16 0.685156 0.574653 0.071875 0.153472
