1 1 0.226953 0.523264 0.057031 0.100694
1 2 0.214648 0.535417 0.042578 0.097222
1 3 0.096094 0.718056 0.120313 0.311111
1 4 0.255859 0.660417 0.096094 0.205556
1 5 0.322461 0.527778 0.057422 0.095833
1 6 0.400391 0.527778 0.050000 0.080556
1 7 0.382812 0.541319 0.038281 0.097917
1 8 0.371484 0.698264 0.100781 0.220139
1 9 0.464844 0.618056 0.075781 0.170833
1 10 0.448437 0.638889 0.048438 0.187500
1 11 0.519922 0.546875 0.046094 0.115972
1 12 0.505664 0.573611 0.082422 0.147222
1 13 0.595313 0.547222 0.031250 0.111111
1 14 0.584570 0.589583 0.062891 0.152778
1 15 0.656836 0.568056 0.058984 0.126389
1 16 0.643750 0.586806 0.078125 0.151389
