1 1 0.364063 0.459028 0.042969 0.116667
1 2 0.330273 0.468750 0.037109 0.108333
1 4 0.153320 0.629861 0.089453 0.244444
1 5 0.522461 0.471528 0.044922 0.108333
1 6 0.582422 0.476389 0.039062 0.098611
1 7 0.556055 0.495833 0.034766 0.126389
1 8 0.275977 0.709722 0.105859 0.294444
1 9 0.470117 0.588889 0.083203 0.215278
1 10 0.403320 0.622222 0.079297 0.230556
1 11 0.709180 0.514583 0.044922 0.127778
1 12 0.676758 0.553472 0.057422 0.172222
1 13 0.816992 0.524653 0.058203 0.147917
1 14 0.689063 0.574653 0.044531 0.196528
1 15 0.854492 0.572917 0.073047 0.177778
1 16 0.821680 0.576736 0.085547 0.184028
