1 1 0.372266 0.459028 0.041406 0.119444
1 2 0.332813 0.467361 0.045312 0.119444
1 4 0.128125 0.630556 0.077344 0.263889
1 5 0.532031 0.476389 0.034375 0.113889
1 6 0.590625 0.472222 0.031250 0.115278
1 7 0.561328 0.497917 0.036719 0.126389
1 8 0.253125 0.709375 0.106250 0.293750
1 9 0.462109 0.594097 0.081250 0.221528
1 10 0.391992 0.595486 0.056641 0.303472
1 11 0.717578 0.520833 0.050781 0.134722
1 12 0.675195 0.559375 0.058203 0.177083
1 13 0.823633 0.517014 0.047266 0.125694
1 14 0.690625 0.565278 0.055469 0.204167
1 15 0.864453 0.575000 0.078906 0.188889
1 16 0.829492 0.583333 0.062891 0.187500
