1 1 0.238867 0.549653 0.045703 0.095139
1 2 0.257617 0.575694 0.053516 0.111111
1 3 0.258203 0.710069 0.103906 0.228472
1 4 0.317578 0.675347 0.103906 0.184028
1 5 0.329102 0.557639 0.050391 0.100000
1 6 0.387695 0.558333 0.061328 0.084722
1 7 0.408008 0.567708 0.052734 0.113194
1 8 0.443359 0.679861 0.090625 0.188889
1 9 0.490430 0.626042 0.084766 0.156250
1 10 0.492773 0.648611 0.072266 0.181944
1 12 0.534570 0.583681 0.058984 0.134028
1 13 0.575586 0.562153 0.053516 0.103472
1 14 0.597461 0.602778 0.061328 0.138889
1 15 0.643164 0.576389 0.080859 0.122222
1 16 0.657422 0.584375 0.068750 0.129861
