1 0.912891 0.526042 0.049219 0.167361
1 0.930859 0.533681 0.045312 0.174306
1 0.821484 0.531597 0.051562 0.181250
1 0.879883 0.575694 0.094141 0.090278
1 0.732812 0.580556 0.052344 0.184722
1 0.485742 0.649306 0.093359 0.102778
1 0.796875 0.600694 0.097656 0.112500
1 0.649414 0.621875 0.094922 0.089583
1 0.755859 0.595139 0.057813 0.113889
1 0.467187 0.618750 0.052344 0.215278
1 0.429688 0.629167 0.065625 0.225000
1 0.247656 0.665972 0.066406 0.270833
1 0.326367 0.642708 0.065234 0.239583
1 0.340234 0.625694 0.055469 0.237500
1 0.394141 0.640278 0.095312 0.144444
1 0.111523 0.694792 0.078516 0.250694
1 0.187305 0.645486 0.065234 0.259028
1 0.177930 0.613194 0.066797 0.248611
1 0.042969 0.725694 0.085938 0.137500
1 0.116602 0.639583 0.066016 0.237500
