1 0.833008 0.542708 0.047266 0.177083
1 0.871094 0.563889 0.047656 0.195833
1 0.812500 0.587153 0.053906 0.106250
1 0.780469 0.630556 0.105469 0.087500
1 0.644727 0.627778 0.055859 0.220833
1 0.501758 0.698611 0.136328 0.126389
1 0.525586 0.656250 0.116797 0.095833
1 0.519531 0.615278 0.057031 0.222222
1 0.448437 0.614583 0.058594 0.166667
1 0.413281 0.647569 0.057031 0.231250
1 0.324805 0.651389 0.066797 0.245833
1 0.284375 0.669444 0.083594 0.275000
1 0.228125 0.671181 0.065625 0.256250
1 0.229492 0.653125 0.062109 0.260417
1 0.169141 0.693750 0.101562 0.140278
1 0.151367 0.684028 0.070703 0.269444
1 0.082422 0.677778 0.069531 0.288889
1 0.084961 0.739931 0.097266 0.117361
1 0.025391 0.752083 0.050781 0.105556
