1 0.848242 0.542708 0.044141 0.171528
1 0.899805 0.552083 0.051172 0.188889
1 0.815430 0.546875 0.048828 0.178472
1 0.802930 0.605556 0.114453 0.109722
1 0.666602 0.635069 0.048828 0.199306
1 0.520117 0.684028 0.136328 0.115278
1 0.544531 0.652431 0.092969 0.099306
1 0.528516 0.621181 0.051562 0.175694
1 0.481836 0.653819 0.091016 0.078472
1 0.430859 0.641667 0.059375 0.227778
1 0.354297 0.644097 0.069531 0.234028
1 0.284766 0.673611 0.067969 0.261111
1 0.252539 0.660069 0.062891 0.254861
1 0.251367 0.644097 0.057422 0.247917
1 0.228320 0.698264 0.112109 0.110417
1 0.148828 0.679514 0.071875 0.281250
1 0.080469 0.673958 0.069531 0.286806
1 0.030664 0.747222 0.061328 0.112500
