1 0.837305 0.545833 0.039453 0.176389
1 0.871094 0.563889 0.046094 0.193056
1 0.809766 0.571528 0.050781 0.144444
1 0.786133 0.624653 0.101953 0.090972
1 0.644336 0.629861 0.051172 0.209722
1 0.508203 0.698958 0.132812 0.127083
1 0.536523 0.653819 0.119141 0.093750
1 0.519922 0.613542 0.057031 0.217361
1 0.446094 0.625000 0.057813 0.141667
1 0.412500 0.646528 0.060156 0.226389
1 0.332422 0.652083 0.075000 0.245833
1 0.279883 0.668403 0.078516 0.271528
1 0.230664 0.671528 0.061328 0.252778
1 0.235937 0.650347 0.060156 0.256250
1 0.185938 0.689931 0.099219 0.147917
1 0.151562 0.679861 0.071875 0.277778
1 0.081641 0.678819 0.070312 0.285417
1 0.027148 0.753472 0.054297 0.102778
