1 0.910156 0.530556 0.046094 0.161111
1 0.935352 0.534375 0.044922 0.168750
1 0.824414 0.531944 0.047266 0.181944
1 0.882227 0.580208 0.090234 0.081250
1 0.739062 0.574306 0.053125 0.188889
1 0.492578 0.647917 0.099219 0.104167
1 0.801953 0.601389 0.103906 0.104167
1 0.653516 0.613889 0.092969 0.102778
1 0.760352 0.596875 0.057422 0.107639
1 0.464062 0.616667 0.057031 0.213889
1 0.428906 0.627431 0.066406 0.218750
1 0.246680 0.666667 0.065234 0.272222
1 0.332617 0.643403 0.067578 0.240972
1 0.339258 0.626736 0.059766 0.243750
1 0.398047 0.641667 0.092969 0.137500
1 0.112109 0.693056 0.079687 0.255556
1 0.188672 0.646875 0.067969 0.261806
1 0.184375 0.617014 0.070312 0.252083
1 0.037109 0.718056 0.074219 0.156944
1 0.128320 0.638889 0.062109 0.240278
