1 0.839258 0.545139 0.053516 0.179167
1 0.853906 0.562847 0.046875 0.192361
1 0.826172 0.601389 0.079687 0.086111
1 0.780469 0.622917 0.096875 0.113889
1 0.621484 0.628125 0.055469 0.214583
1 0.489453 0.698958 0.132812 0.117361
1 0.515820 0.671181 0.119141 0.086806
1 0.516406 0.625347 0.057031 0.202083
1 0.441016 0.587500 0.055469 0.220833
1 0.405469 0.653125 0.061719 0.221528
1 0.325586 0.647222 0.065234 0.252778
1 0.276367 0.663542 0.081641 0.279861
1 0.210742 0.672917 0.069922 0.261111
1 0.232422 0.652083 0.057031 0.262500
1 0.150391 0.675694 0.069531 0.287500
1 0.082812 0.674653 0.073438 0.295139
1 0.055078 0.747569 0.110156 0.128472
