1 0.845508 0.538889 0.045703 0.166667
1 0.891211 0.553819 0.044922 0.190972
1 0.814258 0.547917 0.046484 0.179167
1 0.798633 0.611111 0.101172 0.104167
1 0.664258 0.633333 0.056641 0.204167
1 0.521680 0.679861 0.133203 0.131944
1 0.541797 0.643403 0.106250 0.109028
1 0.530078 0.610069 0.062500 0.206250
1 0.482812 0.651042 0.097656 0.090972
1 0.426172 0.643403 0.053906 0.220139
1 0.347656 0.644097 0.062500 0.228472
1 0.282617 0.672917 0.063672 0.265278
1 0.245312 0.663194 0.062500 0.251389
1 0.253906 0.651042 0.053906 0.253472
1 0.210938 0.701389 0.106250 0.112500
1 0.148438 0.679167 0.071094 0.277778
1 0.079883 0.682639 0.069922 0.281944
1 0.030273 0.751736 0.060547 0.110417
