1 0.852539 0.539931 0.041797 0.178472
1 0.906055 0.551389 0.050391 0.187500
1 0.820898 0.549653 0.049609 0.177083
1 0.798828 0.605556 0.100000 0.102778
1 0.668359 0.628125 0.051562 0.197917
1 0.508398 0.681250 0.122266 0.115278
1 0.549219 0.646528 0.085156 0.098611
1 0.531445 0.619792 0.051953 0.163194
1 0.497070 0.648958 0.090234 0.092361
1 0.435156 0.642708 0.058594 0.217361
1 0.358984 0.646875 0.064844 0.224306
1 0.285547 0.672917 0.068750 0.259722
1 0.256250 0.662500 0.060937 0.255556
1 0.256055 0.653125 0.060547 0.257639
1 0.238281 0.693403 0.113281 0.109028
1 0.150195 0.679861 0.069141 0.283333
1 0.083789 0.681250 0.072266 0.286111
1 0.030664 0.747917 0.061328 0.111111
