1 0.930078 0.534375 0.048438 0.160417
1 0.942383 0.532986 0.046484 0.161806
1 0.831836 0.534375 0.049609 0.175694
1 0.889062 0.577431 0.094531 0.085417
1 0.756641 0.571875 0.051562 0.177083
1 0.540820 0.632639 0.102734 0.122222
1 0.822266 0.594792 0.113281 0.092361
1 0.692773 0.613194 0.091797 0.094444
1 0.777344 0.589583 0.068750 0.093056
1 0.466211 0.613542 0.054297 0.199306
1 0.449414 0.626042 0.063672 0.214583
1 0.246289 0.670833 0.066016 0.277778
1 0.355664 0.639583 0.060547 0.238889
1 0.361719 0.623264 0.057031 0.239583
1 0.413477 0.643056 0.091016 0.115278
1 0.110156 0.694792 0.087500 0.252083
1 0.223633 0.649306 0.068359 0.262500
1 0.216992 0.620139 0.072266 0.248611
1 0.032617 0.664931 0.064453 0.263194
1 0.168945 0.636806 0.061328 0.241667
1 0.062695 0.694444 0.096484 0.126389
