1 0.913672 0.528819 0.042969 0.163194
1 0.935156 0.532986 0.046094 0.165972
1 0.823828 0.532292 0.052344 0.175694
1 0.889453 0.577431 0.090625 0.088194
1 0.742383 0.574653 0.050391 0.182639
1 0.510742 0.641667 0.102734 0.108333
1 0.799023 0.600000 0.096484 0.101389
1 0.660937 0.613889 0.093750 0.104167
1 0.764844 0.592014 0.057813 0.099306
1 0.458008 0.618403 0.057422 0.210417
1 0.431250 0.625694 0.066406 0.218056
1 0.247070 0.667361 0.066016 0.272222
1 0.343945 0.646875 0.070703 0.239583
1 0.344336 0.622917 0.066797 0.241667
1 0.395117 0.635764 0.089453 0.143750
1 0.113477 0.698958 0.084766 0.259028
1 0.205273 0.646875 0.079297 0.260417
1 0.194922 0.621181 0.077344 0.249306
1 0.031445 0.699653 0.062891 0.197917
1 0.148242 0.635764 0.064453 0.239583
