1 0.933789 0.531250 0.043359 0.155556
1 0.944922 0.531250 0.044531 0.159722
1 0.839063 0.536458 0.046094 0.172917
1 0.903906 0.574306 0.091406 0.087500
1 0.763281 0.575347 0.048438 0.168750
1 0.591211 0.629861 0.113672 0.105556
1 0.821875 0.596528 0.099219 0.091667
1 0.718945 0.606250 0.089453 0.098611
1 0.800781 0.586458 0.078906 0.085417
1 0.463867 0.610069 0.052734 0.192361
1 0.445898 0.625347 0.069141 0.215972
1 0.242578 0.670833 0.068750 0.277778
1 0.376172 0.640625 0.067187 0.235417
1 0.367773 0.629514 0.063672 0.240972
1 0.450781 0.652083 0.095312 0.123611
1 0.109961 0.685417 0.082422 0.273611
1 0.237500 0.651736 0.075000 0.260417
1 0.229492 0.618750 0.061328 0.243056
1 0.038281 0.659722 0.057031 0.262500
1 0.191211 0.638542 0.056641 0.242361
1 0.019336 0.682292 0.038672 0.254861
1 0.089258 0.696875 0.087891 0.110417
