1 0.874219 0.534722 0.046875 0.169444
1 0.923438 0.539931 0.051562 0.174306
1 0.815820 0.538194 0.051172 0.176389
1 0.860742 0.584028 0.101172 0.102778
1 0.696289 0.600000 0.056641 0.177778
1 0.467969 0.663889 0.122656 0.102778
1 0.698828 0.620486 0.103906 0.115972
1 0.551172 0.636458 0.085938 0.115972
1 0.659961 0.622222 0.087891 0.088889
1 0.475391 0.625694 0.061719 0.213889
1 0.388672 0.638889 0.065625 0.212500
1 0.258203 0.664583 0.067187 0.281944
1 0.286328 0.654514 0.060156 0.235417
1 0.304688 0.630903 0.067969 0.239583
1 0.349023 0.662847 0.099609 0.127083
1 0.122070 0.667361 0.074609 0.302778
1 0.154297 0.660417 0.063281 0.252778
1 0.157422 0.697569 0.096875 0.121528
1 0.049805 0.742708 0.099609 0.104861
1 0.100781 0.722569 0.094531 0.107639
