1 0.842578 0.538194 0.042188 0.175000
1 0.880859 0.557639 0.052344 0.188889
1 0.808398 0.545486 0.054297 0.185417
1 0.790234 0.611111 0.109375 0.100000
1 0.652734 0.627778 0.058594 0.218056
1 0.507031 0.688889 0.114062 0.125000
1 0.536328 0.650694 0.118750 0.101389
1 0.519336 0.614236 0.059766 0.199306
1 0.466992 0.651736 0.083984 0.088194
1 0.422656 0.642014 0.063281 0.225694
1 0.347461 0.648958 0.064453 0.245139
1 0.279687 0.666667 0.064844 0.275000
1 0.231250 0.664583 0.064062 0.254167
1 0.255664 0.648611 0.053516 0.259722
1 0.204687 0.708333 0.101562 0.115278
1 0.148047 0.680556 0.075000 0.273611
1 0.079492 0.681597 0.075391 0.281250
1 0.028711 0.748958 0.057422 0.111806
