1 0.867773 0.537153 0.050391 0.175694
1 0.925195 0.547917 0.052734 0.181944
1 0.816016 0.533333 0.051562 0.170833
1 0.835938 0.593403 0.093750 0.093750
1 0.672070 0.612847 0.049609 0.196528
1 0.456250 0.678125 0.130469 0.095139
1 0.643164 0.638194 0.109766 0.126389
1 0.525195 0.661458 0.099609 0.077083
1 0.576758 0.627778 0.091016 0.086111
1 0.463867 0.634375 0.060547 0.222917
1 0.373242 0.643056 0.067578 0.220833
1 0.267578 0.664583 0.067969 0.280556
1 0.294141 0.641319 0.059375 0.256250
1 0.276758 0.685069 0.114453 0.125694
1 0.131250 0.668403 0.073438 0.289583
1 0.125586 0.672917 0.062891 0.281944
1 0.138086 0.692361 0.101953 0.125000
1 0.055078 0.737500 0.109375 0.119444
1 0.056055 0.709028 0.112109 0.123611
