1 0.924023 0.530208 0.048047 0.159028
1 0.938867 0.532986 0.049609 0.163194
1 0.827930 0.534375 0.053516 0.172917
1 0.890625 0.576042 0.087500 0.082639
1 0.746680 0.570833 0.056641 0.193056
1 0.534180 0.636458 0.106641 0.114583
1 0.809180 0.603125 0.103516 0.092361
1 0.684375 0.615278 0.096875 0.104167
1 0.772461 0.591667 0.074609 0.091667
1 0.460742 0.617708 0.053516 0.199306
1 0.441016 0.630208 0.066406 0.214583
1 0.246484 0.671528 0.065625 0.279167
1 0.354687 0.642014 0.065625 0.228472
1 0.359961 0.620139 0.062891 0.243056
1 0.406055 0.633333 0.080859 0.137500
1 0.116406 0.695139 0.088281 0.255556
1 0.219336 0.650000 0.080078 0.252778
1 0.200586 0.620833 0.066016 0.250000
1 0.032031 0.680556 0.064062 0.229167
1 0.153320 0.640972 0.054297 0.245833
