1 0.860547 0.537847 0.046094 0.171528
1 0.924805 0.549653 0.049609 0.186806
1 0.816406 0.537153 0.050000 0.164583
1 0.820508 0.596528 0.103516 0.100000
1 0.672070 0.626389 0.055859 0.184722
1 0.471875 0.675347 0.135937 0.103472
1 0.598437 0.643403 0.117969 0.104861
1 0.534766 0.661806 0.090625 0.095833
1 0.557422 0.632639 0.079687 0.093056
1 0.465234 0.633333 0.064844 0.229167
1 0.374414 0.643403 0.063672 0.225694
1 0.276367 0.670486 0.070703 0.285417
1 0.294336 0.645833 0.057422 0.250000
1 0.265430 0.692361 0.123047 0.111111
1 0.137695 0.664236 0.075391 0.309028
1 0.121484 0.671528 0.080469 0.279167
1 0.048828 0.735764 0.089844 0.122917
1 0.037109 0.715625 0.074219 0.089583
