1 0.863086 0.537847 0.050391 0.172917
1 0.927539 0.550347 0.049609 0.188194
1 0.819336 0.539236 0.052734 0.170139
1 0.817969 0.595139 0.105469 0.106944
1 0.668945 0.622569 0.054297 0.190972
1 0.486719 0.673264 0.133594 0.113194
1 0.592187 0.645486 0.107813 0.107639
1 0.536133 0.656944 0.084766 0.108333
1 0.555078 0.630208 0.077344 0.089583
1 0.463477 0.633681 0.066797 0.228472
1 0.375000 0.643750 0.066406 0.231944
1 0.278320 0.671875 0.071484 0.282639
1 0.284961 0.644444 0.064453 0.244444
1 0.259375 0.690972 0.121875 0.112500
1 0.139258 0.664931 0.075391 0.307639
1 0.116016 0.671875 0.078906 0.272917
1 0.045508 0.737500 0.083984 0.115278
1 0.029297 0.715278 0.058594 0.090278
