1 0.843750 0.536458 0.040625 0.172917
1 0.888086 0.556597 0.050391 0.190972
1 0.814063 0.544444 0.051562 0.186111
1 0.791992 0.612500 0.102734 0.104167
1 0.660352 0.630208 0.056641 0.207639
1 0.517578 0.684722 0.127344 0.127778
1 0.538086 0.648958 0.114453 0.102083
1 0.525781 0.616667 0.063281 0.195833
1 0.476758 0.652083 0.092578 0.086111
1 0.426367 0.645139 0.055078 0.231944
1 0.346094 0.644097 0.064844 0.236806
1 0.281445 0.669097 0.064453 0.264583
1 0.234570 0.664583 0.056641 0.254167
1 0.256641 0.651389 0.052344 0.255556
1 0.205859 0.702778 0.104688 0.112500
1 0.148828 0.679167 0.072656 0.276389
1 0.079102 0.682292 0.071484 0.281250
1 0.029102 0.751042 0.058203 0.110417
