1 0.853906 0.537500 0.046875 0.173611
1 0.920117 0.552083 0.055859 0.184722
1 0.816992 0.542361 0.044141 0.181944
1 0.819141 0.602431 0.104688 0.109028
1 0.678906 0.628472 0.055469 0.197222
1 0.513672 0.677083 0.121094 0.116667
1 0.567773 0.641667 0.094922 0.116667
1 0.534766 0.625000 0.054688 0.155556
1 0.535156 0.634028 0.078125 0.090278
1 0.447656 0.640972 0.053906 0.218056
1 0.364844 0.642361 0.069531 0.226389
1 0.281836 0.675000 0.069922 0.256944
1 0.253711 0.657986 0.052734 0.240972
1 0.272266 0.651042 0.050781 0.250694
1 0.256641 0.687847 0.125000 0.111806
1 0.144922 0.678819 0.071875 0.270139
1 0.097070 0.678819 0.063672 0.278472
1 0.036914 0.739583 0.073828 0.119444
