1 0.928320 0.531250 0.044922 0.162500
1 0.941602 0.530208 0.048047 0.163194
1 0.832812 0.535069 0.049219 0.175694
1 0.895312 0.576389 0.086719 0.086111
1 0.760352 0.569444 0.054297 0.180556
1 0.557422 0.630903 0.104688 0.103472
1 0.820703 0.596528 0.101562 0.093056
1 0.703125 0.609375 0.091406 0.095139
1 0.783398 0.592014 0.062891 0.096528
1 0.465430 0.614931 0.055078 0.197917
1 0.446680 0.625347 0.066797 0.213194
1 0.245703 0.671181 0.065625 0.277083
1 0.360547 0.640278 0.065625 0.238889
1 0.363086 0.627083 0.061328 0.241667
1 0.418945 0.644792 0.090234 0.111806
1 0.113281 0.695139 0.083594 0.263889
1 0.222852 0.647917 0.064453 0.250000
1 0.226172 0.625694 0.069531 0.251389
1 0.033594 0.663194 0.064844 0.268056
1 0.175391 0.635764 0.064062 0.242361
1 0.071680 0.697222 0.094141 0.126389
