1 0.895312 0.530556 0.047656 0.162500
1 0.932422 0.539583 0.050000 0.172222
1 0.818750 0.532639 0.050000 0.184722
1 0.872656 0.580556 0.094531 0.093056
1 0.721289 0.587500 0.054297 0.184722
1 0.460156 0.653125 0.107813 0.090972
1 0.755469 0.608681 0.092969 0.109028
1 0.606445 0.630556 0.100391 0.108333
1 0.722656 0.601389 0.075000 0.102778
1 0.468555 0.619792 0.063672 0.218750
1 0.415039 0.632986 0.063672 0.229861
1 0.252148 0.671181 0.069922 0.286806
1 0.304883 0.648611 0.067578 0.238889
1 0.321484 0.632986 0.062500 0.240972
1 0.368555 0.644792 0.074609 0.157639
1 0.118164 0.683681 0.079297 0.277083
1 0.167773 0.654167 0.073047 0.262500
1 0.152148 0.609375 0.063672 0.202083
1 0.050391 0.738194 0.100781 0.112500
1 0.100391 0.668403 0.091406 0.178472
