1 0.833789 0.545486 0.041016 0.174306
1 0.867383 0.567361 0.049609 0.191667
1 0.813086 0.595486 0.051172 0.093750
1 0.770898 0.630556 0.108203 0.094444
1 0.639062 0.628125 0.059375 0.224306
1 0.493945 0.699653 0.130859 0.125694
1 0.514258 0.660764 0.112891 0.097917
1 0.517188 0.621875 0.056250 0.207639
1 0.449414 0.611806 0.056641 0.176389
1 0.413477 0.648958 0.056641 0.217361
1 0.324219 0.653819 0.063281 0.232639
1 0.280273 0.666667 0.076172 0.277778
1 0.226562 0.673264 0.064062 0.263194
1 0.225195 0.657986 0.060547 0.259028
1 0.162109 0.692361 0.095312 0.136111
1 0.150195 0.683681 0.073047 0.268750
1 0.081641 0.677083 0.071875 0.293056
1 0.080859 0.743403 0.103906 0.115972
1 0.021484 0.747917 0.042969 0.113889
