1 0.896289 0.530208 0.049609 0.168750
1 0.933984 0.537153 0.047656 0.172917
1 0.818555 0.529167 0.052734 0.187500
1 0.872852 0.579861 0.094922 0.090278
1 0.717773 0.584028 0.054297 0.191667
1 0.463281 0.650000 0.106250 0.091667
1 0.750391 0.612500 0.099219 0.105556
1 0.597852 0.628125 0.099609 0.097917
1 0.715820 0.600694 0.074609 0.095833
1 0.468555 0.621181 0.065234 0.221528
1 0.407617 0.632986 0.062891 0.221528
1 0.252930 0.665972 0.069922 0.277778
1 0.302344 0.648958 0.066406 0.240972
1 0.320898 0.634722 0.058203 0.237500
1 0.373047 0.650000 0.083594 0.147222
1 0.118555 0.680208 0.080078 0.281250
1 0.163477 0.657292 0.073047 0.261806
1 0.147070 0.611111 0.058203 0.213889
1 0.050391 0.739583 0.100781 0.108333
1 0.099219 0.680556 0.085156 0.159722
