1 0.918359 0.530208 0.046094 0.161806
1 0.935742 0.534722 0.047266 0.163889
1 0.823047 0.530208 0.052344 0.175694
1 0.891211 0.577431 0.086328 0.084028
1 0.745313 0.571181 0.048438 0.189583
1 0.524219 0.638542 0.110156 0.113194
1 0.802539 0.602778 0.098047 0.095833
1 0.673438 0.615625 0.093750 0.103472
1 0.766406 0.591319 0.068750 0.093750
1 0.457422 0.617014 0.057031 0.206250
1 0.435742 0.627778 0.066797 0.215278
1 0.246680 0.667361 0.066016 0.272222
1 0.351562 0.644444 0.070312 0.233333
1 0.351172 0.622569 0.064062 0.240972
1 0.397656 0.636806 0.077344 0.140278
1 0.115039 0.696181 0.086328 0.257639
1 0.214258 0.648958 0.083984 0.256250
1 0.198242 0.624653 0.073047 0.254861
1 0.030859 0.693056 0.061719 0.205556
1 0.152344 0.636806 0.062500 0.240278
