1 0.854102 0.537500 0.042578 0.170833
1 0.910352 0.551389 0.046484 0.186111
1 0.824023 0.544444 0.048047 0.183333
1 0.796875 0.609722 0.093750 0.100000
1 0.670898 0.626042 0.055859 0.197917
1 0.515625 0.679514 0.126562 0.120139
1 0.560742 0.648958 0.086328 0.097917
1 0.531836 0.620486 0.057422 0.161806
1 0.506445 0.654861 0.094141 0.084722
1 0.440039 0.639236 0.061328 0.218750
1 0.364063 0.644097 0.064844 0.225694
1 0.283594 0.673264 0.068750 0.259028
1 0.257617 0.663889 0.057422 0.256944
1 0.267383 0.650000 0.057422 0.252778
1 0.235352 0.694097 0.111328 0.106250
1 0.148047 0.679514 0.069531 0.271528
1 0.086719 0.677431 0.072656 0.285417
1 0.031641 0.746875 0.063281 0.110417
