1 0.897070 0.532292 0.046484 0.168750
1 0.933398 0.536806 0.046484 0.168056
1 0.820898 0.534028 0.051953 0.179167
1 0.872266 0.576736 0.092969 0.096528
1 0.726758 0.581250 0.053516 0.187500
1 0.461523 0.654167 0.110547 0.090278
1 0.783008 0.602431 0.096484 0.107639
1 0.618945 0.623611 0.091797 0.115278
1 0.731641 0.599653 0.075781 0.103472
1 0.459180 0.621528 0.062109 0.208333
1 0.415430 0.632292 0.063672 0.221528
1 0.248828 0.667014 0.065625 0.275694
1 0.312891 0.645139 0.065625 0.234722
1 0.328125 0.628125 0.057813 0.238194
1 0.371875 0.641667 0.078906 0.166667
1 0.117773 0.691319 0.075391 0.253472
1 0.177734 0.652778 0.075000 0.258333
1 0.163281 0.611111 0.070312 0.240278
1 0.049414 0.737847 0.098828 0.114583
1 0.104102 0.651389 0.091797 0.215278
