1 0.879297 0.529514 0.047656 0.170139
1 0.926953 0.540278 0.046094 0.176389
1 0.818164 0.539931 0.051953 0.178472
1 0.870898 0.579861 0.094141 0.102778
1 0.706641 0.590278 0.060937 0.187500
1 0.475586 0.667708 0.129297 0.090972
1 0.705078 0.614236 0.099219 0.114583
1 0.553320 0.634375 0.085547 0.117361
1 0.678711 0.622222 0.092578 0.087500
1 0.472656 0.625347 0.060156 0.211806
1 0.392773 0.643750 0.063672 0.208333
1 0.256641 0.668403 0.066406 0.288194
1 0.289844 0.654514 0.075781 0.240972
1 0.317383 0.634722 0.057422 0.236111
1 0.369141 0.657292 0.099219 0.140972
1 0.121875 0.672569 0.074219 0.290972
1 0.160742 0.660069 0.073828 0.256250
1 0.050586 0.743403 0.101172 0.100694
1 0.100586 0.712847 0.094141 0.103472
