1 0.853711 0.536806 0.048047 0.175000
1 0.913672 0.551389 0.050000 0.183333
1 0.817187 0.543750 0.050000 0.183333
1 0.813281 0.606250 0.103906 0.100000
1 0.676367 0.631597 0.056641 0.196528
1 0.520703 0.672917 0.125781 0.112500
1 0.569141 0.641667 0.089063 0.108333
1 0.535937 0.620833 0.058594 0.165278
1 0.520703 0.647222 0.079687 0.086111
1 0.446680 0.641319 0.055078 0.229861
1 0.366797 0.647222 0.066406 0.220833
1 0.282227 0.673611 0.069141 0.265278
1 0.251758 0.658681 0.051953 0.247917
1 0.272852 0.647569 0.052734 0.249306
1 0.251172 0.692708 0.117969 0.113194
1 0.146094 0.678125 0.070312 0.275694
1 0.095898 0.675347 0.064453 0.279861
1 0.035547 0.736806 0.071094 0.127778
