1 0.846289 0.539236 0.044922 0.177083
1 0.892383 0.551736 0.049609 0.190972
1 0.814453 0.545486 0.047656 0.184028
1 0.801758 0.611111 0.101953 0.108333
1 0.665430 0.635069 0.055078 0.199306
1 0.519727 0.680208 0.129297 0.129861
1 0.543945 0.652083 0.093359 0.097222
1 0.531641 0.612153 0.057031 0.193750
1 0.479883 0.648264 0.096484 0.093750
1 0.428320 0.644097 0.056641 0.225694
1 0.349609 0.643750 0.067187 0.234722
1 0.283398 0.673611 0.066797 0.262500
1 0.253125 0.663194 0.061719 0.254167
1 0.249805 0.647569 0.060547 0.253472
1 0.215625 0.701736 0.108594 0.111806
1 0.150586 0.679514 0.069141 0.279861
1 0.080078 0.678125 0.070312 0.289583
1 0.030664 0.748264 0.061328 0.110417
