1 0.893555 0.531944 0.051953 0.166667
1 0.934570 0.537500 0.047266 0.172222
1 0.820703 0.536458 0.057813 0.182639
1 0.870508 0.579861 0.093359 0.093056
1 0.711719 0.585764 0.053906 0.196528
1 0.462695 0.650000 0.112891 0.094444
1 0.741797 0.617708 0.103906 0.099306
1 0.589453 0.634722 0.090625 0.077778
1 0.708398 0.608333 0.078516 0.083333
1 0.467969 0.624306 0.064062 0.219444
1 0.402539 0.635417 0.069141 0.220833
1 0.253125 0.670139 0.069531 0.287500
1 0.299414 0.651042 0.066797 0.243750
1 0.320703 0.632986 0.053125 0.238194
1 0.378320 0.655556 0.099609 0.145833
1 0.119336 0.677083 0.080078 0.284722
1 0.162695 0.659375 0.069141 0.263194
1 0.145508 0.629861 0.059766 0.220833
1 0.050391 0.740972 0.100781 0.104167
1 0.098828 0.687153 0.090625 0.125694
