1 0.828906 0.543056 0.049219 0.168056
1 0.848633 0.566667 0.050391 0.197222
1 0.821875 0.602083 0.083594 0.084722
1 0.776172 0.621875 0.092188 0.114583
1 0.619727 0.635417 0.055078 0.216667
1 0.483789 0.706250 0.136328 0.118056
1 0.524609 0.671181 0.100781 0.095139
1 0.518945 0.625000 0.055078 0.216667
1 0.440039 0.591319 0.055078 0.222917
1 0.401562 0.650694 0.063281 0.226389
1 0.320898 0.651042 0.068359 0.247917
1 0.269922 0.664583 0.067187 0.280556
1 0.211328 0.681944 0.068750 0.259722
1 0.227148 0.659375 0.056641 0.253472
1 0.150586 0.677083 0.069141 0.288889
1 0.080273 0.674653 0.082422 0.306250
1 0.042578 0.754514 0.083594 0.117361
