1 0.865234 0.535764 0.050781 0.168750
1 0.922070 0.546875 0.051172 0.179861
1 0.811914 0.539236 0.054297 0.175694
1 0.845117 0.589236 0.091016 0.104861
1 0.674414 0.612153 0.056641 0.193750
1 0.457813 0.671528 0.125781 0.097222
1 0.655078 0.628819 0.114062 0.132639
1 0.533398 0.655556 0.090234 0.090278
1 0.591797 0.619444 0.097656 0.101389
1 0.470703 0.626042 0.061719 0.227083
1 0.379492 0.639236 0.062891 0.221528
1 0.262305 0.663194 0.068359 0.280556
1 0.282227 0.660417 0.062891 0.245833
1 0.299219 0.636806 0.060937 0.248611
1 0.287500 0.662847 0.116406 0.149306
1 0.127930 0.667361 0.073828 0.294444
1 0.137891 0.672917 0.068750 0.277778
1 0.148633 0.693750 0.112109 0.120833
1 0.054883 0.740278 0.108984 0.109722
1 0.053711 0.724306 0.107422 0.119444
