1 0.358203 0.518750 0.052344 0.070833
1 0.274609 0.489236 0.045312 0.171528
1 0.214062 0.478472 0.055469 0.163889
1 0.410547 0.478125 0.059375 0.186806
1 0.271680 0.464583 0.062109 0.180556
1 0.422266 0.478472 0.053906 0.184722
1 0.480273 0.464931 0.048047 0.160417
1 0.490039 0.494444 0.066016 0.125000
1 0.147461 0.504514 0.072266 0.153472
1 0.087305 0.498611 0.080859 0.223611
1 0.063672 0.492014 0.063281 0.184028
1 0.575977 0.502431 0.062109 0.065972
1 0.550000 0.481944 0.064062 0.131944
1 0.807031 0.446181 0.045312 0.154861
1 0.645508 0.451042 0.049609 0.147917
1 0.717187 0.467361 0.069531 0.125000
1 0.670117 0.467708 0.055859 0.156250
1 0.684375 0.439931 0.048438 0.175694
1 0.734766 0.484375 0.044531 0.125694
1 0.920703 0.427431 0.071875 0.182639
1 0.933398 0.469444 0.083984 0.147222
1 0.851172 0.458333 0.057813 0.176389
1 0.886719 0.421875 0.041406 0.172917
1 0.970117 0.694097 0.058984 0.267361
1 0.697266 0.611806 0.094531 0.248611
1 0.454297 0.637153 0.101562 0.250694
1 0.402930 0.664236 0.103516 0.246528
1 0.112109 0.576042 0.088281 0.222917
1 0.113281 0.721528 0.105469 0.273611
1 0.111523 0.685764 0.085547 0.242361
