1 0.333008 0.520833 0.071484 0.084722
1 0.245703 0.485764 0.046875 0.189583
1 0.174023 0.468403 0.066016 0.197917
1 0.396484 0.476736 0.056250 0.197917
1 0.243555 0.462153 0.073047 0.210417
1 0.412695 0.469792 0.063672 0.214583
1 0.481445 0.458681 0.055859 0.185417
1 0.491992 0.461458 0.052734 0.204861
1 0.113281 0.495486 0.058594 0.174306
1 0.089258 0.510069 0.090234 0.221528
1 0.015234 0.497222 0.028906 0.202778
1 0.558984 0.480556 0.077344 0.143056
1 0.849414 0.439236 0.050391 0.175694
1 0.572656 0.448264 0.110156 0.297917
1 0.665820 0.444792 0.054297 0.165972
1 0.686328 0.467708 0.066406 0.170139
1 0.711133 0.432639 0.051953 0.201389
1 0.892188 0.435069 0.064062 0.193750
1 0.966211 0.417708 0.066797 0.213194
1 0.975781 0.432986 0.048438 0.217361
1 0.893945 0.450347 0.069922 0.200694
1 0.349023 0.726736 0.104297 0.313194
1 0.043555 0.653472 0.081641 0.266667
