1 0.360352 0.519792 0.055859 0.068750
1 0.277148 0.487500 0.049609 0.168056
1 0.219922 0.486806 0.050781 0.134722
1 0.409766 0.476736 0.047656 0.177083
1 0.276562 0.464236 0.056250 0.179861
1 0.424414 0.476389 0.058203 0.177778
1 0.480859 0.465278 0.042969 0.159722
1 0.493359 0.495833 0.062500 0.120833
1 0.155859 0.507292 0.067969 0.152083
1 0.097656 0.503819 0.071094 0.206250
1 0.071289 0.519444 0.060547 0.125000
1 0.575586 0.502083 0.058984 0.066667
1 0.549219 0.482292 0.060937 0.128472
1 0.799609 0.445833 0.044531 0.154167
1 0.642773 0.455208 0.050391 0.140972
1 0.709180 0.456250 0.055078 0.119444
1 0.665820 0.455208 0.050391 0.178472
1 0.676953 0.440972 0.052344 0.176389
1 0.722070 0.480208 0.048828 0.135417
1 0.907422 0.428125 0.075781 0.175694
1 0.922852 0.477083 0.081641 0.126389
1 0.839453 0.459375 0.059375 0.171528
1 0.867773 0.422917 0.050391 0.165278
1 0.858789 0.604514 0.099609 0.229861
1 0.642773 0.642708 0.083984 0.249306
1 0.534961 0.669444 0.098047 0.231944
1 0.206445 0.563542 0.076172 0.222917
1 0.278906 0.720833 0.097656 0.268056
1 0.132617 0.682639 0.073047 0.251389
1 0.846484 0.432639 0.044531 0.161111
