1 0.358594 0.522222 0.054688 0.070833
1 0.275586 0.490625 0.046484 0.168750
1 0.218945 0.484375 0.051953 0.145139
1 0.413086 0.477778 0.060547 0.179167
1 0.273242 0.463889 0.056641 0.177778
1 0.424609 0.478125 0.057813 0.177083
1 0.478125 0.463889 0.041406 0.161111
1 0.489063 0.495139 0.067187 0.129167
1 0.154492 0.506250 0.068359 0.154167
1 0.091992 0.500347 0.078516 0.215972
1 0.068164 0.520139 0.063672 0.133333
1 0.575195 0.503819 0.062109 0.070139
1 0.548633 0.480556 0.062891 0.133333
1 0.804297 0.445833 0.044531 0.151389
1 0.645117 0.453472 0.050391 0.140278
1 0.713867 0.458681 0.052734 0.121528
1 0.668164 0.455556 0.051953 0.187500
1 0.684766 0.442708 0.042969 0.174306
1 0.732812 0.483681 0.046875 0.134028
1 0.911523 0.429514 0.073047 0.179861
1 0.927734 0.476042 0.083594 0.128472
1 0.845313 0.456597 0.055469 0.171528
1 0.873242 0.423958 0.050391 0.165972
1 0.802930 0.608681 0.098047 0.236806
1 0.570898 0.638542 0.086328 0.250694
1 0.023633 0.492708 0.041797 0.050694
1 0.494531 0.666319 0.096875 0.242361
1 0.174414 0.571528 0.086328 0.212500
1 0.205859 0.722569 0.109375 0.259028
1 0.126758 0.684722 0.074609 0.250000
1 0.847852 0.432292 0.048828 0.159028
