1 0.366211 0.519792 0.053516 0.064583
1 0.293555 0.490278 0.041016 0.156944
1 0.236328 0.502083 0.051562 0.106944
1 0.414258 0.475000 0.045703 0.158333
1 0.287109 0.468056 0.053125 0.170833
1 0.429883 0.481597 0.055078 0.165972
1 0.480273 0.470139 0.041016 0.147222
1 0.492383 0.498264 0.058984 0.117361
1 0.176172 0.503819 0.065625 0.145139
1 0.030469 0.516319 0.058594 0.131250
1 0.097266 0.522569 0.062500 0.114583
1 0.571484 0.501736 0.056250 0.060417
1 0.547266 0.488194 0.057813 0.116667
1 0.783203 0.448958 0.040625 0.145139
1 0.638672 0.457986 0.054688 0.134028
1 0.665820 0.456250 0.074609 0.173611
1 0.672461 0.451736 0.043359 0.154861
1 0.710352 0.468056 0.041016 0.152778
1 0.887305 0.446528 0.057422 0.140278
1 0.898047 0.479861 0.076563 0.112500
1 0.821875 0.476042 0.055469 0.129861
1 0.835547 0.429514 0.039844 0.165972
1 0.985352 0.435764 0.029297 0.118750
1 0.856055 0.426042 0.038672 0.163194
1 0.950391 0.660417 0.075781 0.238889
1 0.094336 0.475000 0.053516 0.158333
1 0.822070 0.671528 0.102734 0.223611
1 0.410547 0.556250 0.072656 0.208333
1 0.372852 0.706250 0.074609 0.270833
1 0.151562 0.671181 0.064844 0.234028
