1 0.366797 0.518750 0.056250 0.065278
1 0.292383 0.489236 0.042578 0.157639
1 0.235742 0.500694 0.052734 0.108333
1 0.415039 0.473611 0.049609 0.151389
1 0.286719 0.468403 0.053906 0.170139
1 0.428906 0.480208 0.053906 0.163194
1 0.479883 0.470486 0.038672 0.147917
1 0.491797 0.497917 0.060156 0.118056
1 0.174805 0.504167 0.066016 0.144444
1 0.029297 0.517014 0.057031 0.132639
1 0.096289 0.521875 0.062109 0.114583
1 0.571875 0.502083 0.056250 0.061111
1 0.547656 0.488889 0.057031 0.118056
1 0.784180 0.448958 0.040234 0.146528
1 0.638867 0.458681 0.055078 0.135417
1 0.665234 0.457292 0.071875 0.177083
1 0.672852 0.451042 0.042578 0.156250
1 0.710547 0.468403 0.041406 0.152083
1 0.889258 0.444792 0.057422 0.143750
1 0.900195 0.479167 0.076953 0.112500
1 0.822266 0.476736 0.056250 0.131250
1 0.834961 0.434375 0.044922 0.164583
1 0.986328 0.434722 0.026562 0.120833
1 0.857227 0.426042 0.039453 0.164583
1 0.935742 0.657986 0.076953 0.234028
1 0.087695 0.476389 0.046484 0.150000
1 0.809570 0.674653 0.098828 0.220139
1 0.405469 0.557639 0.067187 0.206944
1 0.372266 0.706250 0.074219 0.270833
1 0.150391 0.670486 0.067187 0.240972
