1 0.367773 0.519097 0.055078 0.063194
1 0.295703 0.490278 0.038281 0.154167
1 0.238672 0.502778 0.050781 0.105556
1 0.417773 0.481597 0.049609 0.170139
1 0.290234 0.467361 0.050781 0.173611
1 0.431445 0.484028 0.057422 0.169444
1 0.481250 0.469097 0.039844 0.150694
1 0.490820 0.497569 0.062109 0.115972
1 0.178516 0.503819 0.064844 0.146528
1 0.032227 0.517014 0.064453 0.129861
1 0.099023 0.522222 0.063672 0.113889
1 0.571484 0.501736 0.056250 0.060417
1 0.546484 0.486111 0.058594 0.112500
1 0.781055 0.449653 0.041016 0.142361
1 0.636523 0.457292 0.051172 0.131250
1 0.662695 0.457986 0.072266 0.175694
1 0.671289 0.452778 0.044141 0.151389
1 0.708008 0.465278 0.043359 0.156944
1 0.889844 0.449306 0.062500 0.138889
1 0.894922 0.481597 0.075000 0.114583
1 0.821094 0.475347 0.053125 0.127083
1 0.836523 0.430903 0.038672 0.160417
1 0.982617 0.437500 0.033984 0.115278
1 0.976172 0.306944 0.046875 0.047222
1 0.856641 0.425347 0.039844 0.157639
1 0.969727 0.663194 0.059766 0.248611
1 0.107813 0.462153 0.039062 0.140972
1 0.847266 0.672569 0.103125 0.225694
1 0.433984 0.555903 0.069531 0.207639
1 0.373242 0.704861 0.076172 0.270833
1 0.150977 0.670486 0.069922 0.232639
