1 0.333398 0.519444 0.076953 0.087500
1 0.249609 0.485417 0.042969 0.184722
1 0.176953 0.468403 0.067969 0.196528
1 0.398242 0.475694 0.058984 0.194444
1 0.242383 0.462847 0.063672 0.204861
1 0.414062 0.473958 0.062500 0.200694
1 0.480078 0.460417 0.054688 0.183333
1 0.493555 0.463194 0.049609 0.204167
1 0.111523 0.498611 0.073047 0.176389
1 0.071094 0.512153 0.097656 0.211806
1 0.019727 0.495486 0.039453 0.196528
1 0.582617 0.501389 0.075391 0.069444
1 0.556250 0.481597 0.072656 0.145139
1 0.842187 0.440625 0.048438 0.172917
1 0.682422 0.435069 0.100000 0.302083
1 0.659570 0.450694 0.049609 0.172222
1 0.607617 0.448264 0.070703 0.160417
1 0.886719 0.438889 0.066406 0.183333
1 0.963477 0.416319 0.072266 0.200694
1 0.974414 0.440972 0.050391 0.208333
1 0.886914 0.450694 0.065234 0.194444
1 0.425977 0.724653 0.115234 0.303472
1 0.112695 0.647569 0.117578 0.257639
