1 0.341016 0.512847 0.068750 0.084028
1 0.259570 0.486806 0.045703 0.180556
1 0.192773 0.467014 0.061328 0.189583
1 0.402344 0.471528 0.063281 0.190278
1 0.253711 0.462500 0.063672 0.193056
1 0.416992 0.471528 0.062891 0.202778
1 0.483008 0.460417 0.058203 0.175000
1 0.487695 0.489931 0.064453 0.147917
1 0.123633 0.503125 0.076953 0.172917
1 0.055859 0.514583 0.088281 0.211111
1 0.029492 0.495486 0.050391 0.193750
1 0.580469 0.500000 0.070312 0.065278
1 0.552734 0.481597 0.070312 0.140972
1 0.828320 0.439931 0.053516 0.161806
1 0.880078 0.426042 0.107813 0.286806
1 0.653320 0.447222 0.052734 0.158333
1 0.626758 0.448958 0.064453 0.157639
1 0.676953 0.471875 0.064062 0.159028
1 0.699219 0.434375 0.050000 0.190972
1 0.806641 0.449306 0.068750 0.181944
1 0.950195 0.422569 0.085547 0.195139
1 0.963672 0.437847 0.063281 0.206250
1 0.630859 0.713542 0.108594 0.288194
1 0.342383 0.636111 0.112109 0.254167
