1 0.351758 0.519097 0.056641 0.072917
1 0.265820 0.487500 0.044922 0.179167
1 0.204492 0.469097 0.054297 0.184028
1 0.408008 0.474653 0.061328 0.188194
1 0.261328 0.462153 0.058594 0.186806
1 0.417969 0.475000 0.060937 0.190278
1 0.479492 0.462153 0.049609 0.168750
1 0.489453 0.494444 0.071094 0.134722
1 0.133984 0.502083 0.075000 0.166667
1 0.070898 0.512153 0.082422 0.202083
1 0.046875 0.496875 0.051562 0.179861
1 0.577734 0.502431 0.067187 0.068750
1 0.552344 0.485069 0.066406 0.132639
1 0.819531 0.444444 0.047656 0.162500
1 0.651367 0.449306 0.055078 0.156944
1 0.672656 0.468750 0.060937 0.155556
1 0.693164 0.437500 0.048047 0.184722
1 0.753711 0.463194 0.055078 0.165278
1 0.937305 0.423264 0.079297 0.186806
1 0.950586 0.444792 0.059766 0.190972
1 0.864648 0.456944 0.062109 0.184722
1 0.793750 0.704861 0.108594 0.276389
1 0.509766 0.626736 0.101562 0.243750
1 0.192969 0.638889 0.103125 0.263889
1 0.126758 0.672222 0.106641 0.247222
1 0.029297 0.730208 0.056250 0.274306
