1 0.356250 0.519444 0.054688 0.070833
1 0.270117 0.487153 0.051953 0.167361
1 0.211914 0.472222 0.055078 0.170833
1 0.406055 0.474306 0.053516 0.181944
1 0.268945 0.464931 0.058203 0.181250
1 0.420312 0.476389 0.056250 0.183333
1 0.479883 0.464583 0.045703 0.165278
1 0.489648 0.494792 0.066016 0.127083
1 0.146484 0.504861 0.071094 0.156944
1 0.084961 0.501042 0.083984 0.211806
1 0.060742 0.496875 0.062891 0.184028
1 0.576172 0.501736 0.062500 0.064583
1 0.551172 0.483333 0.064062 0.136111
1 0.809180 0.444792 0.044922 0.157639
1 0.647656 0.452778 0.053125 0.151389
1 0.721289 0.462847 0.071484 0.117361
1 0.669336 0.474306 0.064453 0.144444
1 0.684766 0.440972 0.049219 0.177778
1 0.735938 0.483681 0.042969 0.125694
1 0.923633 0.427083 0.077734 0.184722
1 0.936914 0.452431 0.072266 0.175694
1 0.852344 0.459028 0.060937 0.176389
1 0.953711 0.699306 0.091797 0.270833
1 0.653320 0.614236 0.087109 0.247917
1 0.408398 0.636806 0.098828 0.251389
1 0.359180 0.665278 0.105078 0.250000
1 0.070898 0.574306 0.083984 0.222222
1 0.089063 0.717361 0.108594 0.283333
1 0.089844 0.687847 0.078906 0.260417
