1 0.367578 0.519097 0.053125 0.063194
1 0.291406 0.489236 0.041406 0.154861
1 0.234570 0.499653 0.053516 0.109028
1 0.415625 0.473611 0.050781 0.156944
1 0.286914 0.468750 0.053516 0.169444
1 0.428906 0.482292 0.056250 0.165972
1 0.480859 0.467014 0.039062 0.145139
1 0.490430 0.496875 0.062109 0.115972
1 0.173828 0.504514 0.066406 0.143750
1 0.028320 0.517361 0.055859 0.133333
1 0.095117 0.521875 0.061328 0.114583
1 0.571875 0.502083 0.056250 0.061111
1 0.547461 0.487847 0.058203 0.118750
1 0.785352 0.448611 0.040234 0.147222
1 0.637500 0.458681 0.051562 0.136806
1 0.663672 0.455903 0.070312 0.175694
1 0.673438 0.450347 0.042188 0.157639
1 0.710742 0.469792 0.040234 0.153472
1 0.888477 0.443403 0.052734 0.140972
1 0.902734 0.481250 0.074219 0.113889
1 0.822461 0.476736 0.057422 0.132639
1 0.839648 0.432639 0.037109 0.163889
1 0.987500 0.433333 0.024219 0.122222
1 0.858008 0.424653 0.039453 0.160417
1 0.916797 0.659375 0.080469 0.243750
1 0.085938 0.484028 0.049219 0.161111
1 0.798047 0.670139 0.097656 0.225000
1 0.392969 0.558681 0.073438 0.207639
1 0.371875 0.706597 0.075000 0.271528
1 0.148438 0.671875 0.068750 0.242361
