1 0.357422 0.521528 0.056250 0.069444
1 0.275391 0.490278 0.048438 0.168056
1 0.217383 0.482639 0.054297 0.150000
1 0.410742 0.477778 0.053516 0.177778
1 0.272852 0.463889 0.057422 0.176389
1 0.424805 0.477778 0.059766 0.177778
1 0.479687 0.463889 0.043750 0.161111
1 0.489648 0.494792 0.066797 0.127083
1 0.154492 0.511458 0.068359 0.161806
1 0.089258 0.495486 0.078516 0.229861
1 0.063281 0.519097 0.059375 0.134028
1 0.575000 0.504514 0.063281 0.071528
1 0.550391 0.482639 0.061719 0.133333
1 0.803906 0.445833 0.046094 0.150000
1 0.644141 0.453819 0.050000 0.142361
1 0.713086 0.459375 0.052734 0.120139
1 0.668164 0.462500 0.051953 0.170833
1 0.681250 0.438194 0.043750 0.172222
1 0.733398 0.486458 0.046484 0.128472
1 0.912305 0.428472 0.071484 0.177778
1 0.928711 0.475347 0.085547 0.132639
1 0.847070 0.457292 0.056641 0.174306
1 0.875586 0.421181 0.051953 0.167361
1 0.782422 0.612847 0.108594 0.232639
1 0.548242 0.638194 0.091797 0.252778
1 0.021875 0.491319 0.039062 0.050694
1 0.480078 0.664236 0.100000 0.238194
1 0.167383 0.570833 0.086328 0.218056
1 0.190625 0.723611 0.114062 0.263889
1 0.127344 0.686806 0.070312 0.247222
1 0.848242 0.432639 0.050391 0.158333
