1 0.358984 0.519792 0.056250 0.068750
1 0.275977 0.488542 0.048828 0.165972
1 0.218945 0.489931 0.051172 0.136806
1 0.409375 0.477778 0.052344 0.177778
1 0.275195 0.464236 0.055859 0.179861
1 0.423438 0.476736 0.058594 0.177083
1 0.480664 0.465278 0.042578 0.161111
1 0.491992 0.495833 0.063672 0.123611
1 0.156250 0.504861 0.071094 0.150000
1 0.095898 0.501736 0.070703 0.211806
1 0.069531 0.520139 0.058594 0.126389
1 0.575586 0.502431 0.059766 0.067361
1 0.549609 0.482639 0.060937 0.129167
1 0.800195 0.445139 0.044141 0.155556
1 0.643750 0.454861 0.050000 0.140278
1 0.709570 0.458333 0.054297 0.119444
1 0.666797 0.454167 0.049219 0.181944
1 0.678320 0.438889 0.051172 0.172222
1 0.725586 0.484375 0.048047 0.131250
1 0.907813 0.429167 0.075781 0.175000
1 0.924609 0.476736 0.078906 0.124306
1 0.840820 0.458681 0.055859 0.172917
1 0.868945 0.423958 0.051172 0.161806
1 0.841992 0.607986 0.098828 0.234028
1 0.614258 0.640625 0.092578 0.246528
1 0.525391 0.667361 0.098437 0.237500
1 0.193555 0.563542 0.076172 0.222917
1 0.250781 0.720833 0.107031 0.265278
1 0.130859 0.680903 0.070312 0.253472
1 0.846875 0.432986 0.046094 0.160417
