1 0.339648 0.517014 0.068359 0.086806
1 0.253320 0.482986 0.046484 0.175694
1 0.187891 0.469097 0.061719 0.193750
1 0.403320 0.474653 0.060547 0.197917
1 0.249023 0.458333 0.059766 0.190278
1 0.415820 0.471875 0.062109 0.203472
1 0.483203 0.462153 0.057031 0.179861
1 0.494727 0.463542 0.053516 0.204861
1 0.116602 0.501736 0.079297 0.178472
1 0.050195 0.513542 0.094141 0.210417
1 0.024609 0.496875 0.047656 0.192361
1 0.582617 0.501042 0.074609 0.067361
1 0.553711 0.480556 0.073047 0.141667
1 0.836328 0.438889 0.051562 0.168056
1 0.777344 0.432639 0.111719 0.288889
1 0.657813 0.447222 0.053906 0.161111
1 0.617969 0.447222 0.055469 0.163889
1 0.678125 0.471181 0.067969 0.163194
1 0.703125 0.432986 0.050000 0.193750
1 0.851172 0.448264 0.075781 0.178472
1 0.964258 0.417014 0.067578 0.209028
1 0.971094 0.440972 0.057813 0.211111
1 0.886523 0.450694 0.080859 0.195833
1 0.540430 0.717014 0.099609 0.299306
1 0.229687 0.638194 0.111719 0.259722
