1 0.345117 0.514931 0.063672 0.084028
1 0.260742 0.487153 0.044922 0.181250
1 0.196484 0.468056 0.058594 0.190278
1 0.403906 0.470486 0.060156 0.190972
1 0.255273 0.462153 0.058203 0.195139
1 0.418164 0.471875 0.058984 0.199306
1 0.480273 0.460764 0.051953 0.175694
1 0.488672 0.491319 0.065625 0.142361
1 0.125977 0.502778 0.075391 0.172222
1 0.059961 0.514931 0.086328 0.206250
1 0.032813 0.494444 0.048438 0.193056
1 0.580664 0.500000 0.071484 0.066667
1 0.553320 0.484028 0.069922 0.133333
1 0.826953 0.439931 0.049219 0.161806
1 0.916406 0.424653 0.109375 0.285417
1 0.651563 0.449653 0.054688 0.156250
1 0.630859 0.451389 0.064844 0.155556
1 0.675586 0.470486 0.066016 0.157639
1 0.697656 0.435069 0.050000 0.189583
1 0.800391 0.450347 0.056250 0.182639
1 0.961914 0.437847 0.057422 0.199306
1 0.873633 0.454167 0.062891 0.193056
1 0.670312 0.709375 0.107031 0.284028
1 0.386328 0.632639 0.107813 0.247222
1 0.031250 0.639236 0.060156 0.272917
