1 0.365820 0.520486 0.051953 0.063194
1 0.284766 0.488194 0.046094 0.158333
1 0.231055 0.499306 0.052734 0.118056
1 0.414844 0.478472 0.050000 0.168056
1 0.282813 0.467708 0.053906 0.171528
1 0.426563 0.479514 0.055469 0.167361
1 0.481250 0.467014 0.042969 0.153472
1 0.491406 0.497917 0.062500 0.116667
1 0.168945 0.505208 0.062891 0.147917
1 0.033594 0.524306 0.060156 0.183333
1 0.087500 0.522569 0.060937 0.114583
1 0.572656 0.502083 0.057031 0.062500
1 0.548828 0.486111 0.060937 0.120833
1 0.790625 0.448264 0.039844 0.146528
1 0.636523 0.455556 0.046484 0.140278
1 0.662695 0.456944 0.056641 0.173611
1 0.672461 0.445139 0.047266 0.163889
1 0.718164 0.462153 0.052734 0.165972
1 0.894141 0.437153 0.053906 0.157639
1 0.908008 0.480903 0.076953 0.120139
1 0.830859 0.476389 0.053906 0.133333
1 0.842187 0.433333 0.040625 0.155556
1 0.862109 0.424653 0.039844 0.161806
1 0.828320 0.651042 0.073047 0.246528
1 0.079102 0.482639 0.048047 0.152778
1 0.691992 0.667708 0.094922 0.236806
1 0.325586 0.557986 0.083984 0.218750
1 0.368750 0.713889 0.075781 0.270833
1 0.142383 0.672917 0.069141 0.251389
