1 0.331836 0.519444 0.073828 0.086111
1 0.246094 0.488194 0.049219 0.191667
1 0.175586 0.470833 0.066797 0.190278
1 0.398438 0.476042 0.058594 0.195139
1 0.243945 0.462153 0.066797 0.206250
1 0.413477 0.473611 0.063672 0.215278
1 0.482031 0.459028 0.055469 0.186111
1 0.493359 0.460764 0.050781 0.202083
1 0.108594 0.499653 0.069531 0.185417
1 0.074414 0.515278 0.099609 0.219444
1 0.016992 0.495833 0.033984 0.198611
1 0.556250 0.482986 0.073438 0.145139
1 0.846484 0.438542 0.052344 0.177083
1 0.620898 0.445486 0.114453 0.292361
1 0.663867 0.444444 0.051953 0.163889
1 0.685742 0.468403 0.063672 0.167361
1 0.709961 0.431944 0.051953 0.200000
1 0.891797 0.437847 0.058594 0.192361
1 0.964453 0.415278 0.070312 0.205556
1 0.974023 0.438194 0.051172 0.212500
1 0.892188 0.449306 0.067187 0.202778
1 0.374414 0.723611 0.114453 0.300000
1 0.065039 0.653125 0.117578 0.265972
