1 0.361523 0.519444 0.055078 0.069444
1 0.277344 0.488889 0.050781 0.165278
1 0.219531 0.492361 0.057813 0.131944
1 0.411133 0.478125 0.051953 0.177083
1 0.276758 0.464583 0.054297 0.176389
1 0.425000 0.476042 0.057813 0.178472
1 0.480469 0.465972 0.043750 0.161111
1 0.491992 0.496528 0.063672 0.122222
1 0.157617 0.505903 0.066797 0.150694
1 0.098437 0.504514 0.075781 0.202083
1 0.017969 0.530208 0.035937 0.113194
1 0.073438 0.518750 0.060937 0.126389
1 0.574805 0.501736 0.058984 0.065972
1 0.548828 0.484028 0.060937 0.129167
1 0.798828 0.445486 0.044531 0.152083
1 0.641602 0.454861 0.051172 0.141667
1 0.707422 0.457292 0.054688 0.117361
1 0.665430 0.455903 0.051172 0.181250
1 0.678516 0.442014 0.050000 0.171528
1 0.722656 0.478819 0.045312 0.138194
1 0.909180 0.435069 0.073828 0.189583
1 0.922266 0.475347 0.079687 0.125694
1 0.839258 0.460069 0.051172 0.164583
1 0.849023 0.429514 0.051953 0.154861
1 0.866016 0.424653 0.055469 0.165972
1 0.880078 0.601042 0.096094 0.236806
1 0.660156 0.646528 0.083594 0.248611
1 0.550000 0.669097 0.099219 0.231250
1 0.224609 0.565278 0.082031 0.222222
1 0.293359 0.720833 0.105469 0.259722
1 0.132812 0.681944 0.071094 0.247222
