1 0.348438 0.516319 0.057031 0.084028
1 0.261914 0.488542 0.044141 0.182639
1 0.198242 0.467014 0.059766 0.189583
1 0.403711 0.473958 0.060547 0.193750
1 0.256641 0.462500 0.057813 0.193056
1 0.417383 0.472917 0.057422 0.200000
1 0.478516 0.460764 0.052344 0.174306
1 0.490039 0.489583 0.066797 0.144444
1 0.127344 0.501736 0.074219 0.171528
1 0.062500 0.513542 0.084375 0.200694
1 0.036719 0.497222 0.055469 0.186111
1 0.581055 0.500694 0.072266 0.068056
1 0.552539 0.484722 0.068359 0.134722
1 0.826562 0.440278 0.047656 0.162500
1 0.935352 0.426042 0.105078 0.271528
1 0.651953 0.449306 0.053125 0.156944
1 0.633203 0.450000 0.066406 0.150000
1 0.675586 0.471875 0.059766 0.156250
1 0.697070 0.435417 0.050391 0.190278
1 0.790234 0.451389 0.050000 0.180556
1 0.870508 0.453472 0.065234 0.188889
1 0.690625 0.704861 0.110937 0.287500
1 0.407031 0.631944 0.099219 0.252778
1 0.044141 0.639236 0.085156 0.271528
