1 0.340039 0.511806 0.069922 0.080556
1 0.258984 0.487153 0.046094 0.175694
1 0.191992 0.466667 0.060547 0.188889
1 0.402344 0.472569 0.061719 0.193750
1 0.252344 0.460417 0.064062 0.190278
1 0.416211 0.471875 0.062891 0.202083
1 0.483008 0.461111 0.061328 0.177778
1 0.491797 0.482986 0.064062 0.161806
1 0.123047 0.502431 0.077344 0.172917
1 0.054688 0.514236 0.089063 0.209028
1 0.030078 0.495833 0.053906 0.191667
1 0.582031 0.500347 0.073438 0.065972
1 0.552930 0.482292 0.069141 0.142361
1 0.859766 0.426736 0.104688 0.292361
1 0.654102 0.446875 0.052734 0.157639
1 0.625586 0.448958 0.060547 0.159028
1 0.677148 0.472569 0.065234 0.165972
1 0.700000 0.434028 0.050000 0.191667
1 0.813086 0.444792 0.068359 0.178472
1 0.951953 0.421181 0.084375 0.196528
1 0.964063 0.438542 0.062500 0.211806
1 0.611133 0.714931 0.114453 0.290972
1 0.318164 0.638542 0.112891 0.254861
