1 0.364063 0.519792 0.050000 0.063194
1 0.286719 0.489583 0.049219 0.159722
1 0.227734 0.496181 0.049219 0.122917
1 0.411914 0.478472 0.053516 0.173611
1 0.281836 0.468750 0.053516 0.179167
1 0.426563 0.478819 0.056250 0.171528
1 0.480469 0.465625 0.042969 0.156250
1 0.491406 0.497569 0.064062 0.117361
1 0.167187 0.504167 0.064844 0.147222
1 0.050195 0.519792 0.075391 0.184028
1 0.025391 0.514931 0.050000 0.129861
1 0.086133 0.523958 0.058203 0.118750
1 0.573047 0.501736 0.057813 0.063194
1 0.548047 0.486111 0.060937 0.122222
1 0.791992 0.447569 0.041797 0.149306
1 0.639062 0.456250 0.050781 0.140278
1 0.664258 0.455208 0.057422 0.177083
1 0.674023 0.446875 0.048828 0.164583
1 0.720703 0.463542 0.050781 0.161806
1 0.903516 0.431597 0.063281 0.168750
1 0.911133 0.478125 0.078516 0.117361
1 0.833008 0.474653 0.056641 0.136806
1 0.844336 0.432986 0.038672 0.160417
1 0.864062 0.425347 0.038281 0.159028
1 0.971484 0.601042 0.056250 0.207639
1 0.786133 0.653125 0.080078 0.246528
1 0.662109 0.668056 0.098437 0.227778
1 0.303125 0.559028 0.079687 0.219444
1 0.366406 0.717014 0.076563 0.270139
1 0.140625 0.672569 0.067187 0.252083
