1 0.364258 0.519444 0.052734 0.065278
1 0.281836 0.493056 0.047266 0.165278
1 0.224609 0.495486 0.054688 0.121528
1 0.413086 0.478819 0.054297 0.170139
1 0.280859 0.467361 0.057813 0.169444
1 0.426367 0.479514 0.057422 0.174306
1 0.480664 0.468056 0.043359 0.156944
1 0.492188 0.495139 0.064844 0.122222
1 0.164453 0.505556 0.064844 0.150000
1 0.070703 0.519792 0.082812 0.181250
1 0.022656 0.520139 0.043750 0.126389
1 0.573438 0.502431 0.058594 0.064583
1 0.549023 0.485069 0.059766 0.128472
1 0.794336 0.445833 0.043359 0.151389
1 0.640625 0.456944 0.051562 0.138889
1 0.664258 0.455556 0.055078 0.179167
1 0.679883 0.444097 0.041016 0.167361
1 0.721094 0.465278 0.052344 0.166667
1 0.903711 0.431597 0.069922 0.172917
1 0.915820 0.478125 0.077734 0.120139
1 0.835547 0.475347 0.054688 0.139583
1 0.845313 0.439236 0.035156 0.174306
1 0.868164 0.426042 0.044922 0.160417
1 0.956445 0.597569 0.086328 0.227083
1 0.756445 0.646181 0.078516 0.253472
1 0.632617 0.669097 0.094922 0.231250
1 0.290039 0.562847 0.078516 0.210417
1 0.359570 0.716319 0.085547 0.271528
1 0.138086 0.676389 0.069922 0.255556
