1 0.367578 0.516319 0.053906 0.063194
1 0.290039 0.489236 0.042578 0.156250
1 0.234766 0.498264 0.051562 0.114583
1 0.414844 0.479514 0.051562 0.172917
1 0.287891 0.467708 0.052344 0.167361
1 0.428516 0.481250 0.055469 0.166667
1 0.481250 0.465625 0.043750 0.150694
1 0.490820 0.498611 0.062891 0.116667
1 0.171484 0.504514 0.067187 0.142361
1 0.026953 0.518403 0.053906 0.132639
1 0.092773 0.521875 0.061328 0.114583
1 0.572070 0.501389 0.056641 0.061111
1 0.548242 0.487153 0.059766 0.117361
1 0.786328 0.447222 0.041406 0.148611
1 0.635938 0.456597 0.047656 0.135417
1 0.662891 0.457986 0.060937 0.179861
1 0.674609 0.449306 0.041406 0.161111
1 0.712109 0.465625 0.042969 0.159028
1 0.892773 0.442361 0.055859 0.145833
1 0.904297 0.479167 0.075781 0.118056
1 0.825195 0.477083 0.054297 0.129167
1 0.840625 0.432292 0.042969 0.157639
1 0.863086 0.423958 0.033203 0.163194
1 0.892383 0.655208 0.076953 0.239583
1 0.080859 0.485764 0.048438 0.167361
1 0.767578 0.670833 0.086719 0.233333
1 0.365820 0.557639 0.068359 0.208333
1 0.987500 0.426042 0.025000 0.152083
1 0.370703 0.707292 0.075781 0.272917
1 0.146484 0.671875 0.067969 0.245139
