1 0.351367 0.518056 0.055078 0.079167
1 0.264453 0.489236 0.042969 0.182639
1 0.202148 0.467708 0.058203 0.185417
1 0.407031 0.475347 0.058594 0.192361
1 0.260547 0.461806 0.060937 0.193056
1 0.419727 0.473611 0.060547 0.195833
1 0.479492 0.461111 0.047266 0.169444
1 0.489648 0.492014 0.068359 0.138194
1 0.130273 0.501736 0.074609 0.168750
1 0.066602 0.513542 0.086328 0.203472
1 0.044727 0.504514 0.057422 0.203472
1 0.578516 0.500694 0.068750 0.070833
1 0.553906 0.483333 0.063281 0.130556
1 0.823828 0.441319 0.046875 0.164583
1 0.960938 0.429861 0.077344 0.263889
1 0.651563 0.450000 0.048438 0.155556
1 0.674219 0.468403 0.057813 0.153472
1 0.695312 0.436458 0.050000 0.190972
1 0.770312 0.458333 0.055469 0.169444
1 0.943750 0.420833 0.085938 0.191667
1 0.956250 0.439236 0.064844 0.192361
1 0.868359 0.454514 0.060156 0.188194
1 0.747070 0.704167 0.108984 0.284722
1 0.450781 0.628819 0.100000 0.253472
1 0.114258 0.639583 0.108203 0.268056
1 0.041211 0.661806 0.080859 0.256944
