1 0.334180 0.517014 0.076953 0.086806
1 0.252344 0.486111 0.042188 0.183333
1 0.182031 0.469097 0.067187 0.195139
1 0.397656 0.476736 0.055469 0.204861
1 0.244531 0.462153 0.064062 0.203472
1 0.415234 0.474653 0.060937 0.202083
1 0.482031 0.460069 0.054688 0.178472
1 0.492773 0.463889 0.051953 0.193056
1 0.491211 0.463194 0.052734 0.198611
1 0.112695 0.500694 0.076953 0.179167
1 0.061523 0.514583 0.089453 0.212500
1 0.021680 0.494792 0.043359 0.195139
1 0.582422 0.501042 0.075000 0.068750
1 0.556445 0.481250 0.072266 0.145833
1 0.840820 0.438889 0.048047 0.173611
1 0.717969 0.434375 0.110937 0.297917
1 0.657227 0.446875 0.051172 0.161806
1 0.619141 0.448611 0.062500 0.161111
1 0.686523 0.469444 0.074609 0.156944
1 0.883008 0.440625 0.072266 0.182639
1 0.961133 0.417361 0.076953 0.202778
1 0.973437 0.439931 0.052344 0.207639
1 0.884570 0.451736 0.071484 0.195139
1 0.473242 0.717708 0.113672 0.297917
1 0.157812 0.641667 0.115625 0.263889
