1 0.334961 0.517014 0.076172 0.084028
1 0.253711 0.486806 0.042578 0.180556
1 0.185156 0.467014 0.065625 0.195139
1 0.400391 0.476042 0.056250 0.200694
1 0.246094 0.460764 0.062500 0.200694
1 0.414648 0.475694 0.061328 0.206944
1 0.482031 0.460764 0.055469 0.186806
1 0.492969 0.463542 0.050781 0.196528
1 0.113477 0.501389 0.079297 0.180556
1 0.057617 0.514931 0.091016 0.211806
1 0.022656 0.495486 0.045312 0.195139
1 0.582227 0.500694 0.074609 0.068056
1 0.555664 0.480556 0.072266 0.144444
1 0.841406 0.438542 0.051562 0.174306
1 0.731445 0.431597 0.107422 0.303472
1 0.656836 0.446875 0.051953 0.159028
1 0.621484 0.448958 0.062500 0.160417
1 0.681836 0.469097 0.071484 0.156250
1 0.705078 0.433333 0.048438 0.193056
1 0.876563 0.438542 0.083594 0.175694
1 0.960547 0.417014 0.075000 0.200694
1 0.972656 0.440278 0.054688 0.208333
1 0.885547 0.450000 0.068750 0.193056
1 0.498047 0.718056 0.102344 0.301389
1 0.177930 0.640278 0.108984 0.266667
