1 0.363672 0.519444 0.051562 0.063889
1 0.280859 0.488889 0.048438 0.161111
1 0.223242 0.496528 0.054297 0.123611
1 0.413867 0.479514 0.057422 0.174306
1 0.279883 0.467361 0.056641 0.173611
1 0.426172 0.478819 0.057031 0.175694
1 0.480664 0.466667 0.042578 0.155556
1 0.492188 0.495833 0.063281 0.122222
1 0.162695 0.504861 0.065234 0.148611
1 0.081445 0.518056 0.080859 0.180556
1 0.021680 0.523611 0.041016 0.120833
1 0.573633 0.501736 0.058984 0.064583
1 0.548242 0.484375 0.060547 0.125694
1 0.795312 0.446528 0.043750 0.152778
1 0.640820 0.456250 0.050391 0.138889
1 0.664648 0.455903 0.052734 0.179861
1 0.679297 0.443403 0.042969 0.167361
1 0.722852 0.462500 0.049609 0.166667
1 0.902930 0.430903 0.076172 0.171528
1 0.916211 0.478472 0.080078 0.123611
1 0.836328 0.473958 0.053125 0.139583
1 0.846484 0.436111 0.037500 0.168056
1 0.870117 0.426042 0.048828 0.161806
1 0.945703 0.596528 0.095312 0.229167
1 0.728516 0.648958 0.077344 0.250694
1 0.615820 0.666667 0.098047 0.236111
1 0.273242 0.556597 0.078516 0.224306
1 0.352344 0.715625 0.085156 0.271528
1 0.137109 0.678472 0.071875 0.255556
