1 0.339453 0.513194 0.071094 0.084722
1 0.258203 0.486111 0.045312 0.177778
1 0.191992 0.466667 0.059766 0.190278
1 0.403711 0.474306 0.060547 0.194444
1 0.250586 0.460069 0.063672 0.190972
1 0.415625 0.473264 0.061719 0.202083
1 0.483008 0.461458 0.057422 0.179861
1 0.498828 0.469097 0.067969 0.193750
1 0.121680 0.502083 0.077734 0.173611
1 0.053320 0.515278 0.089453 0.208333
1 0.028125 0.497569 0.053125 0.190972
1 0.582227 0.500347 0.073828 0.065972
1 0.552734 0.481944 0.069531 0.141667
1 0.829688 0.425000 0.102344 0.301389
1 0.655273 0.446875 0.052734 0.157639
1 0.623242 0.446181 0.060547 0.164583
1 0.677344 0.469097 0.066406 0.161806
1 0.700781 0.434028 0.050000 0.191667
1 0.822461 0.446875 0.079297 0.179861
1 0.954297 0.418750 0.083594 0.198611
1 0.966797 0.437153 0.063281 0.210417
1 0.878906 0.454167 0.059375 0.195833
1 0.591016 0.717014 0.105469 0.290972
1 0.299414 0.639236 0.109766 0.254861
