1 0.338477 0.517014 0.071484 0.089583
1 0.254688 0.483333 0.046094 0.177778
1 0.189648 0.467708 0.060547 0.193750
1 0.404102 0.474653 0.061328 0.196528
1 0.248242 0.460417 0.061328 0.193056
1 0.416016 0.471181 0.062500 0.200694
1 0.483594 0.462153 0.057031 0.177083
1 0.498633 0.466319 0.059766 0.192361
1 0.118359 0.502431 0.078906 0.177083
1 0.049609 0.514583 0.090625 0.211111
1 0.027930 0.499306 0.052734 0.187500
1 0.582422 0.500694 0.074219 0.066667
1 0.552930 0.482986 0.075391 0.142361
1 0.790820 0.431944 0.117578 0.300000
1 0.658984 0.447222 0.053906 0.156944
1 0.621094 0.447569 0.050781 0.161806
1 0.681055 0.469792 0.063672 0.165972
1 0.702344 0.433333 0.050000 0.193056
1 0.841406 0.446875 0.069531 0.171528
1 0.957617 0.416319 0.076953 0.209028
1 0.968750 0.439583 0.061719 0.206944
1 0.881445 0.451042 0.067578 0.195139
1 0.554102 0.713889 0.103516 0.298611
1 0.252148 0.637500 0.104297 0.270833
