1 0.341797 0.513889 0.067969 0.088889
1 0.260156 0.486806 0.045312 0.181944
1 0.195508 0.467708 0.059766 0.190972
1 0.403320 0.469097 0.061328 0.189583
1 0.254688 0.462500 0.061719 0.194444
1 0.417383 0.472222 0.060547 0.205556
1 0.481641 0.460417 0.053906 0.175000
1 0.488086 0.491319 0.065234 0.143750
1 0.124219 0.503819 0.076563 0.172917
1 0.059180 0.514583 0.087891 0.206944
1 0.032813 0.496181 0.056250 0.184028
1 0.580078 0.500347 0.069531 0.065972
1 0.553125 0.482986 0.070312 0.136806
1 0.827344 0.439931 0.050781 0.161806
1 0.897852 0.424306 0.104297 0.287500
1 0.652148 0.448264 0.053516 0.157639
1 0.626758 0.450694 0.066016 0.152778
1 0.677344 0.471181 0.064062 0.157639
1 0.698438 0.434722 0.050000 0.190278
1 0.802148 0.448264 0.057422 0.182639
1 0.961914 0.438889 0.064453 0.202778
1 0.874023 0.452778 0.065234 0.188889
1 0.649414 0.707639 0.112109 0.286111
1 0.364844 0.635764 0.101562 0.256250
1 0.017969 0.632986 0.035156 0.263194
