1 0.366602 0.517708 0.050391 0.059028
1 0.285742 0.488194 0.045703 0.156944
1 0.231250 0.500347 0.053906 0.115972
1 0.415625 0.478819 0.052344 0.165972
1 0.284766 0.467014 0.053125 0.170139
1 0.426758 0.480208 0.056641 0.164583
1 0.482031 0.468056 0.042969 0.151389
1 0.491797 0.497569 0.060156 0.115972
1 0.169336 0.505903 0.063672 0.147917
1 0.028320 0.522569 0.055859 0.182639
1 0.088672 0.522569 0.060937 0.114583
1 0.572461 0.501736 0.056641 0.061806
1 0.548633 0.487153 0.060547 0.120139
1 0.789648 0.448264 0.039453 0.146528
1 0.637305 0.456597 0.046484 0.138194
1 0.662500 0.456250 0.057031 0.173611
1 0.671484 0.448611 0.049219 0.165278
1 0.716992 0.462500 0.053516 0.161111
1 0.892773 0.440278 0.053516 0.150000
1 0.908008 0.479167 0.076953 0.116667
1 0.829492 0.476736 0.054297 0.132639
1 0.841211 0.432639 0.044922 0.152778
1 0.862109 0.424306 0.040625 0.163889
1 0.843555 0.652083 0.076172 0.248611
1 0.079297 0.479167 0.049219 0.159722
1 0.718359 0.663542 0.088281 0.235417
1 0.341016 0.558333 0.085156 0.212500
1 0.369141 0.710764 0.075000 0.271528
1 0.143359 0.672569 0.067969 0.249306
