1 0.368359 0.518403 0.054688 0.064583
1 0.290625 0.488889 0.039844 0.158333
1 0.234570 0.498611 0.053516 0.111111
1 0.415820 0.476736 0.051953 0.165972
1 0.287305 0.468403 0.052734 0.168750
1 0.428906 0.483333 0.057813 0.168056
1 0.480859 0.465972 0.040625 0.148611
1 0.490430 0.497569 0.062891 0.115972
1 0.172461 0.504167 0.066797 0.143056
1 0.027734 0.518056 0.054688 0.133333
1 0.093945 0.521875 0.061328 0.114583
1 0.572070 0.501389 0.056641 0.061111
1 0.547070 0.486458 0.058984 0.118750
1 0.785742 0.447222 0.041016 0.148611
1 0.636328 0.458333 0.048438 0.137500
1 0.663672 0.454167 0.062500 0.177778
1 0.674023 0.450000 0.041797 0.159722
1 0.711133 0.469444 0.043359 0.155556
1 0.889258 0.443750 0.049609 0.141667
1 0.903906 0.478819 0.074219 0.115972
1 0.823633 0.476736 0.055078 0.129861
1 0.839648 0.428819 0.039453 0.156250
1 0.862109 0.423611 0.035156 0.162500
1 0.902148 0.657639 0.075391 0.243056
1 0.082422 0.486806 0.056250 0.163889
1 0.785937 0.667361 0.085938 0.230556
1 0.377930 0.548958 0.073828 0.206250
1 0.987695 0.428819 0.023828 0.138194
1 0.371289 0.706944 0.075391 0.272222
1 0.146875 0.672917 0.070312 0.244444
