1 0.351367 0.518056 0.055078 0.084722
1 0.263672 0.489236 0.042969 0.184028
1 0.199805 0.468056 0.058203 0.187500
1 0.406055 0.475694 0.060547 0.194444
1 0.259375 0.462500 0.059375 0.193056
1 0.420312 0.472917 0.060156 0.198611
1 0.479297 0.460764 0.047656 0.170139
1 0.491211 0.492014 0.066797 0.138194
1 0.129688 0.501389 0.075781 0.168056
1 0.063867 0.512500 0.076172 0.205556
1 0.037891 0.496528 0.051562 0.191667
1 0.579492 0.501042 0.069922 0.070139
1 0.552930 0.485069 0.065234 0.134028
1 0.824805 0.440625 0.047266 0.167361
1 0.956055 0.429167 0.087109 0.270833
1 0.652539 0.449306 0.049609 0.156944
1 0.674219 0.470486 0.060156 0.157639
1 0.695312 0.435764 0.050781 0.190972
1 0.774805 0.453125 0.059766 0.179861
1 0.943164 0.421875 0.079297 0.199306
1 0.953711 0.434722 0.058984 0.188889
1 0.869727 0.453125 0.060547 0.185417
1 0.731836 0.700694 0.105078 0.287500
1 0.437500 0.631250 0.096094 0.250000
1 0.086914 0.642361 0.098047 0.265278
1 0.026367 0.661458 0.050391 0.249306
