1 0.358789 0.519792 0.052734 0.071528
1 0.275391 0.489236 0.043750 0.172917
1 0.214844 0.478819 0.057031 0.159028
1 0.410547 0.477083 0.057813 0.181944
1 0.272266 0.465278 0.062500 0.183333
1 0.423438 0.479167 0.055469 0.183333
1 0.479297 0.463542 0.046094 0.157639
1 0.490430 0.494444 0.066016 0.123611
1 0.149219 0.504167 0.068750 0.155556
1 0.091211 0.498958 0.084766 0.225694
1 0.061328 0.514236 0.057813 0.139583
1 0.575781 0.503125 0.062500 0.067361
1 0.550000 0.480903 0.062500 0.135417
1 0.806055 0.445833 0.045703 0.154167
1 0.645898 0.452778 0.053516 0.147222
1 0.670117 0.467014 0.058203 0.157639
1 0.684180 0.439236 0.048047 0.174306
1 0.734766 0.485764 0.046875 0.124306
1 0.919336 0.427431 0.071484 0.182639
1 0.933203 0.470833 0.085156 0.137500
1 0.850391 0.456597 0.058594 0.177083
1 0.855664 0.451736 0.071484 0.127083
1 0.884180 0.419097 0.045703 0.167361
1 0.715625 0.614236 0.096875 0.239583
1 0.476367 0.637500 0.105078 0.254167
1 0.427148 0.662847 0.094922 0.240972
1 0.124414 0.567014 0.083984 0.221528
1 0.128711 0.722569 0.108203 0.268750
1 0.119336 0.686806 0.081641 0.251389
1 0.717578 0.458681 0.056250 0.107639
