1 0.365430 0.515278 0.051172 0.059722
1 0.287891 0.490278 0.044531 0.158333
1 0.232227 0.500000 0.054297 0.115278
1 0.415234 0.478819 0.052344 0.165972
1 0.286328 0.466667 0.052344 0.169444
1 0.427344 0.480208 0.055469 0.164583
1 0.483008 0.468750 0.044141 0.151389
1 0.491992 0.497569 0.059766 0.115972
1 0.169141 0.505903 0.064844 0.146528
1 0.020313 0.523611 0.040625 0.181944
1 0.089844 0.522569 0.060937 0.114583
1 0.572461 0.501736 0.056641 0.061806
1 0.548242 0.487847 0.059766 0.118750
1 0.788477 0.448264 0.041016 0.147917
1 0.636523 0.456250 0.046484 0.136111
1 0.662109 0.456250 0.057031 0.173611
1 0.671875 0.447222 0.046875 0.162500
1 0.715820 0.463542 0.052734 0.157639
1 0.893555 0.442014 0.051953 0.146528
1 0.906641 0.478472 0.075781 0.116667
1 0.828320 0.476736 0.055078 0.132639
1 0.842969 0.434028 0.043750 0.152778
1 0.862109 0.423264 0.039844 0.161806
1 0.854688 0.655903 0.078906 0.245139
1 0.079492 0.478472 0.053516 0.152778
1 0.738672 0.669444 0.085156 0.230556
1 0.350977 0.561458 0.083984 0.210417
1 0.369922 0.709375 0.075781 0.272917
1 0.144531 0.671875 0.067187 0.247917
