2 2 0.373437 0.837847 0.172656 0.322917
2 6 0.066992 0.370139 0.086328 0.079167
2 9 0.149023 0.376389 0.054297 0.065278
2 10 0.224414 0.364583 0.053516 0.055556
2 11 0.258789 0.356250 0.025391 0.044444
2 12 0.100000 0.400347 0.071094 0.043750
2 13 0.096875 0.540625 0.190625 0.131250
2 14 0.196484 0.530903 0.116406 0.089583
2 15 0.651367 0.617708 0.184766 0.160417
2 16 0.380273 0.429167 0.081641 0.052778
2 17 0.141797 0.680556 0.164844 0.231944
2 18 0.242383 0.597222 0.079297 0.145833
2 21 0.296289 0.457639 0.105859 0.061111
2 22 0.538281 0.888889 0.278125 0.222222
2 23 0.515234 0.396875 0.028906 0.068750
2 24 0.488477 0.398958 0.063672 0.067361
2 27 0.591016 0.404514 0.052344 0.064583
2 28 0.819727 0.460417 0.088672 0.051389
2 29 0.305664 0.508333 0.094922 0.155556
2 31 0.302148 0.728819 0.246484 0.375694
2 32 0.546094 0.632986 0.086719 0.245139
2 33 0.817383 0.892708 0.331641 0.213194
2 34 0.664453 0.421181 0.084375 0.067361
2 35 0.608984 0.412500 0.028906 0.073611
2 36 0.924609 0.765278 0.149219 0.219444
2 37 0.689648 0.452431 0.047266 0.104861
2 38 0.621289 0.479861 0.112109 0.131944
2 39 0.914648 0.502083 0.091797 0.077778
2 40 0.783594 0.680208 0.080469 0.161806
2 41 0.490820 0.542361 0.144141 0.183333
2 42 0.885156 0.711806 0.161719 0.240278
2 44 0.842578 0.834028 0.313281 0.333333
2 45 0.731445 0.439583 0.068359 0.047222
2 47 0.728125 0.483333 0.055469 0.079167
2 51 0.956641 0.513542 0.085156 0.109028
