2 2 0.299023 0.769097 0.185547 0.357639
2 3 0.175000 0.930208 0.350000 0.138194
2 4 0.495312 0.946528 0.266406 0.105556
2 5 0.027344 0.347917 0.054688 0.052778
2 6 0.104102 0.366667 0.066016 0.077778
2 7 0.041992 0.386458 0.083984 0.045139
2 8 0.041797 0.417014 0.079687 0.038194
2 9 0.193555 0.372917 0.056641 0.059722
2 10 0.272656 0.362153 0.046875 0.049306
2 11 0.305273 0.353819 0.027734 0.042361
2 13 0.149609 0.514583 0.167187 0.108333
2 14 0.225586 0.507292 0.112891 0.089583
2 15 0.639844 0.601389 0.160938 0.152778
2 16 0.407813 0.427778 0.078125 0.050000
2 17 0.170117 0.629167 0.149609 0.195833
2 18 0.268359 0.567361 0.076563 0.120833
2 19 0.511719 0.390972 0.040625 0.062500
2 21 0.325977 0.450694 0.098828 0.059722
2 22 0.473633 0.849653 0.260547 0.288194
2 24 0.549023 0.404861 0.059766 0.063889
2 27 0.605664 0.408333 0.049609 0.076389
2 28 0.842187 0.472569 0.100000 0.043750
2 29 0.322266 0.500000 0.092188 0.154167
2 30 0.512500 0.513889 0.064062 0.086111
2 31 0.386523 0.603819 0.161328 0.229861
2 32 0.546094 0.638542 0.075000 0.234028
2 33 0.749219 0.870486 0.309375 0.257639
2 34 0.695312 0.424653 0.082031 0.059028
2 35 0.602148 0.443056 0.043359 0.088889
2 36 0.926367 0.793056 0.145703 0.269444
2 37 0.700586 0.465972 0.092578 0.118056
2 38 0.673633 0.496528 0.093359 0.140278
2 39 0.944922 0.513889 0.107813 0.079167
2 40 0.755078 0.675000 0.080469 0.161111
2 41 0.572852 0.513889 0.145703 0.138889
2 42 0.851953 0.703472 0.141406 0.237500
2 43 0.961523 0.694444 0.075391 0.301389
2 44 0.795508 0.806944 0.271484 0.311111
2 45 0.756055 0.447222 0.071484 0.045833
2 47 0.741406 0.480903 0.050781 0.086806
