2 1 0.066797 0.633681 0.133594 0.215972
2 2 0.195312 0.760764 0.246875 0.325694
2 3 0.113477 0.917014 0.226953 0.164583
2 4 0.320898 0.931250 0.323047 0.136111
2 5 0.032813 0.356944 0.065625 0.052778
2 6 0.083203 0.379167 0.050781 0.080556
2 7 0.037500 0.396528 0.075000 0.043056
2 9 0.175781 0.381944 0.060156 0.059722
2 10 0.263672 0.370486 0.046875 0.046528
2 11 0.292383 0.361806 0.033203 0.043056
2 13 0.122266 0.516667 0.164844 0.112500
2 14 0.189258 0.509375 0.115234 0.082639
2 15 0.591406 0.600694 0.157812 0.147222
2 16 0.389258 0.434722 0.075391 0.047222
2 17 0.125977 0.629861 0.160547 0.197222
2 18 0.234180 0.570139 0.081641 0.120833
2 19 0.497461 0.399306 0.040234 0.062500
2 21 0.304102 0.455208 0.100391 0.057639
2 22 0.395117 0.823611 0.243359 0.250000
2 23 0.527344 0.406944 0.027344 0.068056
2 24 0.550977 0.413889 0.051953 0.062500
2 25 0.967969 0.542708 0.062500 0.140972
2 27 0.599023 0.417361 0.056641 0.065278
2 28 0.820508 0.477431 0.098828 0.043750
2 29 0.281445 0.503819 0.108203 0.156250
2 30 0.482812 0.517361 0.065625 0.086111
2 31 0.386328 0.586458 0.131250 0.231250
2 32 0.485938 0.672569 0.080469 0.246528
2 33 0.656836 0.863889 0.290234 0.270833
2 34 0.695312 0.436111 0.080469 0.059722
2 35 0.553320 0.464931 0.053516 0.100694
2 36 0.929492 0.792708 0.139453 0.300694
2 37 0.696289 0.479861 0.106641 0.116667
2 38 0.671484 0.511806 0.093750 0.144444
2 39 0.914453 0.518750 0.102344 0.083333
2 40 0.701758 0.673611 0.077734 0.163889
2 41 0.581250 0.525000 0.144531 0.138889
2 42 0.796289 0.707986 0.132422 0.220139
2 43 0.915430 0.695833 0.108984 0.302778
2 44 0.733984 0.789236 0.260937 0.309028
2 45 0.732031 0.454861 0.070312 0.043056
