2 2 0.365234 0.829167 0.158594 0.340278
2 6 0.069141 0.369444 0.089063 0.080556
2 9 0.152930 0.374306 0.055078 0.066667
2 10 0.228320 0.361806 0.053516 0.055556
2 11 0.262695 0.354514 0.025391 0.042361
2 12 0.106250 0.398264 0.071094 0.043750
2 13 0.100781 0.539236 0.192969 0.128472
2 14 0.200391 0.528125 0.118750 0.089583
2 15 0.649023 0.614583 0.183984 0.159722
2 16 0.382812 0.427778 0.081250 0.052778
2 17 0.142578 0.673611 0.163281 0.226389
2 18 0.241992 0.593750 0.078516 0.141667
2 19 0.483984 0.385069 0.043750 0.057639
2 21 0.298242 0.455556 0.105859 0.061111
2 22 0.530469 0.884722 0.269531 0.229167
2 24 0.494336 0.398264 0.063672 0.067361
2 27 0.595313 0.401389 0.063281 0.066667
2 28 0.821094 0.460069 0.089844 0.050694
2 29 0.305859 0.506250 0.096094 0.155556
2 31 0.303516 0.718056 0.244531 0.366667
2 32 0.548047 0.633681 0.086719 0.242361
2 33 0.809961 0.890972 0.328516 0.216667
2 34 0.670898 0.421875 0.080078 0.063194
2 35 0.609180 0.413889 0.030859 0.073611
2 36 0.929688 0.770486 0.139063 0.215972
2 37 0.690625 0.452083 0.051562 0.108333
2 38 0.622070 0.479167 0.112891 0.131944
2 39 0.917578 0.503125 0.092969 0.078472
2 40 0.780273 0.678819 0.077734 0.161806
2 41 0.496289 0.540972 0.145703 0.180556
2 42 0.883203 0.712153 0.160938 0.245139
2 44 0.843750 0.831250 0.310937 0.331944
2 45 0.734180 0.438889 0.068359 0.047222
2 47 0.729297 0.482292 0.055469 0.078472
2 51 0.956641 0.515972 0.085156 0.111111
