2 6 0.233984 0.371875 0.085156 0.086806
2 9 0.160742 0.403472 0.041797 0.066667
2 12 0.102734 0.418056 0.082812 0.062500
2 13 0.263086 0.604514 0.213672 0.195139
2 14 0.356250 0.584375 0.150781 0.114583
2 15 0.891016 0.642708 0.216406 0.170139
2 16 0.460547 0.426389 0.062500 0.061111
2 17 0.528906 0.829861 0.171875 0.338889
2 19 0.516211 0.400000 0.042578 0.066667
2 21 0.397656 0.490625 0.109375 0.096528
2 23 0.848437 0.404514 0.078125 0.061806
2 24 0.490430 0.384375 0.026953 0.079861
2 26 0.124414 0.355903 0.061328 0.038194
2 27 0.886719 0.427083 0.085938 0.043056
2 28 0.875195 0.436806 0.094922 0.047222
2 29 0.512891 0.553472 0.169531 0.188889
2 30 0.681250 0.538889 0.102344 0.105556
2 31 0.901367 0.846528 0.194922 0.308333
2 32 0.568750 0.438194 0.082031 0.102778
2 34 0.704297 0.399306 0.083594 0.062500
2 35 0.603711 0.395486 0.081641 0.072917
2 36 0.908203 0.535069 0.142187 0.168750
2 37 0.670508 0.439236 0.090234 0.114583
2 38 0.747656 0.535069 0.069531 0.184028
2 45 0.768750 0.407986 0.063281 0.060417
2 46 0.975977 0.472917 0.046484 0.055556
2 47 0.841797 0.468750 0.085938 0.073611
2 48 0.622656 0.538542 0.082812 0.117361
2 50 0.185156 0.827778 0.306250 0.343056
2 52 0.337305 0.381944 0.042578 0.041667
2 53 0.167187 0.462847 0.125781 0.084028
2 54 0.105273 0.387153 0.089453 0.047917
2 55 0.197852 0.357986 0.064453 0.029861
2 18 0.508984 0.670833 0.184375 0.195833
