2 6 0.260156 0.364236 0.083594 0.079861
2 9 0.224805 0.389236 0.046484 0.067361
2 11 0.307617 0.354167 0.023828 0.065278
2 12 0.167773 0.408681 0.077734 0.059028
2 13 0.305859 0.595833 0.207813 0.188889
2 14 0.397070 0.578819 0.144922 0.107639
2 15 0.917188 0.655903 0.164062 0.160417
2 16 0.495117 0.427431 0.076953 0.064583
2 17 0.562500 0.835417 0.179688 0.327778
2 19 0.561914 0.387153 0.027734 0.072917
2 21 0.439063 0.487847 0.106250 0.089583
2 23 0.877734 0.422222 0.080469 0.076389
2 24 0.537891 0.385764 0.035156 0.079861
2 26 0.190625 0.352431 0.052344 0.038194
2 27 0.957227 0.438194 0.083984 0.038889
2 28 0.943555 0.447569 0.101172 0.054861
2 29 0.547656 0.552083 0.177344 0.188889
2 30 0.726172 0.547222 0.101562 0.113889
2 31 0.921289 0.858681 0.155859 0.281250
2 32 0.620898 0.449306 0.069922 0.116667
2 34 0.758008 0.405556 0.086328 0.062500
2 35 0.671094 0.399653 0.082812 0.070139
2 36 0.970508 0.564583 0.057422 0.138889
2 37 0.740430 0.442014 0.099609 0.113194
2 38 0.797852 0.528819 0.098047 0.168750
2 41 0.348242 0.937847 0.286328 0.122917
2 45 0.825781 0.419792 0.063281 0.060417
2 47 0.910547 0.482986 0.105469 0.081250
2 48 0.667188 0.545139 0.086719 0.126389
2 50 0.284766 0.823264 0.249219 0.352083
2 52 0.386328 0.377431 0.041406 0.040972
2 53 0.225195 0.452778 0.116016 0.079167
2 54 0.174023 0.380903 0.084766 0.047917
2 56 0.042773 0.462847 0.085547 0.097917
2 57 0.031445 0.396181 0.062891 0.053472
2 18 0.544531 0.673958 0.185156 0.204861
