2 6 0.198047 0.379861 0.082031 0.068056
2 9 0.209570 0.401042 0.040234 0.077083
2 10 0.258789 0.394792 0.061328 0.036806
2 11 0.295312 0.373611 0.024219 0.068056
2 12 0.164258 0.425000 0.087109 0.062500
2 13 0.266797 0.586111 0.194531 0.183333
2 14 0.356641 0.573264 0.130469 0.096528
2 15 0.884570 0.647569 0.232422 0.168750
2 16 0.471094 0.437847 0.076563 0.057639
2 17 0.502344 0.808333 0.134375 0.319444
2 19 0.541602 0.387153 0.055078 0.070139
2 21 0.408398 0.489236 0.101172 0.078472
2 24 0.509180 0.393403 0.029297 0.075694
2 27 0.835938 0.406250 0.081250 0.076389
2 28 0.911328 0.445139 0.097656 0.052778
2 29 0.494922 0.548958 0.158594 0.189583
2 30 0.679102 0.538194 0.086328 0.102778
2 31 0.803516 0.828472 0.177344 0.341667
2 32 0.653906 0.467014 0.083594 0.117361
2 35 0.684961 0.400694 0.048828 0.065278
2 36 0.973047 0.582292 0.052344 0.092361
2 37 0.755469 0.443403 0.108594 0.110417
2 38 0.782617 0.500347 0.083203 0.152083
2 41 0.363672 0.838194 0.416406 0.322222
2 47 0.870508 0.475000 0.097266 0.081944
2 48 0.622266 0.544444 0.084375 0.108333
2 50 0.212109 0.817014 0.285156 0.361806
2 53 0.206836 0.461111 0.105859 0.063889
2 56 0.037109 0.476042 0.074219 0.089583
2 18 0.493359 0.656597 0.171875 0.190972
