2 6 0.206445 0.375347 0.080859 0.072917
2 9 0.214062 0.393750 0.036719 0.076389
2 10 0.259961 0.382639 0.064453 0.038889
2 11 0.300000 0.368750 0.024219 0.068056
2 12 0.169336 0.417361 0.086328 0.062500
2 13 0.277930 0.583333 0.189453 0.183333
2 14 0.361523 0.568750 0.134766 0.097222
2 15 0.889453 0.642708 0.219531 0.163194
2 16 0.477930 0.434722 0.076172 0.058333
2 17 0.513281 0.802431 0.137500 0.311806
2 19 0.546289 0.384375 0.055078 0.070139
2 21 0.415039 0.483333 0.102734 0.077778
2 24 0.514844 0.389236 0.029687 0.075694
2 27 0.855273 0.411111 0.079297 0.070833
2 28 0.918945 0.445486 0.099609 0.052083
2 29 0.504883 0.542708 0.159766 0.186806
2 30 0.687891 0.534722 0.090625 0.105556
2 31 0.837305 0.828819 0.212891 0.340972
2 32 0.653516 0.463194 0.088281 0.115278
2 35 0.687305 0.395833 0.052734 0.065278
2 36 0.984180 0.578472 0.030078 0.084722
2 37 0.757422 0.441319 0.109375 0.110417
2 38 0.790430 0.500000 0.078516 0.156944
2 41 0.356836 0.850694 0.418359 0.297222
2 47 0.881055 0.475000 0.100391 0.081944
2 48 0.631055 0.542361 0.084766 0.109722
2 50 0.241016 0.803125 0.235156 0.374306
2 53 0.214844 0.454861 0.108594 0.069444
2 56 0.039844 0.471875 0.079687 0.096528
2 57 0.030859 0.412153 0.061719 0.056250
2 18 0.504883 0.651389 0.176172 0.190278
