2 1 0.067773 0.626389 0.135547 0.213889
2 2 0.260156 0.766667 0.223438 0.344444
2 3 0.158203 0.923958 0.316406 0.150694
2 4 0.434766 0.940625 0.275000 0.118750
2 5 0.033008 0.349653 0.066016 0.050694
2 6 0.104102 0.365278 0.062109 0.077778
2 7 0.044336 0.386806 0.088672 0.041667
2 8 0.045898 0.417014 0.087109 0.042361
2 9 0.196484 0.374306 0.060937 0.059722
2 10 0.275781 0.362153 0.046875 0.046528
2 11 0.307422 0.355556 0.028906 0.044444
2 13 0.147656 0.515625 0.163281 0.109028
2 14 0.223242 0.504861 0.110547 0.084722
2 15 0.628711 0.603819 0.158984 0.147917
2 16 0.406836 0.428472 0.076953 0.048611
2 17 0.159766 0.630208 0.151562 0.197917
2 18 0.262500 0.565972 0.076563 0.120833
2 19 0.511914 0.393750 0.040234 0.062500
2 21 0.325195 0.451736 0.095703 0.061806
2 22 0.453711 0.842014 0.254297 0.274306
2 23 0.538867 0.397917 0.021484 0.063889
2 24 0.559766 0.407639 0.057031 0.063889
2 27 0.604688 0.409028 0.054688 0.070833
2 28 0.841992 0.476736 0.100391 0.043750
2 29 0.316406 0.496875 0.093750 0.153472
2 30 0.508594 0.515278 0.067969 0.086111
2 31 0.383789 0.598958 0.155078 0.235417
2 32 0.534570 0.644792 0.073047 0.235417
2 33 0.724023 0.870486 0.294922 0.257639
2 34 0.698047 0.429514 0.084375 0.059028
2 35 0.591992 0.451042 0.047266 0.093750
2 36 0.926172 0.802778 0.146094 0.254167
2 37 0.706641 0.468056 0.092188 0.116667
2 38 0.683203 0.504514 0.092969 0.139583
2 39 0.943555 0.521875 0.109766 0.086806
2 40 0.741016 0.672222 0.080469 0.159722
2 41 0.578125 0.518750 0.146094 0.138889
2 42 0.835352 0.705556 0.136328 0.233333
2 43 0.954102 0.709722 0.090234 0.316667
2 44 0.781836 0.804861 0.272266 0.312500
2 45 0.752539 0.451042 0.071484 0.045139
