2 6 0.224414 0.371181 0.086328 0.086806
2 9 0.143359 0.406250 0.041406 0.066667
2 12 0.083203 0.421181 0.084375 0.063194
2 13 0.249805 0.607639 0.220703 0.200000
2 14 0.344531 0.582639 0.149219 0.106944
2 15 0.884180 0.642014 0.230078 0.178472
2 16 0.448437 0.427083 0.060156 0.061111
2 17 0.516797 0.830208 0.172656 0.339583
2 19 0.506250 0.401389 0.043750 0.066667
2 21 0.384375 0.491319 0.109375 0.096528
2 23 0.837305 0.401736 0.076953 0.061806
2 24 0.477148 0.383681 0.024609 0.081250
2 26 0.106250 0.357639 0.063281 0.037500
2 27 0.866797 0.423264 0.085938 0.039583
2 28 0.859180 0.434028 0.092578 0.045833
2 29 0.505469 0.552083 0.159375 0.186111
2 30 0.667578 0.536458 0.096875 0.104861
2 31 0.894727 0.842708 0.209766 0.314583
2 32 0.556250 0.435417 0.080469 0.105556
2 34 0.690430 0.397917 0.081641 0.062500
2 35 0.589258 0.392014 0.079297 0.070139
2 36 0.877539 0.527431 0.141016 0.170139
2 37 0.658203 0.437500 0.085156 0.109722
2 38 0.730273 0.536458 0.068359 0.190972
2 45 0.754687 0.405208 0.064062 0.060417
2 46 0.966016 0.470139 0.066406 0.063889
2 48 0.613867 0.537847 0.082422 0.115972
2 50 0.167187 0.827778 0.307031 0.343056
2 52 0.323828 0.380556 0.042969 0.041667
2 53 0.150391 0.465972 0.129688 0.087500
2 54 0.088086 0.390625 0.089453 0.047917
2 55 0.181445 0.357986 0.064453 0.029861
2 18 0.496289 0.670833 0.184766 0.194444
