2 6 0.144727 0.396181 0.098047 0.063194
2 9 0.170313 0.415972 0.043750 0.080556
2 10 0.216211 0.399653 0.068359 0.028472
2 11 0.262891 0.388194 0.024219 0.068056
2 12 0.119141 0.442708 0.090625 0.061806
2 13 0.190820 0.609028 0.203516 0.187500
2 14 0.295898 0.588194 0.126172 0.098611
2 15 0.841406 0.661806 0.269531 0.181944
2 16 0.434180 0.449306 0.077734 0.055556
2 17 0.371875 0.796875 0.119531 0.367361
2 18 0.405273 0.649306 0.133203 0.150000
2 19 0.511523 0.400000 0.049609 0.069444
2 21 0.359961 0.498611 0.101172 0.076389
2 22 0.926172 0.954167 0.146094 0.090278
2 23 0.678711 0.419792 0.083984 0.068750
2 24 0.480859 0.405556 0.037500 0.069444
2 28 0.868555 0.451736 0.092578 0.042361
2 29 0.431836 0.556944 0.151953 0.180556
2 30 0.623242 0.547569 0.076172 0.104861
2 31 0.625391 0.820833 0.153906 0.356944
2 32 0.639844 0.498958 0.092188 0.143750
2 35 0.654492 0.411806 0.030859 0.070833
2 36 0.954297 0.653472 0.090625 0.183333
2 37 0.733398 0.448958 0.105859 0.110417
2 38 0.736328 0.500347 0.103906 0.142361
2 39 0.968945 0.486111 0.060547 0.059722
2 41 0.353516 0.809722 0.346094 0.379167
2 47 0.816016 0.480556 0.071875 0.079167
2 48 0.566211 0.553472 0.080859 0.108333
2 50 0.155273 0.843750 0.312109 0.311111
2 53 0.157617 0.476042 0.112109 0.065972
