2 2 0.535352 0.891667 0.307422 0.215278
2 6 0.070117 0.402083 0.086328 0.084722
2 9 0.141797 0.407986 0.050000 0.070139
2 10 0.209180 0.391667 0.052734 0.061111
2 11 0.248828 0.381597 0.024219 0.052083
2 12 0.095703 0.435069 0.084375 0.052083
2 13 0.102930 0.570833 0.189453 0.159722
2 14 0.204492 0.563194 0.123828 0.084722
2 15 0.684570 0.638194 0.193359 0.155556
2 16 0.383789 0.448958 0.080859 0.053472
2 17 0.185352 0.721528 0.130078 0.258333
2 18 0.275000 0.635417 0.091406 0.161111
2 22 0.682617 0.905208 0.297266 0.188194
2 23 0.516797 0.407292 0.060156 0.067361
2 24 0.459961 0.405903 0.065234 0.068750
2 27 0.586523 0.413889 0.029297 0.068056
2 28 0.819141 0.456250 0.087500 0.048611
2 29 0.331445 0.539583 0.098828 0.169444
2 31 0.363086 0.788194 0.230078 0.422222
2 32 0.575000 0.593750 0.060937 0.206944
2 33 0.865625 0.897917 0.267188 0.202778
2 34 0.657031 0.423264 0.070312 0.059028
2 35 0.605273 0.416319 0.041797 0.071528
2 36 0.908008 0.702778 0.182422 0.186111
2 37 0.695898 0.455903 0.046484 0.106250
2 38 0.629492 0.487153 0.123828 0.129861
2 39 0.916016 0.497569 0.090625 0.075694
2 40 0.820703 0.683333 0.099219 0.170833
2 41 0.468750 0.577431 0.137500 0.206250
2 44 0.868359 0.819792 0.262500 0.295139
2 45 0.728320 0.441319 0.068359 0.042361
2 47 0.734961 0.484028 0.058203 0.075000
2 51 0.963477 0.504167 0.071484 0.111111
