2 2 0.383203 0.846528 0.180469 0.305556
2 6 0.068945 0.372917 0.088672 0.076389
2 9 0.144336 0.379514 0.052734 0.068750
2 10 0.220117 0.365972 0.053516 0.055556
2 11 0.256445 0.358681 0.025391 0.047917
2 12 0.095312 0.403819 0.071094 0.043750
2 13 0.093945 0.543403 0.187891 0.134028
2 14 0.194922 0.535764 0.116406 0.089583
2 15 0.652539 0.616667 0.183203 0.161111
2 16 0.379688 0.430903 0.082031 0.053472
2 17 0.141016 0.687153 0.166406 0.236806
2 18 0.243945 0.602778 0.080859 0.148611
2 22 0.551953 0.892361 0.285938 0.213889
2 23 0.513281 0.398958 0.030469 0.068750
2 24 0.482617 0.401042 0.063672 0.067361
2 27 0.591602 0.409028 0.047266 0.062500
2 28 0.817969 0.460069 0.087500 0.052083
2 29 0.309180 0.513194 0.094141 0.155556
2 31 0.304297 0.743403 0.241406 0.390972
2 32 0.547070 0.621181 0.080859 0.229861
2 33 0.826367 0.894097 0.333984 0.210417
2 34 0.665039 0.422917 0.080859 0.066667
2 35 0.608398 0.411806 0.029297 0.073611
2 36 0.917578 0.756944 0.163281 0.212500
2 37 0.689453 0.453472 0.047656 0.105556
2 38 0.622461 0.481250 0.112891 0.131944
2 39 0.914258 0.501389 0.091797 0.077778
2 40 0.787500 0.680903 0.083594 0.161806
2 41 0.487109 0.548958 0.139844 0.188194
2 42 0.892773 0.710069 0.169922 0.235417
2 44 0.846680 0.832639 0.305078 0.327778
2 45 0.730273 0.440972 0.068359 0.045833
2 47 0.727539 0.483681 0.055859 0.079861
2 51 0.957031 0.513889 0.085938 0.112500
