2 6 0.072852 0.418750 0.086328 0.088889
2 9 0.143359 0.426042 0.051562 0.074306
2 10 0.204883 0.401042 0.055078 0.053472
2 11 0.245312 0.394792 0.024219 0.056250
2 12 0.095117 0.451736 0.089453 0.057639
2 13 0.100586 0.601042 0.171484 0.167361
2 14 0.223047 0.584375 0.122656 0.089583
2 15 0.727344 0.651389 0.219531 0.163889
2 16 0.393555 0.454861 0.079297 0.054167
2 17 0.230078 0.732986 0.134375 0.257639
2 18 0.308594 0.663542 0.110156 0.172917
2 19 0.484961 0.405556 0.043359 0.065278
2 22 0.759961 0.933333 0.388672 0.131944
2 23 0.553906 0.422569 0.067969 0.071528
2 24 0.459961 0.412153 0.057422 0.068750
2 28 0.832031 0.455903 0.089063 0.046528
2 29 0.347266 0.557639 0.128906 0.175000
2 30 0.555664 0.548264 0.071484 0.099306
2 31 0.423438 0.800694 0.237500 0.397222
2 32 0.606055 0.563889 0.056641 0.181944
2 33 0.901758 0.916319 0.194922 0.174306
2 34 0.658594 0.422222 0.067969 0.062500
2 35 0.607227 0.411111 0.054297 0.065278
2 36 0.911133 0.692361 0.176172 0.201389
2 37 0.712695 0.457986 0.054297 0.114583
2 38 0.651563 0.493056 0.127344 0.129167
2 39 0.935156 0.492708 0.089063 0.074306
2 41 0.430859 0.647917 0.187500 0.258333
2 44 0.902148 0.801042 0.194141 0.238194
2 45 0.738477 0.440625 0.068359 0.042361
2 47 0.753125 0.485764 0.071094 0.078472
2 50 0.069531 0.831944 0.139063 0.329167
2 51 0.980859 0.495833 0.036719 0.070833
