2 6 0.111719 0.398958 0.085156 0.072917
2 9 0.157812 0.420486 0.047656 0.079861
2 10 0.203906 0.401042 0.069531 0.034028
2 11 0.250391 0.393056 0.024219 0.069444
2 12 0.103125 0.448611 0.089063 0.059722
2 13 0.162695 0.602778 0.202734 0.179167
2 14 0.267383 0.587847 0.122266 0.096528
2 15 0.798242 0.654167 0.248047 0.180556
2 16 0.415039 0.450000 0.078516 0.054167
2 17 0.322461 0.786111 0.151953 0.380556
2 19 0.497852 0.403819 0.045703 0.065972
2 21 0.341602 0.502778 0.101172 0.076389
2 22 0.870703 0.929514 0.258594 0.139583
2 23 0.630273 0.422222 0.076953 0.065278
2 24 0.468750 0.409722 0.039062 0.068056
2 28 0.847070 0.455903 0.088672 0.045139
2 29 0.402930 0.556250 0.145703 0.180556
2 30 0.598633 0.546528 0.076953 0.101389
2 31 0.548438 0.804861 0.193750 0.352778
2 32 0.634180 0.512500 0.074609 0.138889
2 34 0.668750 0.423264 0.075781 0.063194
2 35 0.636914 0.415972 0.030078 0.072222
2 36 0.929883 0.646875 0.138672 0.195139
2 37 0.720313 0.453819 0.096875 0.110417
2 38 0.701758 0.495139 0.106641 0.138889
2 39 0.955664 0.492014 0.087891 0.070139
2 41 0.386719 0.762500 0.257031 0.361111
2 44 0.948242 0.766319 0.101953 0.157639
2 45 0.749219 0.441319 0.073438 0.042361
2 47 0.786523 0.484722 0.064453 0.077778
2 48 0.540820 0.553472 0.075391 0.106944
2 50 0.131055 0.837500 0.262109 0.323611
2 53 0.143359 0.478819 0.109375 0.063194
