2 6 0.239453 0.366667 0.080469 0.083333
2 9 0.226953 0.385417 0.040625 0.073611
2 10 0.277734 0.375000 0.052344 0.029167
2 11 0.312305 0.358333 0.023828 0.065278
2 12 0.182617 0.410417 0.082422 0.062500
2 13 0.294531 0.582639 0.195312 0.183333
2 14 0.381055 0.568056 0.133984 0.106944
2 15 0.905078 0.645833 0.189062 0.158333
2 16 0.491211 0.431250 0.074609 0.061111
2 17 0.519727 0.828819 0.178516 0.340972
2 19 0.559570 0.379514 0.047266 0.070139
2 21 0.430859 0.482986 0.106250 0.085417
2 23 0.834375 0.415972 0.075781 0.075000
2 24 0.535742 0.384375 0.032422 0.075694
2 26 0.197852 0.356250 0.048047 0.034722
2 27 0.938477 0.417014 0.080859 0.063194
2 28 0.945312 0.445139 0.105469 0.052778
2 29 0.527930 0.543750 0.166797 0.187500
2 30 0.708984 0.537153 0.091406 0.107639
2 31 0.885938 0.842014 0.226562 0.314583
2 32 0.641992 0.446181 0.086328 0.114583
2 34 0.761328 0.398958 0.072656 0.056250
2 35 0.686328 0.395833 0.067187 0.065278
2 36 0.980078 0.564931 0.038281 0.081250
2 37 0.758008 0.438194 0.105078 0.112500
2 38 0.802539 0.511111 0.091797 0.162500
2 41 0.323437 0.878819 0.400781 0.240972
2 47 0.905469 0.475694 0.106250 0.081944
2 48 0.654687 0.541667 0.085938 0.122222
2 50 0.241602 0.804514 0.247266 0.367361
2 53 0.229492 0.445833 0.112109 0.068056
2 54 0.180859 0.383681 0.077344 0.043750
2 56 0.046875 0.462847 0.093750 0.100694
2 57 0.037695 0.399306 0.075391 0.054167
2 18 0.528516 0.657292 0.183594 0.197917
