2 6 0.169141 0.391319 0.091406 0.068750
2 9 0.185547 0.408333 0.042188 0.079167
2 10 0.235352 0.389931 0.056641 0.034028
2 11 0.275391 0.380556 0.024219 0.068056
2 12 0.136719 0.432986 0.091406 0.057639
2 13 0.220312 0.599306 0.201563 0.186111
2 14 0.319922 0.581944 0.127344 0.100000
2 15 0.865430 0.663542 0.267578 0.186806
2 16 0.449219 0.446181 0.077344 0.056250
2 17 0.441602 0.809375 0.148047 0.379861
2 18 0.434375 0.651042 0.137500 0.165972
2 19 0.522852 0.394792 0.052734 0.070139
2 21 0.376758 0.495139 0.101172 0.076389
2 24 0.492578 0.401042 0.032031 0.074306
2 28 0.885938 0.451736 0.096875 0.043750
2 29 0.455078 0.553819 0.153906 0.181250
2 30 0.645117 0.545833 0.081641 0.102778
2 31 0.684180 0.825000 0.122266 0.350000
2 32 0.646289 0.489236 0.085547 0.127083
2 35 0.665234 0.411111 0.044531 0.069444
2 36 0.959180 0.645833 0.080078 0.177778
2 37 0.739453 0.448264 0.108594 0.110417
2 38 0.751953 0.497222 0.104688 0.140278
2 39 0.978320 0.484028 0.041797 0.054167
2 41 0.332617 0.827083 0.398047 0.344444
2 47 0.840039 0.480556 0.085547 0.079167
2 48 0.587891 0.550000 0.082031 0.108333
2 50 0.182031 0.829861 0.278906 0.323611
2 53 0.178320 0.470486 0.111328 0.068750
