2 6 0.135547 0.398264 0.094531 0.061806
2 9 0.165625 0.420486 0.044531 0.079861
2 10 0.213086 0.400694 0.063672 0.031944
2 11 0.257812 0.392361 0.024219 0.068056
2 12 0.112695 0.447222 0.091797 0.056944
2 13 0.181445 0.609028 0.201953 0.186111
2 14 0.286523 0.591319 0.122266 0.097917
2 15 0.827344 0.662153 0.262500 0.178472
2 16 0.426563 0.451042 0.078125 0.054861
2 17 0.353320 0.793403 0.126172 0.349306
2 18 0.392188 0.654861 0.127344 0.159722
2 19 0.505859 0.402083 0.047656 0.068056
2 21 0.353320 0.502083 0.101172 0.076389
2 22 0.905273 0.950000 0.187891 0.098611
2 23 0.658594 0.423611 0.078125 0.069444
2 24 0.477148 0.409028 0.037891 0.069444
2 28 0.861719 0.455208 0.091406 0.043750
2 29 0.421094 0.557292 0.150000 0.181250
2 30 0.614648 0.548958 0.076172 0.103472
2 31 0.598242 0.817708 0.166797 0.363194
2 32 0.634375 0.507292 0.096094 0.140972
2 35 0.649414 0.415278 0.028516 0.072222
2 36 0.949609 0.654861 0.099219 0.181944
2 37 0.728711 0.454514 0.104297 0.110417
2 38 0.722266 0.500000 0.107031 0.143056
2 39 0.963672 0.489236 0.071094 0.064583
2 41 0.365820 0.802431 0.309766 0.393750
2 44 0.966016 0.769097 0.066406 0.143750
2 47 0.807422 0.481250 0.070312 0.079167
2 48 0.557617 0.555556 0.080078 0.108333
2 50 0.147266 0.844097 0.298438 0.313194
2 53 0.150195 0.480903 0.112109 0.065972
