2 6 0.225391 0.367014 0.082031 0.074306
2 9 0.225195 0.386806 0.039453 0.075000
2 10 0.273438 0.375000 0.050781 0.033333
2 11 0.308398 0.360069 0.022266 0.067361
2 12 0.177930 0.409722 0.082422 0.062500
2 13 0.292578 0.579861 0.189844 0.183333
2 14 0.375977 0.566319 0.135547 0.100694
2 15 0.898438 0.647569 0.201563 0.159028
2 16 0.487305 0.432292 0.075391 0.059028
2 17 0.528125 0.817708 0.146094 0.320139
2 19 0.554492 0.381597 0.053516 0.070139
2 21 0.425391 0.480903 0.104688 0.078472
2 23 0.808789 0.422222 0.080078 0.070833
2 24 0.528320 0.387153 0.029297 0.075694
2 27 0.902930 0.412153 0.080078 0.065972
2 28 0.933789 0.446181 0.103516 0.052083
2 29 0.519141 0.542708 0.163281 0.186806
2 30 0.701367 0.536111 0.089453 0.108333
2 31 0.879297 0.835764 0.241406 0.327083
2 32 0.651172 0.450347 0.082031 0.111806
2 34 0.754297 0.398264 0.072656 0.056250
2 35 0.689258 0.395139 0.058984 0.068056
2 36 0.981445 0.569097 0.036328 0.074306
2 37 0.755664 0.437153 0.109766 0.109028
2 38 0.800195 0.503125 0.079297 0.159028
2 41 0.331055 0.871875 0.441016 0.254861
2 47 0.894141 0.477083 0.103125 0.081944
2 48 0.645898 0.541319 0.084766 0.111806
2 50 0.249219 0.798264 0.228125 0.375694
2 53 0.227148 0.447917 0.112109 0.068056
2 56 0.045312 0.463542 0.090625 0.096528
2 57 0.036328 0.402431 0.072656 0.059028
2 18 0.519531 0.654167 0.181250 0.194444
