2 6 0.098633 0.402778 0.077734 0.070833
2 9 0.154688 0.423611 0.047656 0.075000
2 10 0.203516 0.401736 0.061719 0.035417
2 11 0.248047 0.395139 0.024219 0.070833
2 12 0.100977 0.447569 0.088672 0.063194
2 13 0.154688 0.601042 0.200000 0.172917
2 14 0.260742 0.589236 0.122266 0.095139
2 15 0.782617 0.652431 0.237891 0.172917
2 16 0.411328 0.451736 0.078906 0.053472
2 17 0.312695 0.780208 0.151172 0.364583
2 19 0.493750 0.405556 0.044531 0.065278
2 21 0.336523 0.503472 0.101172 0.076389
2 22 0.852344 0.925694 0.293750 0.147222
2 23 0.617578 0.422569 0.074219 0.063194
2 24 0.465820 0.411458 0.041016 0.068750
2 28 0.841992 0.456944 0.091016 0.044444
2 29 0.394141 0.554167 0.143750 0.177778
2 30 0.591211 0.546181 0.076172 0.097917
2 31 0.528320 0.794792 0.209766 0.340972
2 32 0.631445 0.524306 0.072266 0.152778
2 34 0.665625 0.423958 0.071875 0.063194
2 35 0.632617 0.417014 0.031641 0.071528
2 36 0.925195 0.650694 0.148047 0.187500
2 37 0.717187 0.454514 0.092188 0.110417
2 38 0.695117 0.493750 0.106641 0.133333
2 39 0.949609 0.492361 0.089063 0.070833
2 41 0.404102 0.736806 0.221484 0.333333
2 44 0.940234 0.765972 0.117969 0.158333
2 45 0.745313 0.443403 0.072656 0.042361
2 47 0.776563 0.482292 0.065625 0.077083
2 48 0.533008 0.554514 0.072266 0.104861
2 50 0.123633 0.836458 0.247266 0.325694
2 51 0.981836 0.505208 0.034766 0.093750
