2 6 0.087695 0.413889 0.083984 0.084722
2 9 0.149219 0.428819 0.050000 0.074306
2 10 0.204492 0.403125 0.056641 0.043750
2 11 0.248047 0.400000 0.024219 0.066667
2 12 0.096484 0.453819 0.088281 0.063194
2 13 0.140039 0.607292 0.196484 0.172917
2 14 0.246680 0.592014 0.122266 0.093750
2 15 0.766797 0.655208 0.237500 0.170139
2 16 0.406445 0.456597 0.079297 0.052083
2 17 0.275000 0.769444 0.138281 0.333333
2 18 0.342578 0.668403 0.103125 0.175694
2 19 0.488086 0.410417 0.043359 0.065278
2 21 0.326367 0.506944 0.101172 0.079167
2 22 0.829297 0.928472 0.339844 0.141667
2 23 0.590039 0.429167 0.063672 0.065278
2 24 0.462305 0.415625 0.046484 0.068750
2 28 0.835547 0.460764 0.089063 0.043750
2 29 0.376758 0.568403 0.141797 0.188194
2 30 0.580664 0.553125 0.078516 0.099306
2 31 0.487891 0.798264 0.232031 0.377083
2 32 0.625000 0.535764 0.058594 0.153472
2 33 0.930664 0.917361 0.137109 0.163889
2 34 0.661719 0.427431 0.071875 0.064583
2 35 0.624023 0.420139 0.034766 0.070833
2 36 0.908984 0.666319 0.180469 0.178472
2 37 0.716992 0.463194 0.076172 0.112500
2 38 0.683398 0.497917 0.108984 0.129167
2 39 0.942773 0.495486 0.091016 0.065972
2 41 0.414258 0.712153 0.201953 0.303472
2 44 0.926367 0.783681 0.145703 0.185417
2 45 0.743164 0.446181 0.068359 0.042361
2 47 0.767969 0.487500 0.067187 0.080556
2 48 0.522266 0.560764 0.066406 0.103472
2 50 0.107227 0.841319 0.214453 0.315972
2 51 0.979297 0.501389 0.039844 0.069444
