2 1 0.070898 0.632292 0.141797 0.221528
2 2 0.238086 0.767361 0.239453 0.344444
2 3 0.147070 0.920833 0.294141 0.156944
2 4 0.399414 0.937847 0.296484 0.122917
2 5 0.035352 0.350694 0.070703 0.052778
2 6 0.102539 0.369444 0.058984 0.080556
2 7 0.044141 0.388889 0.088281 0.041667
2 8 0.042969 0.414931 0.082031 0.038194
2 9 0.193359 0.375694 0.060937 0.059722
2 10 0.275391 0.362847 0.046875 0.046528
2 11 0.305078 0.356597 0.030469 0.043750
2 13 0.141406 0.515278 0.163281 0.109722
2 14 0.216406 0.505903 0.114844 0.086806
2 15 0.619922 0.600347 0.157812 0.138194
2 16 0.403906 0.429861 0.076563 0.048611
2 17 0.151562 0.629861 0.153906 0.198611
2 18 0.256055 0.565278 0.078516 0.120833
2 19 0.509570 0.393750 0.040234 0.062500
2 21 0.321484 0.452431 0.095312 0.060417
2 22 0.436719 0.834722 0.249219 0.262500
2 23 0.536719 0.399306 0.022656 0.066667
2 24 0.558984 0.413194 0.057031 0.063889
2 27 0.603516 0.410764 0.054688 0.068750
2 28 0.837695 0.476736 0.101953 0.043750
2 29 0.310156 0.498611 0.092188 0.154167
2 30 0.502539 0.514583 0.068359 0.086111
2 31 0.386914 0.592708 0.142578 0.234028
2 32 0.522461 0.654514 0.074609 0.239583
2 33 0.705273 0.870139 0.308984 0.258333
2 34 0.698242 0.430208 0.083984 0.059028
2 35 0.584961 0.453819 0.051172 0.095139
2 36 0.924219 0.802083 0.150000 0.252778
2 37 0.706055 0.470833 0.096484 0.115278
2 38 0.681445 0.505208 0.092578 0.136806
2 39 0.939453 0.522222 0.110156 0.086111
2 40 0.730469 0.671528 0.080469 0.159722
2 41 0.577344 0.518750 0.147656 0.138889
2 42 0.825391 0.704167 0.133594 0.222222
2 43 0.947461 0.702083 0.103516 0.311111
2 44 0.768750 0.800694 0.265625 0.313889
2 45 0.748633 0.451042 0.070703 0.043750
