2 6 0.158398 0.394444 0.093359 0.069444
2 9 0.176367 0.409722 0.039453 0.081944
2 10 0.224414 0.394792 0.067578 0.031250
2 11 0.268359 0.384028 0.024219 0.068056
2 12 0.127344 0.439931 0.090625 0.061806
2 13 0.204492 0.603472 0.203516 0.187500
2 14 0.307812 0.585069 0.127344 0.099306
2 15 0.856445 0.662847 0.272266 0.185417
2 16 0.441992 0.447222 0.077734 0.055556
2 18 0.418359 0.648611 0.133594 0.154167
2 19 0.516602 0.396875 0.051172 0.070139
2 21 0.367773 0.493750 0.101172 0.076389
2 22 0.946094 0.960417 0.106250 0.077778
2 24 0.485742 0.403125 0.033203 0.072917
2 28 0.876758 0.451389 0.094922 0.043056
2 29 0.443359 0.555556 0.153125 0.180556
2 30 0.633789 0.545486 0.077734 0.104861
2 31 0.652734 0.822222 0.135156 0.352778
2 32 0.644141 0.498958 0.090625 0.140972
2 35 0.658203 0.410417 0.039844 0.070833
2 36 0.961719 0.648264 0.075000 0.181250
2 37 0.735156 0.449653 0.108594 0.110417
2 38 0.743750 0.497222 0.105469 0.140278
2 39 0.973047 0.485764 0.052344 0.057639
2 41 0.347656 0.822917 0.353906 0.354167
2 47 0.827930 0.479167 0.076172 0.079167
2 48 0.576367 0.551389 0.081641 0.108333
2 50 0.170898 0.840972 0.299609 0.320833
2 53 0.168750 0.470486 0.110937 0.064583
