2 6 0.246094 0.365278 0.082812 0.087500
2 9 0.228516 0.384028 0.046875 0.070833
2 11 0.314258 0.356250 0.023828 0.065278
2 12 0.183789 0.407292 0.076172 0.059028
2 13 0.296289 0.581250 0.198047 0.183333
2 14 0.373242 0.567014 0.158203 0.104861
2 15 0.906445 0.646875 0.186328 0.160417
2 16 0.492969 0.430208 0.074219 0.061806
2 17 0.524023 0.825347 0.192578 0.347917
2 19 0.560937 0.379167 0.042969 0.069444
2 21 0.434375 0.483333 0.106250 0.087500
2 23 0.846289 0.416319 0.083203 0.075694
2 24 0.536719 0.383681 0.032813 0.075694
2 26 0.200000 0.350000 0.049219 0.037500
2 27 0.951758 0.421528 0.088672 0.052778
2 28 0.947266 0.444444 0.103906 0.052778
2 29 0.531836 0.543056 0.168359 0.187500
2 30 0.712305 0.536806 0.094141 0.108333
2 31 0.893359 0.845833 0.212500 0.306944
2 32 0.639844 0.440278 0.082812 0.109722
2 34 0.765625 0.396181 0.072656 0.056250
2 35 0.683984 0.397222 0.073438 0.065278
2 36 0.980078 0.547222 0.038281 0.073611
2 37 0.756250 0.436458 0.102344 0.110417
2 38 0.805469 0.518403 0.089844 0.174306
2 41 0.317188 0.880208 0.406250 0.238194
2 47 0.909766 0.473611 0.107031 0.081944
2 48 0.659766 0.540278 0.085156 0.125000
2 50 0.259375 0.805903 0.238281 0.367361
2 53 0.230273 0.443750 0.112109 0.068056
2 54 0.183594 0.380208 0.077344 0.043750
2 56 0.047656 0.457292 0.095312 0.097917
2 57 0.038477 0.396528 0.076953 0.054167
2 18 0.532422 0.656597 0.183594 0.197917
