2 2 0.361914 0.824653 0.141797 0.349306
2 6 0.070312 0.367014 0.086719 0.085417
2 9 0.158008 0.370833 0.055859 0.066667
2 10 0.234180 0.357639 0.053516 0.052778
2 11 0.267383 0.353125 0.025391 0.042361
2 13 0.105859 0.534722 0.191406 0.125000
2 14 0.205859 0.523264 0.117969 0.089583
2 15 0.648047 0.611111 0.182812 0.159722
2 16 0.385742 0.426736 0.080859 0.052083
2 17 0.144531 0.665972 0.162500 0.222222
2 18 0.244336 0.588542 0.077734 0.139583
2 19 0.487891 0.384722 0.042188 0.059722
2 21 0.301367 0.454167 0.105078 0.061111
2 22 0.523828 0.880208 0.265625 0.235417
2 24 0.502148 0.398958 0.063672 0.067361
2 27 0.596680 0.398264 0.069141 0.068750
2 28 0.822656 0.460069 0.090625 0.049306
2 29 0.306445 0.503472 0.096484 0.155556
2 31 0.310352 0.707292 0.239453 0.365972
2 32 0.546680 0.635417 0.091797 0.237500
2 33 0.804102 0.888889 0.326953 0.220833
2 34 0.674805 0.420486 0.082422 0.063194
2 35 0.610156 0.416319 0.032031 0.077083
2 36 0.932227 0.771875 0.133984 0.220139
2 37 0.691406 0.455556 0.054688 0.113889
2 38 0.624414 0.479167 0.109766 0.131944
2 39 0.923438 0.504861 0.096875 0.080556
2 40 0.777930 0.677431 0.079297 0.161806
2 41 0.505664 0.532639 0.144141 0.170833
2 42 0.881641 0.712500 0.161719 0.248611
2 44 0.840234 0.826042 0.317969 0.325694
2 45 0.737695 0.438889 0.068359 0.047222
2 47 0.729883 0.481944 0.055078 0.077778
2 51 0.961133 0.512500 0.076172 0.101389
