2 2 0.338672 0.812847 0.130469 0.384028
2 6 0.082422 0.360069 0.083594 0.081250
2 7 0.024023 0.379167 0.048047 0.048611
2 9 0.170117 0.364236 0.053516 0.061806
2 10 0.247852 0.354167 0.053516 0.052778
2 11 0.280273 0.348958 0.027734 0.042361
2 13 0.122852 0.520833 0.185547 0.115278
2 14 0.208594 0.510764 0.125781 0.089583
2 15 0.651758 0.609722 0.177734 0.163889
2 16 0.394336 0.422917 0.080078 0.051389
2 17 0.153711 0.648611 0.160547 0.216667
2 18 0.253320 0.579514 0.076953 0.138194
2 19 0.496680 0.381944 0.041797 0.059722
2 21 0.309766 0.450000 0.102344 0.061111
2 22 0.512891 0.871528 0.261719 0.255556
2 24 0.519922 0.399306 0.063281 0.072222
2 27 0.599219 0.398611 0.053125 0.066667
2 28 0.830469 0.462153 0.096875 0.049306
2 29 0.311914 0.493403 0.098828 0.152083
2 31 0.326172 0.671528 0.228906 0.313889
2 32 0.545898 0.635417 0.091016 0.243056
2 33 0.792383 0.877083 0.328516 0.244444
2 34 0.682227 0.420486 0.083984 0.060417
2 35 0.610938 0.420833 0.038281 0.081944
2 36 0.933789 0.779167 0.130859 0.213889
2 37 0.702148 0.456250 0.050391 0.106944
2 38 0.637891 0.483333 0.112500 0.133333
2 39 0.934570 0.508333 0.105078 0.083333
2 40 0.775391 0.676042 0.081250 0.165972
2 41 0.530078 0.520486 0.137500 0.164583
2 42 0.875586 0.708333 0.157422 0.247222
2 44 0.833203 0.823264 0.310937 0.321528
2 45 0.744336 0.439931 0.068359 0.046528
2 47 0.735352 0.480903 0.055859 0.078472
2 51 0.970508 0.509028 0.057422 0.088889
