2 1 0.069727 0.631250 0.139453 0.216667
2 2 0.219922 0.764931 0.246875 0.339583
2 3 0.134961 0.918056 0.269922 0.162500
2 4 0.364258 0.933681 0.337891 0.131250
2 5 0.034766 0.352778 0.069531 0.052778
2 6 0.097656 0.370833 0.054688 0.080556
2 7 0.043164 0.392014 0.086328 0.043750
2 8 0.038672 0.413889 0.075781 0.036111
2 9 0.188477 0.377778 0.060547 0.059722
2 10 0.272266 0.365625 0.046875 0.046528
2 11 0.301758 0.357292 0.031641 0.040972
2 13 0.134570 0.513194 0.162109 0.106944
2 14 0.206250 0.507292 0.117969 0.086806
2 15 0.608008 0.601736 0.162109 0.145139
2 16 0.399023 0.431597 0.076172 0.047917
2 17 0.143359 0.628819 0.156250 0.199306
2 18 0.249023 0.564583 0.080859 0.120833
2 19 0.506055 0.395833 0.040234 0.062500
2 21 0.316797 0.452083 0.095312 0.059722
2 22 0.420117 0.826389 0.244922 0.251389
2 23 0.534375 0.402083 0.024219 0.069444
2 24 0.559180 0.415278 0.053516 0.065278
2 25 0.981836 0.544444 0.034766 0.138889
2 27 0.601172 0.414583 0.056250 0.066667
2 28 0.832422 0.476736 0.101562 0.043750
2 29 0.300781 0.497569 0.098437 0.154861
2 30 0.495898 0.514583 0.067578 0.086111
2 31 0.389062 0.588542 0.133594 0.227083
2 32 0.508594 0.657986 0.072656 0.236806
2 33 0.686914 0.866319 0.302734 0.265972
2 34 0.698047 0.432292 0.082812 0.059028
2 35 0.576562 0.459375 0.058594 0.100694
2 36 0.922852 0.793403 0.152734 0.253472
2 37 0.703711 0.472917 0.098828 0.115278
2 38 0.679688 0.505556 0.092188 0.134722
2 39 0.931055 0.518750 0.106641 0.083333
2 40 0.720703 0.670486 0.078125 0.160417
2 41 0.578125 0.520139 0.147656 0.138889
2 42 0.816406 0.707639 0.134375 0.225000
2 43 0.938086 0.698264 0.111328 0.307639
2 44 0.757812 0.795139 0.265625 0.312500
2 45 0.743750 0.451389 0.070312 0.043056
