2 6 0.255469 0.364931 0.084375 0.085417
2 9 0.205078 0.394097 0.046875 0.063194
2 11 0.290820 0.352083 0.023828 0.065278
2 12 0.150391 0.411111 0.082812 0.062500
2 13 0.295898 0.600000 0.211328 0.193056
2 14 0.387109 0.581250 0.145313 0.106944
2 15 0.909180 0.653125 0.180078 0.160417
2 16 0.487109 0.427083 0.068750 0.061111
2 17 0.555664 0.833681 0.176172 0.331250
2 19 0.548242 0.382292 0.030859 0.084028
2 21 0.427930 0.490972 0.108203 0.095833
2 23 0.873047 0.418403 0.086719 0.074306
2 24 0.525195 0.385417 0.033203 0.079167
2 26 0.170313 0.350347 0.054688 0.035417
2 27 0.939844 0.437153 0.085938 0.043750
2 28 0.923047 0.447569 0.103125 0.050694
2 29 0.539453 0.554167 0.177344 0.188889
2 30 0.715430 0.545139 0.101172 0.112500
2 31 0.919531 0.855208 0.160156 0.289583
2 32 0.607617 0.442361 0.063672 0.102778
2 34 0.741016 0.405556 0.083594 0.062500
2 35 0.648633 0.399653 0.081641 0.075694
2 36 0.949609 0.556250 0.099219 0.145833
2 37 0.717383 0.442014 0.095703 0.113194
2 38 0.770312 0.540278 0.112500 0.188889
2 45 0.806250 0.417014 0.063281 0.060417
2 47 0.889453 0.482639 0.099219 0.084722
2 48 0.649219 0.542708 0.085156 0.122917
2 50 0.255664 0.824653 0.251953 0.349306
2 52 0.369727 0.377778 0.042578 0.041667
2 53 0.207813 0.453472 0.118750 0.079167
2 54 0.153320 0.381597 0.085547 0.047917
2 56 0.030859 0.457292 0.061719 0.088194
2 18 0.538672 0.673264 0.185938 0.203472
