2 6 0.088086 0.412500 0.073828 0.073611
2 9 0.150977 0.428125 0.048828 0.074306
2 10 0.204297 0.401042 0.057031 0.039583
2 11 0.247656 0.397222 0.024219 0.069444
2 12 0.097852 0.452778 0.088672 0.063889
2 13 0.147070 0.604514 0.197266 0.172917
2 14 0.253320 0.590972 0.122266 0.094444
2 15 0.769531 0.651736 0.228125 0.164583
2 16 0.408789 0.454167 0.079297 0.052778
2 17 0.291211 0.776042 0.146484 0.356250
2 18 0.345117 0.663889 0.101172 0.168056
2 19 0.491211 0.407639 0.044141 0.065278
2 21 0.331055 0.505556 0.101172 0.076389
2 22 0.840234 0.926736 0.317969 0.145139
2 23 0.606641 0.425694 0.073438 0.065278
2 24 0.463086 0.414236 0.044141 0.068750
2 28 0.838281 0.458333 0.089844 0.044444
2 29 0.384375 0.563542 0.144531 0.182639
2 30 0.586719 0.549306 0.079687 0.101389
2 31 0.510352 0.797569 0.217578 0.338194
2 32 0.628906 0.530556 0.060156 0.156944
2 34 0.663477 0.425347 0.072266 0.064583
2 35 0.628320 0.419097 0.033203 0.071528
2 36 0.917383 0.657292 0.163672 0.182639
2 37 0.715625 0.458681 0.084375 0.111806
2 38 0.690039 0.496528 0.106641 0.129167
2 39 0.945312 0.493403 0.091406 0.068750
2 41 0.409766 0.723264 0.218750 0.314583
2 44 0.932813 0.769097 0.132812 0.165972
2 45 0.743945 0.444792 0.068359 0.042361
2 47 0.769727 0.487500 0.067578 0.088889
2 48 0.527344 0.558333 0.068750 0.102778
2 50 0.115820 0.839583 0.231641 0.320833
2 51 0.978516 0.506944 0.041406 0.093056
