2 2 0.580859 0.911111 0.316406 0.177778
2 6 0.073438 0.407292 0.091406 0.084028
2 9 0.144141 0.410764 0.050000 0.070139
2 10 0.208789 0.395139 0.052734 0.061111
2 11 0.247266 0.386458 0.024219 0.052083
2 12 0.095898 0.439583 0.083203 0.054167
2 13 0.106055 0.574653 0.181641 0.167361
2 14 0.210547 0.570139 0.123438 0.086111
2 15 0.694727 0.640625 0.198828 0.163194
2 16 0.386719 0.448958 0.079687 0.054861
2 17 0.194727 0.723958 0.128516 0.270139
2 18 0.287500 0.639931 0.100000 0.160417
2 20 0.482227 0.399653 0.043359 0.071528
2 22 0.704297 0.907639 0.327344 0.183333
2 23 0.526563 0.409375 0.067969 0.061806
2 24 0.458594 0.407292 0.061719 0.068750
2 28 0.823438 0.454861 0.088281 0.048611
2 29 0.338867 0.546181 0.105078 0.179861
2 31 0.393164 0.790278 0.208203 0.418056
2 32 0.582031 0.574306 0.059375 0.186111
2 33 0.873437 0.900347 0.251563 0.199306
2 34 0.657031 0.422569 0.070312 0.059028
2 35 0.604297 0.407639 0.047656 0.063889
2 36 0.905664 0.697569 0.187109 0.193750
2 37 0.700586 0.454167 0.048047 0.109722
2 38 0.636914 0.488194 0.123828 0.129167
2 39 0.920898 0.495833 0.087891 0.075000
2 40 0.835742 0.678125 0.094141 0.165972
2 41 0.463867 0.590972 0.146484 0.208333
2 44 0.878906 0.807639 0.240625 0.268056
2 45 0.731836 0.440625 0.068359 0.042361
2 47 0.742188 0.484375 0.057813 0.074306
2 51 0.966797 0.505556 0.064844 0.106944
