2 0.398828 0.264236 0.176563 0.204861
2 0.060547 0.324306 0.110156 0.119444
2 0.062500 0.226736 0.125781 0.163194
2 0.740039 0.390625 0.134766 0.227083
2 0.127344 0.215972 0.050000 0.136111
2 0.474414 0.253819 0.107422 0.154861
2 0.294141 0.210417 0.107031 0.159722
2 0.332422 0.221181 0.138281 0.179861
2 0.294336 0.262847 0.120703 0.140972
2 0.663867 0.906250 0.312891 0.187500
2 0.744336 0.799653 0.384766 0.400694
2 0.550781 0.280208 0.153906 0.168750
2 0.619141 0.293403 0.131250 0.171528
2 0.670117 0.310764 0.130078 0.203472
2 0.755273 0.335764 0.142578 0.174306
2 0.537891 0.327778 0.153125 0.184722
2 0.908594 0.368403 0.126562 0.284028
2 0.866602 0.359722 0.134766 0.215278
2 0.520898 0.727778 0.137891 0.476389
2 0.796289 0.748264 0.392578 0.440972
2 0.319336 0.875694 0.170703 0.248611
2 0.314844 0.552083 0.195312 0.359722
2 0.964258 0.528125 0.070703 0.165972
