2 0.211328 0.232292 0.182031 0.193750
2 0.078906 0.275694 0.103906 0.118056
2 0.058203 0.191319 0.114844 0.171528
2 0.414258 0.592708 0.097266 0.364583
2 0.140625 0.169097 0.065625 0.136806
2 0.418945 0.220486 0.133984 0.157639
2 0.301758 0.163542 0.110547 0.165972
2 0.349414 0.172569 0.146484 0.190972
2 0.342578 0.211806 0.122656 0.140278
2 0.606250 0.836806 0.340625 0.325000
2 0.779297 0.768403 0.440625 0.461806
2 0.474805 0.280556 0.151172 0.194444
2 0.633594 0.241319 0.128906 0.167361
2 0.693945 0.263889 0.129297 0.206944
2 0.784375 0.279167 0.161719 0.190278
2 0.608984 0.311806 0.132812 0.208333
2 0.923633 0.303472 0.151953 0.279167
2 0.846875 0.292708 0.108594 0.306250
2 0.586133 0.562847 0.201953 0.377083
2 0.823633 0.726042 0.355859 0.443750
2 0.295117 0.848958 0.159766 0.300694
