2 0.364648 0.432986 0.184766 0.204861
2 0.036133 0.493056 0.072266 0.120833
2 0.043164 0.396181 0.086328 0.147917
2 0.718359 0.533333 0.121875 0.247222
2 0.109961 0.375000 0.087109 0.133333
2 0.254492 0.380208 0.108203 0.163194
2 0.293359 0.388194 0.139844 0.179167
2 0.216406 0.426042 0.108594 0.139583
2 0.684180 0.894792 0.366016 0.209028
2 0.521289 0.449653 0.158203 0.170139
2 0.574805 0.457986 0.128516 0.170139
2 0.626563 0.477431 0.129688 0.196528
2 0.710938 0.495486 0.144531 0.165972
2 0.494141 0.494097 0.152344 0.184028
2 0.857812 0.525694 0.117969 0.256944
2 0.811914 0.522917 0.120703 0.209722
2 0.491406 0.830556 0.110156 0.341667
2 0.749023 0.878819 0.361328 0.240972
2 0.324609 0.905208 0.129688 0.189583
2 0.456250 0.762500 0.310156 0.336111
2 0.918359 0.709375 0.162500 0.277083
