2 0.162305 0.269792 0.201953 0.184028
2 0.071484 0.298611 0.105469 0.115278
2 0.053711 0.218750 0.105859 0.158333
2 0.390234 0.751042 0.310937 0.367361
2 0.140820 0.198264 0.049609 0.140972
2 0.315234 0.250000 0.142187 0.163889
2 0.290625 0.196181 0.110937 0.171528
2 0.340430 0.200000 0.143359 0.188889
2 0.428906 0.251736 0.117969 0.142361
2 0.589258 0.871875 0.302734 0.254861
2 0.780859 0.800694 0.437500 0.397222
2 0.471875 0.312847 0.159375 0.186806
2 0.624219 0.269097 0.128906 0.167361
2 0.684961 0.296875 0.129297 0.203472
2 0.764453 0.321875 0.146875 0.178472
2 0.970313 0.594792 0.058594 0.249306
2 0.600000 0.347917 0.127344 0.202778
2 0.907227 0.333333 0.183203 0.262500
2 0.786133 0.372569 0.134766 0.209028
2 0.544922 0.582639 0.256250 0.362500
2 0.803320 0.709028 0.370703 0.505556
2 0.313281 0.911458 0.119531 0.175694
