2 0.207227 0.246181 0.191016 0.193750
2 0.075977 0.286806 0.106641 0.116667
2 0.056250 0.201736 0.110937 0.165972
2 0.404492 0.641319 0.119922 0.378472
2 0.138477 0.181250 0.062109 0.138889
2 0.393750 0.235764 0.125781 0.154861
2 0.298633 0.178125 0.112109 0.168750
2 0.347461 0.185764 0.145703 0.190972
2 0.350586 0.227083 0.116016 0.137500
2 0.597852 0.849306 0.323828 0.300000
2 0.775000 0.781944 0.448437 0.437500
2 0.474023 0.294097 0.156641 0.189583
2 0.630469 0.253819 0.128906 0.167361
2 0.691211 0.276389 0.127734 0.205556
2 0.771484 0.295833 0.154688 0.183333
2 0.975391 0.568750 0.047656 0.243056
2 0.597070 0.327083 0.147266 0.208333
2 0.920703 0.320833 0.157031 0.276389
2 0.835352 0.325694 0.096484 0.269444
2 0.550977 0.563542 0.208203 0.363194
2 0.821094 0.738542 0.357031 0.454861
2 0.308008 0.859375 0.140234 0.279861
