2 0.397852 0.260417 0.171484 0.184722
2 0.062891 0.313542 0.110156 0.121528
2 0.062695 0.221528 0.127734 0.159722
2 0.733594 0.402778 0.149219 0.231944
2 0.128125 0.201042 0.050781 0.136806
2 0.472266 0.240278 0.104688 0.161111
2 0.293359 0.198264 0.106250 0.159028
2 0.334961 0.208333 0.137891 0.179167
2 0.300977 0.254167 0.119922 0.148611
2 0.670117 0.901042 0.327734 0.196528
2 0.755078 0.795833 0.406250 0.406944
2 0.542969 0.275000 0.146875 0.173611
2 0.623047 0.281597 0.131250 0.170139
2 0.672852 0.302083 0.130078 0.205556
2 0.759375 0.322569 0.145313 0.171528
2 0.549023 0.320139 0.149609 0.183333
2 0.911133 0.354861 0.123828 0.280556
2 0.869141 0.350694 0.135937 0.216667
2 0.533398 0.684375 0.134766 0.436806
2 0.801172 0.754514 0.397656 0.438194
2 0.331445 0.879861 0.195703 0.238889
2 0.287109 0.530556 0.185938 0.366667
2 0.968555 0.523958 0.062109 0.164583
