2 0.394141 0.290625 0.171875 0.217361
2 0.054883 0.353819 0.107422 0.118750
2 0.060156 0.260069 0.120313 0.160417
2 0.741016 0.406944 0.130469 0.238889
2 0.124805 0.242361 0.040234 0.138889
2 0.463086 0.284722 0.107422 0.156944
2 0.288867 0.243056 0.108203 0.163889
2 0.326367 0.251042 0.138672 0.185417
2 0.280469 0.292014 0.119531 0.140972
2 0.649414 0.917708 0.295703 0.163194
2 0.733398 0.813889 0.380078 0.370833
2 0.548242 0.309375 0.154297 0.168750
2 0.611719 0.320486 0.131250 0.171528
2 0.661914 0.340278 0.130078 0.202778
2 0.744727 0.362847 0.138672 0.175694
2 0.525000 0.355556 0.155469 0.188889
2 0.898828 0.398264 0.124219 0.279861
2 0.856445 0.388889 0.134766 0.209722
2 0.512500 0.755903 0.135156 0.479861
2 0.788281 0.771875 0.394531 0.420139
2 0.316797 0.876736 0.151562 0.245139
2 0.356055 0.595139 0.227734 0.347222
2 0.955859 0.570833 0.087500 0.208333
