2 0.399414 0.130208 0.160547 0.225694
2 0.087695 0.192014 0.108984 0.120139
2 0.068164 0.110417 0.136328 0.184722
2 0.597852 0.355903 0.199609 0.261806
2 0.149414 0.082639 0.063672 0.138889
2 0.319531 0.086111 0.103125 0.170833
2 0.361523 0.092708 0.135547 0.182639
2 0.330469 0.138542 0.110937 0.154861
2 0.640625 0.821875 0.371875 0.354861
2 0.791211 0.742708 0.416016 0.513194
2 0.501367 0.190625 0.101953 0.200694
2 0.653906 0.162847 0.131250 0.171528
2 0.713672 0.184028 0.129688 0.209722
2 0.794727 0.208333 0.148828 0.187500
2 0.621484 0.234722 0.119531 0.212500
2 0.934180 0.237153 0.130078 0.281250
2 0.909766 0.230556 0.149219 0.233333
2 0.606250 0.549653 0.121094 0.434028
2 0.827539 0.650347 0.344141 0.439583
2 0.326758 0.823611 0.133203 0.352778
2 0.139648 0.323958 0.178516 0.284028
