2 0.340430 0.134028 0.180078 0.193056
2 0.087305 0.190972 0.101953 0.115278
2 0.060742 0.108681 0.121484 0.178472
2 0.478516 0.415625 0.157031 0.311806
2 0.144141 0.081944 0.063281 0.141667
2 0.459961 0.123958 0.079297 0.185417
2 0.304102 0.085069 0.108203 0.170139
2 0.358203 0.093750 0.152344 0.187500
2 0.637891 0.805903 0.371094 0.386806
2 0.783594 0.730903 0.432031 0.539583
2 0.484180 0.188194 0.117578 0.202778
2 0.651953 0.157639 0.130469 0.170833
2 0.703906 0.183681 0.129688 0.213194
2 0.803906 0.195833 0.182812 0.198611
2 0.623828 0.231250 0.120313 0.212500
2 0.928125 0.231944 0.142187 0.276389
2 0.904492 0.221875 0.151172 0.240972
2 0.618164 0.535069 0.169922 0.390972
2 0.834961 0.618403 0.326953 0.474306
2 0.303125 0.811806 0.164844 0.375000
2 0.064062 0.280208 0.127344 0.238194
