2 0.372461 0.404514 0.185547 0.207639
2 0.039453 0.464236 0.078906 0.118750
2 0.045703 0.368056 0.090625 0.148611
2 0.725781 0.506944 0.121875 0.247222
2 0.115039 0.349653 0.083984 0.134028
2 0.261523 0.352431 0.107422 0.160417
2 0.299414 0.361806 0.139453 0.180556
2 0.227734 0.400347 0.103906 0.139583
2 0.698438 0.879514 0.378906 0.239583
2 0.527344 0.423958 0.160938 0.170139
2 0.582422 0.429167 0.130469 0.163889
2 0.633008 0.449653 0.130078 0.200694
2 0.717578 0.471528 0.142969 0.168056
2 0.495703 0.467361 0.164062 0.183333
2 0.864844 0.503125 0.118750 0.263194
2 0.819727 0.497222 0.124609 0.209722
2 0.493750 0.817361 0.126562 0.359722
2 0.755664 0.861458 0.369141 0.277083
2 0.328320 0.898264 0.133984 0.202083
2 0.438672 0.734722 0.300000 0.348611
2 0.925391 0.687500 0.148438 0.270833
