2 0.380273 0.376042 0.183984 0.214583
2 0.043164 0.438194 0.086328 0.116667
2 0.049414 0.344792 0.098047 0.153472
2 0.732812 0.481944 0.122656 0.248611
2 0.122070 0.322917 0.077734 0.134722
2 0.267969 0.328125 0.108594 0.165972
2 0.305273 0.336111 0.139453 0.181944
2 0.238672 0.373958 0.103125 0.136806
2 0.707031 0.865972 0.379688 0.266667
2 0.533789 0.398264 0.162891 0.170139
2 0.588867 0.401736 0.130078 0.159028
2 0.638867 0.425000 0.130078 0.202778
2 0.724805 0.448264 0.141797 0.170139
2 0.508203 0.438889 0.150781 0.183333
2 0.871875 0.479861 0.119531 0.269444
2 0.827344 0.472917 0.128125 0.209722
2 0.500391 0.799653 0.122656 0.399306
2 0.760938 0.830208 0.379688 0.340972
2 0.330859 0.892361 0.129688 0.213889
2 0.416992 0.708681 0.298047 0.353472
2 0.932617 0.664583 0.133984 0.265278
