2 0.387695 0.139236 0.166797 0.224306
2 0.074414 0.203819 0.109766 0.121528
2 0.061133 0.119444 0.122266 0.180556
2 0.617383 0.339583 0.194141 0.234722
2 0.137500 0.098958 0.057813 0.135417
2 0.307812 0.095139 0.105469 0.177778
2 0.344531 0.102778 0.134375 0.190278
2 0.324219 0.152778 0.107813 0.161111
2 0.625977 0.827778 0.381641 0.343056
2 0.778906 0.750000 0.439844 0.498611
2 0.497656 0.190972 0.110156 0.191667
2 0.639844 0.175347 0.131250 0.171528
2 0.694922 0.194792 0.129688 0.207639
2 0.779297 0.218056 0.148438 0.183333
2 0.601758 0.231250 0.120703 0.206944
2 0.930469 0.252778 0.139063 0.265278
2 0.892578 0.241319 0.149219 0.225694
2 0.555469 0.568056 0.135937 0.443056
2 0.812891 0.678125 0.374219 0.397917
2 0.314844 0.831597 0.123438 0.335417
2 0.161719 0.344792 0.177344 0.274306
