2 0.401758 0.128819 0.151953 0.225694
2 0.086914 0.193056 0.108984 0.122222
2 0.065430 0.109028 0.130859 0.177778
2 0.583008 0.362500 0.198047 0.268056
2 0.149805 0.082986 0.063672 0.140972
2 0.318945 0.086111 0.102734 0.170833
2 0.361328 0.092014 0.135937 0.182639
2 0.327344 0.137847 0.120313 0.153472
2 0.640820 0.820486 0.373047 0.359028
2 0.784961 0.740625 0.428516 0.518750
2 0.494922 0.190278 0.095312 0.202778
2 0.655078 0.160764 0.131250 0.171528
2 0.712695 0.184028 0.129297 0.213889
2 0.793750 0.208681 0.149219 0.188194
2 0.621484 0.235417 0.119531 0.212500
2 0.930469 0.234722 0.137500 0.279167
2 0.910547 0.227083 0.149219 0.237500
2 0.607031 0.537847 0.125781 0.443750
2 0.823633 0.640278 0.348828 0.444444
2 0.322461 0.821528 0.141016 0.356944
2 0.125781 0.312847 0.180469 0.260417
