2 0.409766 0.128125 0.145313 0.221528
2 0.087500 0.190972 0.103125 0.126389
2 0.064258 0.104514 0.127734 0.178472
2 0.541406 0.365625 0.181250 0.267361
2 0.147266 0.079514 0.066406 0.140972
2 0.314453 0.084028 0.103906 0.168056
2 0.359180 0.092361 0.136328 0.184722
2 0.328320 0.132292 0.119922 0.154861
2 0.640430 0.815278 0.375391 0.369444
2 0.782813 0.733333 0.432812 0.533333
2 0.481250 0.188889 0.099219 0.193056
2 0.654297 0.155903 0.131250 0.171528
2 0.714844 0.179861 0.129688 0.218056
2 0.794922 0.201389 0.153906 0.188889
2 0.628711 0.231944 0.113672 0.212500
2 0.929492 0.230903 0.139453 0.275694
2 0.910937 0.220486 0.149219 0.239583
2 0.607617 0.529514 0.132422 0.431250
2 0.825000 0.614236 0.350000 0.477083
2 0.315430 0.813889 0.151172 0.370833
2 0.098437 0.295833 0.164844 0.252778
