2 0.308203 0.144444 0.187500 0.191667
2 0.087109 0.192014 0.101562 0.115972
2 0.060547 0.107986 0.121094 0.170139
2 0.456250 0.426736 0.132031 0.300694
2 0.143750 0.082639 0.063281 0.141667
2 0.458008 0.130208 0.096484 0.178472
2 0.304492 0.085069 0.110547 0.168750
2 0.356445 0.093750 0.147266 0.183333
2 0.358398 0.131250 0.120703 0.143056
2 0.634961 0.806597 0.366016 0.385417
2 0.785937 0.730556 0.427344 0.538889
2 0.483789 0.192361 0.121484 0.201389
2 0.650586 0.159028 0.130078 0.170833
2 0.704297 0.184722 0.129688 0.212500
2 0.805078 0.196181 0.187500 0.202083
2 0.621094 0.235417 0.127344 0.212500
2 0.928125 0.232986 0.142187 0.277083
2 0.898242 0.222569 0.152734 0.238194
2 0.618555 0.534722 0.178516 0.394444
2 0.838086 0.618750 0.323828 0.480556
2 0.302734 0.812500 0.165625 0.373611
2 0.057422 0.279167 0.114844 0.234722
