2 0.395313 0.273958 0.174219 0.217361
2 0.057227 0.335069 0.110547 0.117361
2 0.061719 0.243056 0.124219 0.162500
2 0.741602 0.395486 0.131641 0.238194
2 0.124805 0.226736 0.048047 0.136806
2 0.470508 0.264583 0.107422 0.156944
2 0.292187 0.225347 0.107813 0.161806
2 0.329883 0.234722 0.138672 0.183333
2 0.289062 0.271181 0.120313 0.140972
2 0.659180 0.910417 0.308203 0.177778
2 0.739453 0.804861 0.380469 0.388889
2 0.550781 0.291319 0.151562 0.168750
2 0.614844 0.306944 0.131250 0.176389
2 0.666211 0.324306 0.130078 0.202778
2 0.750391 0.346181 0.139844 0.174306
2 0.531836 0.340278 0.150391 0.184722
2 0.904492 0.381944 0.124609 0.281944
2 0.862305 0.373264 0.134766 0.213194
2 0.523047 0.738194 0.123438 0.491667
2 0.793164 0.762153 0.395703 0.427083
2 0.314258 0.874306 0.156641 0.250000
2 0.334961 0.570833 0.201953 0.358333
2 0.961133 0.552778 0.076953 0.200000
