2 0.219531 0.199653 0.182812 0.193750
2 0.087109 0.242014 0.105469 0.118750
2 0.062891 0.161458 0.125781 0.171528
2 0.429102 0.539236 0.100391 0.363194
2 0.147266 0.139931 0.067969 0.140972
2 0.442773 0.192708 0.149609 0.167361
2 0.308203 0.132292 0.109375 0.165972
2 0.357031 0.143403 0.143750 0.192361
2 0.350586 0.182986 0.125391 0.142361
2 0.613672 0.823958 0.344531 0.347917
2 0.783398 0.753819 0.431641 0.492361
2 0.481250 0.250347 0.150781 0.196528
2 0.641797 0.214236 0.128906 0.167361
2 0.702930 0.236111 0.129297 0.208333
2 0.788477 0.247569 0.158203 0.199306
2 0.618750 0.282639 0.128125 0.211111
2 0.927930 0.278819 0.143359 0.279861
2 0.860938 0.262847 0.114844 0.307639
2 0.606445 0.544792 0.193359 0.381250
2 0.829102 0.692708 0.346484 0.456250
2 0.299023 0.834375 0.170703 0.329861
2 0.020117 0.346181 0.040234 0.165972
