2 0.197461 0.263542 0.192578 0.193750
2 0.074414 0.304167 0.105078 0.116667
2 0.055859 0.218403 0.110156 0.161806
2 0.396875 0.742708 0.270313 0.392361
2 0.145508 0.196181 0.046484 0.139583
2 0.334570 0.249653 0.128516 0.163194
2 0.293359 0.192014 0.110937 0.171528
2 0.343750 0.200347 0.140625 0.190972
2 0.408984 0.251042 0.121094 0.139583
2 0.589258 0.873264 0.307422 0.252083
2 0.784766 0.801042 0.429688 0.396528
2 0.472852 0.312153 0.156641 0.188194
2 0.627344 0.269792 0.128906 0.167361
2 0.689258 0.294097 0.129297 0.203472
2 0.767578 0.319792 0.147656 0.178472
2 0.971289 0.595833 0.055859 0.245833
2 0.596094 0.345139 0.139844 0.204167
2 0.913672 0.328472 0.171094 0.265278
2 0.793555 0.365972 0.105859 0.233333
2 0.550391 0.579861 0.260937 0.372222
2 0.810742 0.755903 0.358203 0.460417
2 0.303125 0.892014 0.139844 0.214583
