2 0.207813 0.237153 0.182031 0.193750
2 0.077930 0.280208 0.105859 0.117361
2 0.057813 0.200694 0.114062 0.169444
2 0.403125 0.619097 0.097656 0.381250
2 0.136914 0.177083 0.064453 0.137500
2 0.409570 0.228819 0.132422 0.154861
2 0.298828 0.171528 0.113281 0.166667
2 0.349414 0.178472 0.146484 0.190278
2 0.342773 0.219097 0.121484 0.139583
2 0.603711 0.842708 0.337109 0.313194
2 0.777734 0.773611 0.443750 0.451389
2 0.474414 0.284375 0.153516 0.192361
2 0.631250 0.247569 0.128906 0.167361
2 0.691992 0.269097 0.129297 0.206250
2 0.781836 0.286458 0.159766 0.186806
2 0.603516 0.318750 0.136719 0.208333
2 0.921484 0.311806 0.157031 0.276389
2 0.843555 0.304861 0.107422 0.297222
2 0.567383 0.562153 0.207422 0.368750
2 0.819531 0.731250 0.353906 0.443056
2 0.296680 0.854514 0.155859 0.289583
