2 0.378906 0.212500 0.171094 0.230556
2 0.065820 0.279514 0.108203 0.118750
2 0.064453 0.188542 0.128906 0.168750
2 0.683789 0.382292 0.169141 0.234028
2 0.132812 0.168750 0.051562 0.136111
2 0.460547 0.209028 0.057031 0.193056
2 0.298633 0.162500 0.106641 0.162500
2 0.338867 0.179167 0.141016 0.190278
2 0.298828 0.226389 0.119531 0.154167
2 0.638477 0.870833 0.361328 0.256944
2 0.767969 0.785764 0.450781 0.427083
2 0.520703 0.251736 0.108594 0.185417
2 0.629297 0.246181 0.131250 0.167361
2 0.680469 0.268056 0.129688 0.202778
2 0.766602 0.292708 0.147266 0.175694
2 0.570898 0.295486 0.133984 0.193750
2 0.916992 0.323264 0.128516 0.289583
2 0.875977 0.318750 0.145703 0.216667
2 0.542188 0.644444 0.138281 0.434722
2 0.800781 0.747222 0.390625 0.397222
2 0.318555 0.875000 0.171484 0.251389
2 0.219336 0.454861 0.183203 0.298611
