2 0.087109 0.276042 0.174219 0.185417
2 0.067969 0.297222 0.110156 0.120833
2 0.054102 0.214583 0.106641 0.148611
2 0.305664 0.782639 0.341016 0.433333
2 0.132031 0.201042 0.062500 0.140972
2 0.266211 0.257639 0.153516 0.156944
2 0.288281 0.195486 0.110937 0.171528
2 0.339258 0.202778 0.144141 0.193056
2 0.432617 0.258333 0.123047 0.150000
2 0.587891 0.871181 0.307812 0.257639
2 0.779297 0.797569 0.439844 0.403472
2 0.471289 0.315278 0.163672 0.184722
2 0.617383 0.271181 0.126953 0.167361
2 0.680273 0.297222 0.129297 0.202778
2 0.758594 0.321181 0.146875 0.178472
2 0.968945 0.603472 0.062891 0.269444
2 0.598242 0.348611 0.120703 0.202778
2 0.901563 0.334375 0.192188 0.259028
2 0.801758 0.388889 0.197266 0.206944
2 0.538672 0.574653 0.258594 0.370139
2 0.800781 0.742014 0.378125 0.442361
