2 0.047266 0.286111 0.094531 0.158333
2 0.053125 0.299306 0.104688 0.130556
2 0.044922 0.208333 0.089844 0.131944
2 0.190039 0.837847 0.344922 0.322917
2 0.115039 0.207986 0.070703 0.140972
2 0.169922 0.281597 0.154688 0.167361
2 0.278320 0.203125 0.110547 0.171528
2 0.322656 0.208333 0.146094 0.193056
2 0.434766 0.265625 0.114844 0.154861
2 0.579883 0.875347 0.304297 0.249306
2 0.762695 0.803472 0.473047 0.391667
2 0.458789 0.322569 0.165234 0.188194
2 0.604688 0.278819 0.124219 0.167361
2 0.668164 0.303472 0.129297 0.202778
2 0.746484 0.326042 0.146875 0.178472
2 0.935352 0.601736 0.127734 0.268750
2 0.589063 0.347917 0.115625 0.195833
2 0.890820 0.337847 0.194922 0.254861
2 0.858789 0.401389 0.229297 0.198611
2 0.527539 0.580903 0.255078 0.361806
2 0.789648 0.705903 0.369922 0.502083
