2 0.385742 0.226736 0.177734 0.229861
2 0.064453 0.291667 0.108594 0.119444
2 0.064844 0.201736 0.129688 0.163194
2 0.691211 0.394792 0.171484 0.225694
2 0.130469 0.180208 0.050781 0.134028
2 0.464062 0.231250 0.056250 0.179167
2 0.297461 0.176042 0.105859 0.161806
2 0.337109 0.192361 0.139844 0.184722
2 0.299023 0.239236 0.119141 0.154861
2 0.652539 0.877083 0.357422 0.244444
2 0.762109 0.790972 0.451562 0.416667
2 0.525195 0.266667 0.119141 0.183333
2 0.628516 0.262847 0.131250 0.171528
2 0.678125 0.282292 0.129688 0.206250
2 0.763867 0.304514 0.147266 0.174306
2 0.563867 0.308333 0.140234 0.194444
2 0.916016 0.337153 0.128906 0.286806
2 0.875195 0.329861 0.145703 0.216667
2 0.539648 0.652431 0.136328 0.439583
2 0.797656 0.752778 0.385156 0.397222
2 0.332227 0.879167 0.200391 0.241667
2 0.237305 0.478125 0.173828 0.317361
