2 0.215625 0.216319 0.182031 0.193750
2 0.082812 0.257986 0.103906 0.117361
2 0.062109 0.178819 0.124219 0.170139
2 0.424023 0.561458 0.098828 0.350694
2 0.144336 0.155556 0.066797 0.138889
2 0.432031 0.207639 0.140625 0.163889
2 0.304883 0.147569 0.109766 0.165972
2 0.356055 0.159722 0.146484 0.191667
2 0.347266 0.198611 0.125000 0.143056
2 0.608984 0.829514 0.342969 0.336806
2 0.781641 0.760764 0.435156 0.477083
2 0.480664 0.268056 0.157422 0.195833
2 0.637891 0.226736 0.128906 0.167361
2 0.700195 0.250347 0.129297 0.207639
2 0.787500 0.263889 0.160938 0.197222
2 0.614844 0.298611 0.129688 0.208333
2 0.926172 0.293056 0.146875 0.280556
2 0.855078 0.277431 0.118750 0.309028
2 0.597070 0.563542 0.193359 0.377083
2 0.822656 0.713889 0.347656 0.454167
2 0.296094 0.840972 0.167969 0.316667
