2 0.120117 0.273958 0.201172 0.184028
2 0.070117 0.296875 0.105859 0.120139
2 0.054688 0.217708 0.107813 0.154861
2 0.355859 0.779861 0.291406 0.402778
2 0.137305 0.199653 0.055078 0.140972
2 0.291992 0.253472 0.148828 0.163889
2 0.290234 0.194792 0.110937 0.171528
2 0.339844 0.200694 0.144531 0.193056
2 0.427539 0.256597 0.123047 0.142361
2 0.588281 0.871181 0.303906 0.256250
2 0.779492 0.799306 0.439453 0.400000
2 0.471875 0.313542 0.161719 0.185417
2 0.621094 0.269792 0.128125 0.167361
2 0.683008 0.295833 0.129297 0.202778
2 0.761719 0.320486 0.146875 0.178472
2 0.969727 0.598958 0.060547 0.259028
2 0.599414 0.347917 0.123828 0.202778
2 0.905078 0.333333 0.187500 0.261111
2 0.785547 0.386111 0.174219 0.212500
2 0.542578 0.578472 0.256250 0.359722
2 0.801367 0.739931 0.375391 0.445139
2 0.327734 0.930556 0.135937 0.137500
