2 0.189258 0.264931 0.195703 0.193750
2 0.073438 0.301736 0.105469 0.115972
2 0.055469 0.220486 0.109375 0.161806
2 0.397266 0.746875 0.292187 0.385417
2 0.144141 0.197222 0.046875 0.140278
2 0.327930 0.247569 0.136328 0.159028
2 0.292578 0.193403 0.110937 0.171528
2 0.342578 0.199653 0.141406 0.189583
2 0.420898 0.248958 0.119141 0.139583
2 0.589258 0.873611 0.305859 0.251389
2 0.782617 0.801042 0.433984 0.396528
2 0.472656 0.311806 0.157812 0.187500
2 0.626172 0.269792 0.128906 0.167361
2 0.686914 0.296875 0.129297 0.203472
2 0.766602 0.320486 0.147266 0.178472
2 0.971289 0.596528 0.055859 0.250000
2 0.600195 0.347569 0.130859 0.203472
2 0.911328 0.330903 0.175781 0.264583
2 0.791797 0.368403 0.111719 0.227083
2 0.552930 0.571528 0.262891 0.384722
2 0.811914 0.758333 0.361328 0.462500
2 0.300195 0.899653 0.139453 0.202083
