2 0.390625 0.307292 0.171875 0.217361
2 0.051953 0.371875 0.103906 0.120139
2 0.059180 0.279167 0.116797 0.158333
2 0.743750 0.421875 0.118750 0.243750
2 0.119922 0.260417 0.043750 0.140278
2 0.458398 0.303472 0.107422 0.154167
2 0.284766 0.263194 0.108594 0.165278
2 0.322070 0.269097 0.138672 0.184028
2 0.273633 0.309028 0.115234 0.141667
2 0.634375 0.927431 0.282031 0.143750
2 0.726367 0.824653 0.380859 0.349306
2 0.544141 0.329514 0.156250 0.168750
2 0.607031 0.337500 0.131250 0.169444
2 0.656445 0.357986 0.130078 0.202083
2 0.740820 0.380556 0.137891 0.175000
2 0.521484 0.374306 0.157812 0.184722
2 0.891211 0.414931 0.123047 0.277083
2 0.851367 0.405556 0.134766 0.209722
2 0.506445 0.764931 0.137891 0.467361
2 0.783594 0.789931 0.394531 0.410417
2 0.323437 0.881250 0.146875 0.236111
2 0.373242 0.619444 0.249609 0.343056
2 0.957422 0.588889 0.084375 0.206944
