2 0.252148 0.150694 0.181641 0.190278
2 0.086523 0.197569 0.101953 0.114583
2 0.060156 0.118056 0.120313 0.173611
2 0.442188 0.457986 0.122656 0.336806
2 0.145313 0.086458 0.067187 0.136806
2 0.453516 0.147569 0.120313 0.163194
2 0.304102 0.082639 0.110547 0.159722
2 0.356836 0.097917 0.145703 0.188889
2 0.357422 0.136111 0.125781 0.144444
2 0.627734 0.805903 0.363281 0.393750
2 0.775000 0.732986 0.448437 0.534028
2 0.481445 0.197917 0.127734 0.198611
2 0.646094 0.169444 0.129688 0.170833
2 0.705469 0.190278 0.129688 0.211111
2 0.803125 0.195486 0.187500 0.215972
2 0.621289 0.239583 0.127734 0.212500
2 0.928516 0.240278 0.141406 0.277778
2 0.872461 0.224653 0.140234 0.245139
2 0.627539 0.541667 0.198047 0.381944
2 0.850195 0.637847 0.297266 0.447917
2 0.301367 0.814583 0.166797 0.369444
2 0.046484 0.293403 0.092969 0.214583
