2 0.376758 0.181944 0.163672 0.231944
2 0.067578 0.248611 0.109375 0.123611
2 0.064844 0.160417 0.129688 0.179167
2 0.667578 0.361111 0.179688 0.225000
2 0.133008 0.139236 0.054297 0.139583
2 0.456836 0.181250 0.045703 0.187500
2 0.300781 0.133333 0.107813 0.163889
2 0.339258 0.139236 0.138672 0.174306
2 0.303320 0.194097 0.116016 0.149306
2 0.621484 0.851042 0.385937 0.296528
2 0.775000 0.769444 0.448437 0.459722
2 0.503516 0.228125 0.119531 0.185417
2 0.631641 0.216319 0.131250 0.171528
2 0.684961 0.227778 0.129297 0.197222
2 0.769141 0.261806 0.147656 0.179167
2 0.579883 0.261458 0.122266 0.199306
2 0.919141 0.289583 0.132812 0.277778
2 0.880469 0.285069 0.149219 0.221528
2 0.538672 0.602778 0.139063 0.440278
2 0.806641 0.714236 0.391406 0.382639
2 0.302148 0.855903 0.133203 0.289583
2 0.199805 0.411458 0.183984 0.310417
