2 0.207422 0.258681 0.191406 0.196528
2 0.074414 0.300694 0.105078 0.116667
2 0.056836 0.210417 0.112109 0.158333
2 0.391016 0.734722 0.223438 0.394444
2 0.142578 0.194792 0.057813 0.138194
2 0.342383 0.248958 0.126953 0.163194
2 0.295703 0.189236 0.110937 0.171528
2 0.345508 0.197222 0.140234 0.191667
2 0.391992 0.242014 0.111328 0.138194
2 0.589844 0.872222 0.318750 0.256944
2 0.781445 0.797569 0.435547 0.403472
2 0.473438 0.310417 0.155469 0.190278
2 0.628125 0.268403 0.128906 0.167361
2 0.690039 0.293750 0.129297 0.204167
2 0.769531 0.316319 0.148438 0.175694
2 0.972070 0.595139 0.054297 0.243056
2 0.595508 0.342361 0.144922 0.205556
2 0.917578 0.328472 0.163281 0.269444
2 0.796484 0.361111 0.098437 0.237500
2 0.554102 0.571181 0.261328 0.381250
2 0.808789 0.755556 0.363672 0.448611
2 0.310742 0.880208 0.137891 0.238194
