2 0.178516 0.265278 0.195312 0.184722
2 0.072852 0.300000 0.105859 0.115278
2 0.054883 0.220139 0.108203 0.161111
2 0.395508 0.744097 0.304297 0.365972
2 0.142578 0.197569 0.047656 0.140972
2 0.322461 0.248264 0.138672 0.161806
2 0.291406 0.194792 0.110937 0.171528
2 0.341406 0.200000 0.142187 0.188889
2 0.426953 0.251389 0.117969 0.141667
2 0.589648 0.873264 0.304297 0.253472
2 0.781641 0.801042 0.435156 0.396528
2 0.472266 0.312153 0.158594 0.186806
2 0.625391 0.269792 0.128906 0.167361
2 0.685742 0.296875 0.129297 0.203472
2 0.765625 0.321875 0.146875 0.178472
2 0.970313 0.595833 0.058594 0.250000
2 0.601562 0.347917 0.127344 0.202778
2 0.908789 0.332292 0.180859 0.263194
2 0.790820 0.369444 0.120703 0.222222
2 0.544922 0.573611 0.251563 0.380556
2 0.804297 0.728819 0.371094 0.497917
2 0.303711 0.906944 0.133203 0.184722
