2 0.205859 0.249653 0.193750 0.193750
2 0.075391 0.288889 0.105469 0.116667
2 0.058398 0.204861 0.115234 0.158333
2 0.404492 0.679514 0.139453 0.424306
2 0.139648 0.183681 0.060547 0.139583
2 0.388672 0.239236 0.128125 0.154861
2 0.298438 0.180903 0.111719 0.170139
2 0.346680 0.187500 0.144922 0.191667
2 0.358789 0.226736 0.116016 0.142361
2 0.593555 0.854167 0.316797 0.290278
2 0.774414 0.784722 0.449609 0.430556
2 0.473828 0.298611 0.155469 0.190278
2 0.629687 0.257292 0.128906 0.167361
2 0.690820 0.280208 0.126172 0.204861
2 0.771094 0.301389 0.152344 0.181944
2 0.975195 0.576042 0.048047 0.242361
2 0.596289 0.329861 0.147266 0.208333
2 0.920703 0.324306 0.157031 0.276389
2 0.823438 0.336111 0.083594 0.254167
2 0.550977 0.563542 0.226953 0.367361
2 0.819922 0.742708 0.359375 0.452083
2 0.307031 0.861806 0.144531 0.275000
