2 0.380664 0.158333 0.170703 0.230556
2 0.069336 0.220833 0.108203 0.120833
2 0.060937 0.137153 0.121875 0.189583
2 0.638086 0.340972 0.176953 0.213889
2 0.133984 0.110069 0.056250 0.136806
2 0.460547 0.155556 0.045312 0.198611
2 0.302734 0.111806 0.106250 0.172222
2 0.339062 0.114931 0.135937 0.186806
2 0.318359 0.167708 0.108594 0.156250
2 0.622070 0.835764 0.383203 0.327083
2 0.775586 0.757292 0.446484 0.484028
2 0.497852 0.205903 0.112891 0.188194
2 0.634375 0.189931 0.131250 0.171528
2 0.690625 0.210069 0.128125 0.204861
2 0.772461 0.236111 0.148047 0.181944
2 0.591992 0.244444 0.118359 0.202778
2 0.926367 0.264236 0.144922 0.264583
2 0.886719 0.259722 0.149219 0.222222
2 0.545898 0.583681 0.135547 0.427083
2 0.807813 0.698958 0.386719 0.404861
2 0.308203 0.839583 0.125000 0.320833
2 0.170703 0.366667 0.184375 0.266667
