2 0.062109 0.284375 0.124219 0.178472
2 0.057617 0.296875 0.107422 0.128472
2 0.048438 0.210764 0.096094 0.139583
2 0.244531 0.818750 0.358594 0.362500
2 0.122852 0.204514 0.068359 0.140972
2 0.205469 0.269444 0.160938 0.158333
2 0.283594 0.199653 0.110937 0.171528
2 0.330078 0.206944 0.143750 0.193056
2 0.438867 0.261458 0.116016 0.154861
2 0.584961 0.874306 0.305078 0.252778
2 0.772461 0.797222 0.453516 0.404167
2 0.466797 0.319444 0.170313 0.186111
2 0.610352 0.277431 0.125391 0.167361
2 0.673633 0.300694 0.129297 0.202778
2 0.751563 0.321875 0.146875 0.178472
2 0.956055 0.605208 0.089453 0.284028
2 0.593359 0.350694 0.120313 0.202778
2 0.894727 0.336458 0.194141 0.256250
2 0.836328 0.396181 0.215625 0.200694
2 0.527734 0.572917 0.249219 0.379167
2 0.798242 0.718750 0.382422 0.476389
