2 0.397070 0.257639 0.169922 0.194444
2 0.063477 0.309028 0.109766 0.120833
2 0.062305 0.220139 0.128516 0.155556
2 0.726172 0.401736 0.148438 0.231250
2 0.128516 0.194792 0.050781 0.135417
2 0.469727 0.232639 0.105078 0.163889
2 0.293945 0.192361 0.105859 0.159722
2 0.335547 0.205556 0.137500 0.179167
2 0.303516 0.252083 0.118750 0.155556
2 0.673242 0.894444 0.335547 0.209722
2 0.762500 0.795139 0.421875 0.408333
2 0.535156 0.272917 0.132031 0.180556
2 0.624219 0.276389 0.131250 0.170833
2 0.674023 0.297917 0.130078 0.205556
2 0.760938 0.317361 0.146875 0.170833
2 0.555469 0.315972 0.146094 0.177778
2 0.912500 0.351736 0.126562 0.282639
2 0.870898 0.345139 0.139453 0.216667
2 0.533203 0.685417 0.145313 0.415278
2 0.801172 0.768403 0.396094 0.422917
2 0.338672 0.881944 0.210938 0.236111
2 0.268359 0.518056 0.180469 0.351389
2 0.971094 0.522917 0.057031 0.159722
