0 10 0.069922 0.525000 0.139063 0.208333
0 37 0.926172 0.554514 0.093750 0.282639
0 38 0.744531 0.579514 0.267188 0.302083
0 39 0.766992 0.539583 0.264453 0.287500
0 40 0.764258 0.240278 0.103516 0.150000
0 42 0.790625 0.414236 0.257812 0.177083
0 43 0.796289 0.454861 0.241016 0.219444
0 44 0.605273 0.449306 0.126953 0.212500
0 45 0.471484 0.427431 0.091406 0.163194
0 46 0.457031 0.507639 0.173437 0.231944
0 47 0.442383 0.441667 0.108984 0.159722
0 48 0.416211 0.495486 0.172266 0.229861
0 65 0.189844 0.507639 0.123438 0.233333
