0 10 0.311328 0.484028 0.248438 0.238889
0 12 0.835352 0.545486 0.299609 0.296528
0 38 0.327148 0.623264 0.282422 0.318750
0 40 0.382227 0.250347 0.127734 0.152083
0 45 0.491992 0.418750 0.158984 0.168056
0 51 0.362891 0.633681 0.331250 0.352083
0 53 0.499609 0.631597 0.235937 0.296528
0 56 0.406836 0.350694 0.106641 0.175000
0 57 0.680664 0.452778 0.275391 0.297222
0 58 0.821289 0.293750 0.174609 0.184722
0 59 0.976953 0.427431 0.045312 0.193750
0 61 0.588086 0.487847 0.211328 0.239583
0 62 0.581445 0.302431 0.118359 0.131250
0 63 0.640234 0.290625 0.127344 0.118750
0 64 0.675586 0.350694 0.144141 0.219444
0 65 0.189258 0.474306 0.230078 0.248611
0 66 0.667773 0.514583 0.239453 0.277778
