0 15 0.837305 0.530208 0.325391 0.334028
0 18 0.740625 0.338194 0.210938 0.227778
0 19 0.972070 0.535417 0.055078 0.252778
0 20 0.573828 0.370486 0.172656 0.229861
0 21 0.904492 0.452778 0.191016 0.286111
0 22 0.714258 0.278472 0.174609 0.213889
0 23 0.935547 0.239931 0.128125 0.204861
0 24 0.914648 0.267361 0.165234 0.168056
0 25 0.340039 0.306944 0.151172 0.198611
0 26 0.411328 0.261111 0.166406 0.180556
0 27 0.221289 0.423264 0.209766 0.240972
0 28 0.141211 0.590278 0.282422 0.365278
0 29 0.286133 0.287153 0.092578 0.193750
0 30 0.204492 0.277431 0.137891 0.163194
0 31 0.080078 0.314236 0.142969 0.192361
0 32 0.108984 0.547917 0.216406 0.293056
0 34 0.046289 0.414583 0.092578 0.216667
