0 6 0.638867 0.366667 0.197266 0.295833
0 7 0.681250 0.387153 0.147656 0.220139
0 10 0.075586 0.592708 0.150391 0.259028
0 12 0.676562 0.676736 0.262500 0.336806
0 13 0.734180 0.626736 0.253516 0.292361
0 45 0.231055 0.522917 0.163672 0.206944
0 54 0.950977 0.411458 0.097266 0.211806
0 57 0.067969 0.551389 0.135937 0.275000
0 58 0.069336 0.400000 0.138672 0.193056
0 59 0.827734 0.558333 0.282031 0.276389
0 61 0.377148 0.600347 0.245703 0.240972
0 66 0.489844 0.618403 0.267188 0.259028
0 67 0.399023 0.619444 0.201953 0.240278
