0 28 0.924023 0.568750 0.151172 0.370833
0 31 0.953711 0.269444 0.091797 0.183333
0 34 0.892773 0.402778 0.205859 0.276389
0 35 0.941016 0.445486 0.117969 0.207639
0 37 0.730469 0.504514 0.082812 0.281250
0 38 0.549805 0.528472 0.275391 0.294444
0 39 0.579883 0.465278 0.283984 0.356944
0 40 0.564258 0.209375 0.089453 0.125694
0 42 0.447461 0.406250 0.192578 0.222222
0 43 0.418359 0.434722 0.207813 0.247222
0 44 0.308594 0.398958 0.165625 0.213194
0 45 0.177344 0.365278 0.120313 0.154167
0 46 0.112109 0.461806 0.196094 0.227778
0 47 0.119531 0.414236 0.169531 0.196528
0 48 0.101367 0.427431 0.199609 0.192361
0 65 0.020313 0.475000 0.040625 0.177778
