0 3 0.967187 0.517014 0.064844 0.322917
0 68 0.822070 0.541667 0.351172 0.316667
0 4 0.500000 0.309722 0.203125 0.233333
0 14 0.755273 0.490972 0.320703 0.297222
0 15 0.445312 0.572222 0.292187 0.334722
0 18 0.370703 0.377778 0.189844 0.226389
0 19 0.316406 0.601042 0.210156 0.220139
0 20 0.227930 0.403819 0.177734 0.204861
0 21 0.242578 0.504861 0.299219 0.276389
0 22 0.252734 0.293403 0.158594 0.142361
0 23 0.265234 0.287500 0.226562 0.177778
0 24 0.383984 0.326042 0.150000 0.179861
0 25 0.024219 0.345139 0.048438 0.209722
