0 3 0.891406 0.551389 0.216406 0.329167
0 4 0.575586 0.313889 0.194141 0.225000
0 14 0.854688 0.498611 0.288281 0.290278
0 15 0.532031 0.579167 0.318750 0.348611
0 16 0.586133 0.310417 0.235547 0.201389
0 18 0.443945 0.372222 0.180859 0.209722
0 19 0.431641 0.606944 0.206250 0.205556
0 20 0.296875 0.411111 0.167969 0.220833
0 21 0.359570 0.508681 0.287891 0.263194
0 22 0.344531 0.303472 0.162500 0.151389
0 23 0.376172 0.286458 0.201563 0.175694
0 24 0.471484 0.327778 0.153125 0.177778
0 25 0.062500 0.351389 0.121094 0.204167
0 26 0.076367 0.310764 0.146484 0.171528
0 27 0.018555 0.494792 0.037109 0.190972
