0 6 0.962500 0.344444 0.074219 0.194444
0 10 0.173633 0.539236 0.235547 0.220139
0 12 0.770312 0.616667 0.346094 0.305556
0 13 0.915625 0.572222 0.167969 0.266667
0 40 0.125195 0.297917 0.141016 0.165278
0 45 0.319141 0.479167 0.141406 0.173611
0 51 0.042578 0.676389 0.085156 0.319444
0 53 0.124805 0.693056 0.135547 0.312500
0 56 0.045703 0.406597 0.091406 0.177083
0 57 0.400781 0.504861 0.207813 0.275000
0 58 0.416992 0.359375 0.166016 0.184028
0 59 0.900000 0.516319 0.199219 0.271528
0 61 0.491602 0.551736 0.247266 0.250694
0 62 0.173242 0.376042 0.119922 0.161806
0 63 0.253906 0.368403 0.180469 0.153472
0 64 0.297266 0.413889 0.151562 0.216667
0 65 0.057617 0.504167 0.113672 0.179167
0 66 0.570508 0.580556 0.291797 0.276389
0 67 0.516406 0.562153 0.242188 0.215972
