0 27 0.958398 0.370139 0.082422 0.211111
0 28 0.856641 0.564236 0.285938 0.382639
0 30 0.973437 0.241319 0.053125 0.142361
0 31 0.849023 0.277431 0.149609 0.196528
0 34 0.762695 0.406944 0.164453 0.288889
0 35 0.802539 0.459028 0.233984 0.237500
0 37 0.603516 0.498958 0.078125 0.281250
0 38 0.419922 0.526736 0.287500 0.297917
0 39 0.448828 0.454514 0.297656 0.375694
0 40 0.404297 0.208681 0.092188 0.134028
0 42 0.290430 0.404167 0.208984 0.219444
0 43 0.177734 0.438889 0.208594 0.241667
0 44 0.090820 0.384375 0.142578 0.202083
0 45 0.026172 0.355556 0.052344 0.131944
