0 20 0.902148 0.386111 0.161328 0.226389
0 25 0.682617 0.322222 0.137891 0.202778
0 26 0.751563 0.280208 0.158594 0.193750
0 27 0.555469 0.413889 0.193750 0.193056
0 28 0.469141 0.613194 0.286719 0.380556
0 29 0.622656 0.286806 0.098437 0.162500
0 30 0.541016 0.287153 0.131250 0.153472
0 31 0.415430 0.320486 0.137109 0.177083
0 32 0.614258 0.551042 0.258203 0.295139
0 33 0.443359 0.495486 0.271094 0.261806
0 34 0.355078 0.425694 0.092188 0.229167
0 36 0.305469 0.525347 0.146094 0.156250
0 37 0.145508 0.537153 0.161328 0.259028
0 38 0.061133 0.579167 0.122266 0.300000
0 39 0.099219 0.538889 0.197656 0.295833
0 40 0.018359 0.257639 0.036719 0.123611
