0 10 0.146484 0.488889 0.225781 0.223611
0 12 0.666602 0.529167 0.226172 0.273611
0 38 0.297266 0.619097 0.309375 0.314583
0 39 0.069531 0.575000 0.139063 0.315278
0 40 0.316602 0.255556 0.129297 0.152778
0 45 0.341797 0.444792 0.150000 0.184028
0 51 0.461914 0.634375 0.320703 0.363194
0 56 0.481055 0.338889 0.117578 0.154167
0 57 0.580664 0.446528 0.244922 0.248611
0 58 0.905859 0.288889 0.172656 0.168056
0 59 0.882031 0.430208 0.234375 0.242361
0 60 0.927344 0.509722 0.145313 0.262500
0 61 0.414258 0.455208 0.142578 0.172917
0 62 0.664258 0.321875 0.122266 0.161806
0 63 0.698633 0.321528 0.120703 0.172222
0 64 0.740625 0.352778 0.125781 0.209722
0 65 0.102344 0.472222 0.204687 0.223611
0 66 0.485156 0.506597 0.214844 0.190972
