0 4 0.951562 0.271875 0.096094 0.218750
0 15 0.806445 0.545486 0.366016 0.332639
0 18 0.696484 0.349653 0.203906 0.221528
0 19 0.942578 0.563889 0.114062 0.223611
0 20 0.521094 0.383333 0.170313 0.236111
0 21 0.861523 0.466667 0.276172 0.287500
0 22 0.661719 0.281597 0.178125 0.193750
0 23 0.887891 0.248958 0.195312 0.209028
0 24 0.847852 0.275694 0.166016 0.170833
0 25 0.293359 0.318056 0.147656 0.202778
0 26 0.355273 0.269792 0.169922 0.179861
0 27 0.170898 0.432986 0.210547 0.246528
0 28 0.117188 0.599306 0.233594 0.366667
0 29 0.232227 0.294097 0.094141 0.189583
0 30 0.155469 0.281597 0.134375 0.159028
0 31 0.046289 0.324653 0.092578 0.196528
0 32 0.064453 0.561458 0.128906 0.267361
0 34 0.018359 0.409722 0.036719 0.177778
