0 28 0.889844 0.560069 0.219531 0.364583
0 31 0.914453 0.276042 0.142969 0.192361
0 34 0.826758 0.400694 0.180859 0.273611
0 35 0.893945 0.455556 0.206641 0.234722
0 37 0.663477 0.501736 0.081641 0.286806
0 38 0.481445 0.520833 0.276172 0.293056
0 39 0.516406 0.455903 0.285938 0.356250
0 40 0.481445 0.206944 0.098828 0.130556
0 42 0.363086 0.400694 0.201172 0.213889
0 43 0.287109 0.439931 0.202344 0.246528
0 44 0.193945 0.390278 0.133203 0.215278
0 45 0.082422 0.346528 0.107031 0.120833
0 46 0.057617 0.454167 0.113672 0.226389
0 47 0.053516 0.414583 0.104688 0.213889
