0 10 0.281055 0.536806 0.238672 0.218056
0 38 0.860547 0.596875 0.239063 0.295139
0 39 0.890625 0.557292 0.217969 0.278472
0 40 0.901367 0.261806 0.102734 0.155556
0 42 0.970508 0.500000 0.058203 0.272222
0 44 0.848047 0.437153 0.148438 0.204861
0 45 0.675977 0.452083 0.101953 0.145833
0 46 0.716211 0.518403 0.181641 0.238194
0 47 0.634766 0.501736 0.159375 0.213194
0 48 0.658398 0.480556 0.201172 0.250000
0 65 0.336719 0.527778 0.149219 0.225000
0 49 0.124023 0.574653 0.101172 0.231250
0 50 0.033984 0.593056 0.067969 0.237500
