0 10 0.438477 0.474306 0.256641 0.244444
0 12 0.903516 0.490625 0.192188 0.242361
0 38 0.740430 0.581250 0.243359 0.309722
0 39 0.538086 0.524306 0.248047 0.331944
0 40 0.733789 0.223264 0.121484 0.157639
0 45 0.697070 0.403125 0.130859 0.125694
0 65 0.441211 0.456944 0.223047 0.244444
0 49 0.039844 0.586111 0.079687 0.252778
0 51 0.933789 0.617708 0.132422 0.356250
0 52 0.856641 0.579514 0.171094 0.279861
0 56 0.978516 0.321181 0.042188 0.189583
0 61 0.839648 0.393056 0.148828 0.123611
0 66 0.777148 0.455556 0.187109 0.220833
