0 6 0.766016 0.353125 0.182031 0.288194
0 7 0.810156 0.384028 0.160938 0.215278
0 10 0.100000 0.587847 0.196875 0.259028
0 12 0.700195 0.656250 0.358203 0.306944
0 13 0.835742 0.621528 0.289453 0.290278
0 40 0.019531 0.332986 0.039062 0.107639
0 45 0.267383 0.519444 0.150391 0.205556
0 57 0.148242 0.539583 0.208203 0.269444
0 58 0.173437 0.396528 0.161719 0.188889
0 59 0.874414 0.564236 0.250391 0.278472
0 61 0.427539 0.589236 0.253516 0.232639
0 63 0.047070 0.407986 0.094141 0.156250
0 64 0.065234 0.423958 0.130469 0.185417
0 66 0.520898 0.613194 0.305078 0.269444
0 67 0.456445 0.609375 0.198047 0.232639
