0 25 0.980273 0.257639 0.038672 0.168056
0 27 0.915625 0.369097 0.167969 0.204861
0 28 0.806836 0.561806 0.305859 0.373611
0 30 0.925000 0.242361 0.129688 0.165278
0 31 0.769727 0.278819 0.143359 0.196528
0 34 0.691797 0.403472 0.151562 0.294444
0 35 0.675195 0.459028 0.237109 0.233333
0 36 0.954688 0.468750 0.089844 0.156944
0 37 0.540820 0.495486 0.078516 0.278472
0 38 0.344727 0.527083 0.304297 0.302778
0 39 0.377930 0.459722 0.309766 0.391667
0 40 0.328906 0.203125 0.096875 0.128472
0 42 0.217383 0.405208 0.201172 0.221528
0 43 0.078516 0.433333 0.156250 0.251389
0 44 0.033984 0.377778 0.067969 0.187500
