0 25 0.969531 0.267361 0.060156 0.181944
0 27 0.910156 0.363889 0.178125 0.204167
0 28 0.792578 0.558681 0.307031 0.374306
0 30 0.900781 0.241667 0.143750 0.166667
0 31 0.756055 0.279167 0.146484 0.193056
0 34 0.680273 0.403472 0.156641 0.286111
0 35 0.642773 0.459722 0.240234 0.230556
0 36 0.940234 0.475000 0.118750 0.166667
0 37 0.526367 0.497222 0.076953 0.276389
0 38 0.334375 0.526042 0.302344 0.289583
0 39 0.366406 0.465278 0.303906 0.390278
0 40 0.315820 0.209375 0.094141 0.125694
0 42 0.195508 0.408681 0.219922 0.229861
0 43 0.061133 0.435069 0.122266 0.252083
