0 10 0.267578 0.529861 0.236719 0.265278
0 12 0.816406 0.583681 0.330469 0.300694
0 38 0.164648 0.657292 0.329297 0.317361
0 40 0.291602 0.277431 0.136328 0.159028
0 45 0.441211 0.454167 0.151172 0.201389
0 51 0.199805 0.668056 0.322266 0.354167
0 53 0.385937 0.661806 0.129688 0.293056
0 56 0.254102 0.386111 0.109766 0.190278
0 57 0.584375 0.474653 0.250000 0.252083
0 58 0.667773 0.326389 0.171484 0.179167
0 59 0.953125 0.466319 0.092969 0.231250
0 61 0.559766 0.520139 0.217969 0.229167
0 62 0.425195 0.348264 0.135547 0.156250
0 63 0.509180 0.348264 0.164453 0.164583
0 64 0.536523 0.386458 0.143359 0.221528
0 65 0.127539 0.491667 0.218359 0.208333
0 66 0.636328 0.550347 0.282813 0.271528
