0 25 0.958008 0.280903 0.083203 0.196528
0 27 0.887695 0.369097 0.194141 0.190972
0 28 0.761133 0.569097 0.312109 0.375694
0 29 0.934180 0.240278 0.072266 0.145833
0 30 0.864062 0.259028 0.135937 0.169444
0 31 0.723437 0.290972 0.141406 0.200000
0 33 0.958398 0.453819 0.082422 0.263194
0 34 0.653125 0.411458 0.135937 0.288194
0 35 0.558984 0.471181 0.271094 0.239583
0 36 0.881641 0.488194 0.125000 0.155556
0 37 0.481836 0.506597 0.101172 0.275694
0 38 0.308789 0.536458 0.276953 0.296528
0 39 0.333789 0.461111 0.310547 0.372222
0 40 0.283203 0.215278 0.092969 0.131944
0 42 0.167969 0.419444 0.216406 0.237500
0 43 0.019141 0.400694 0.038281 0.137500
