0 18 0.947070 0.361458 0.105078 0.249306
0 20 0.805859 0.385764 0.163281 0.235417
0 22 0.932227 0.288542 0.134766 0.210417
0 25 0.578711 0.322222 0.161328 0.204167
0 26 0.653516 0.282639 0.159375 0.194444
0 27 0.460156 0.429514 0.204687 0.228472
0 28 0.374414 0.608681 0.293359 0.374306
0 29 0.527734 0.289583 0.094531 0.172222
0 30 0.450781 0.285764 0.133594 0.147917
0 31 0.319336 0.317708 0.133203 0.175694
0 32 0.454883 0.564236 0.282422 0.290972
0 33 0.233984 0.493750 0.292969 0.243056
0 34 0.273438 0.438194 0.096094 0.262500
0 36 0.130859 0.523958 0.135156 0.167361
0 38 0.023633 0.627778 0.047266 0.201389
0 39 0.040625 0.560417 0.080469 0.275000
