0 10 0.228516 0.498958 0.244531 0.245139
0 12 0.744336 0.532292 0.254297 0.288194
0 38 0.458789 0.609375 0.320703 0.313194
0 39 0.245508 0.557986 0.223047 0.322917
0 40 0.473242 0.252431 0.139453 0.152083
0 45 0.460938 0.451736 0.146875 0.161806
0 65 0.210742 0.481597 0.232422 0.252083
0 51 0.717578 0.632986 0.322656 0.375694
0 52 0.629492 0.602778 0.201172 0.261111
0 56 0.716211 0.344097 0.123047 0.177083
0 57 0.798828 0.438542 0.240625 0.240972
0 59 0.944922 0.416667 0.107031 0.233333
0 60 0.963672 0.515625 0.071875 0.250694
0 61 0.572656 0.448611 0.121094 0.175000
0 63 0.926562 0.333333 0.120313 0.216667
0 64 0.966602 0.349653 0.066016 0.224306
0 66 0.568359 0.486806 0.197656 0.193056
