0 4 0.929688 0.288542 0.139844 0.242361
0 15 0.738281 0.554167 0.378906 0.344444
0 18 0.643164 0.362847 0.198828 0.239583
0 19 0.901758 0.564236 0.198047 0.254861
0 20 0.477148 0.392014 0.173047 0.232639
0 21 0.803711 0.478125 0.282422 0.277083
0 22 0.617773 0.296528 0.176172 0.204167
0 23 0.801367 0.256944 0.194922 0.206944
0 24 0.792578 0.288889 0.164062 0.180556
0 25 0.242969 0.326389 0.146094 0.200000
0 26 0.310742 0.280208 0.166797 0.179861
0 27 0.122461 0.444792 0.209766 0.250694
0 28 0.094531 0.604861 0.189062 0.358333
0 29 0.183789 0.304514 0.083203 0.188194
0 30 0.106641 0.288542 0.138281 0.149306
0 31 0.022461 0.337500 0.044922 0.177778
