0 20 0.960547 0.369097 0.078125 0.218750
0 25 0.786523 0.310417 0.132422 0.222222
0 26 0.852734 0.259375 0.162500 0.195139
0 27 0.657422 0.372222 0.180469 0.154167
0 28 0.570703 0.589931 0.300000 0.375694
0 29 0.719922 0.269444 0.099219 0.165278
0 30 0.645312 0.268403 0.132812 0.156250
0 31 0.518359 0.306250 0.146094 0.188889
0 32 0.813672 0.525694 0.291406 0.290278
0 33 0.661914 0.465972 0.303516 0.251389
0 34 0.456836 0.429514 0.107422 0.288194
0 36 0.482422 0.503125 0.140625 0.170139
0 37 0.264844 0.516319 0.147656 0.272917
0 38 0.116016 0.559722 0.232031 0.297222
0 39 0.151953 0.498611 0.291406 0.343056
0 40 0.086523 0.235764 0.102734 0.138194
0 42 0.023047 0.453125 0.046094 0.246528
