0 10 0.184180 0.451389 0.244141 0.238889
0 12 0.719531 0.490278 0.232813 0.256944
0 38 0.318945 0.581944 0.305859 0.312500
0 39 0.049414 0.536458 0.098828 0.310417
0 40 0.328516 0.218403 0.127344 0.147917
0 45 0.374414 0.403819 0.152734 0.171528
0 51 0.419531 0.598611 0.315625 0.368056
0 53 0.513672 0.590278 0.232813 0.270833
0 56 0.454492 0.297222 0.111328 0.143056
0 57 0.565820 0.413194 0.258203 0.263889
0 58 0.872852 0.265625 0.173047 0.192361
0 59 0.921289 0.389931 0.159766 0.261806
0 60 0.934375 0.483333 0.130469 0.287500
0 61 0.444336 0.439583 0.176953 0.204167
0 62 0.625977 0.264931 0.127734 0.127083
0 63 0.674805 0.275694 0.126953 0.158333
0 64 0.712500 0.322569 0.139844 0.227083
0 65 0.110742 0.435764 0.203516 0.234028
0 66 0.534180 0.489236 0.229297 0.239583
