0 25 0.907422 0.289583 0.132031 0.200000
0 26 0.952539 0.250347 0.094141 0.184028
0 27 0.791797 0.377083 0.178125 0.187500
0 28 0.688086 0.582639 0.303516 0.373611
0 29 0.846094 0.248611 0.096875 0.151389
0 30 0.769336 0.268750 0.136328 0.163889
0 31 0.647070 0.303125 0.151172 0.197917
0 32 0.928906 0.515625 0.141406 0.270139
0 33 0.885156 0.456944 0.228906 0.256944
0 34 0.549023 0.417361 0.182422 0.284722
0 35 0.409961 0.479861 0.234766 0.236111
0 37 0.413086 0.517361 0.100391 0.276389
0 38 0.222852 0.543056 0.300391 0.288889
0 39 0.267969 0.468056 0.306250 0.345833
0 40 0.208008 0.224653 0.102734 0.127083
0 42 0.099414 0.425347 0.198047 0.225694
