0 10 0.310742 0.489236 0.251953 0.231250
0 12 0.804883 0.526389 0.247266 0.277778
0 38 0.586328 0.601736 0.278906 0.300694
0 39 0.353516 0.545139 0.219531 0.318056
0 40 0.566211 0.244097 0.129297 0.159028
0 45 0.541211 0.437500 0.145703 0.155556
0 65 0.291797 0.475347 0.237500 0.242361
0 51 0.825586 0.621875 0.317578 0.364583
0 52 0.704688 0.605208 0.184375 0.281250
0 56 0.824805 0.347569 0.119922 0.202083
0 57 0.895312 0.426389 0.208594 0.234722
0 61 0.657031 0.425347 0.103125 0.156250
0 63 0.983789 0.317708 0.031641 0.189583
0 66 0.637109 0.470833 0.196094 0.186111
