0 10 0.324609 0.454514 0.241406 0.253472
0 12 0.833984 0.510417 0.274219 0.293056
0 38 0.364648 0.588194 0.323047 0.312500
0 39 0.046484 0.544097 0.092969 0.314583
0 40 0.412305 0.220833 0.129297 0.152778
0 45 0.500977 0.388889 0.148828 0.173611
0 51 0.433398 0.603819 0.332422 0.357639
0 53 0.560156 0.601389 0.224219 0.297222
0 56 0.471289 0.302431 0.105859 0.150694
0 57 0.682422 0.419792 0.253125 0.272917
0 58 0.888672 0.265625 0.175000 0.199306
0 59 0.964063 0.393403 0.071094 0.195139
0 61 0.580469 0.457292 0.210938 0.232639
0 62 0.651758 0.267361 0.135547 0.130556
0 63 0.695312 0.264931 0.129688 0.131250
0 64 0.743750 0.317708 0.140625 0.209028
0 65 0.221875 0.441667 0.198437 0.252778
0 66 0.671680 0.493750 0.240234 0.258333
