0 25 0.846094 0.297569 0.131250 0.211806
0 26 0.917969 0.255208 0.159375 0.193750
0 27 0.723437 0.372222 0.182031 0.172222
0 28 0.633008 0.581944 0.301953 0.381944
0 29 0.788086 0.262847 0.100391 0.168750
0 30 0.712891 0.256250 0.139063 0.148611
0 31 0.584180 0.299306 0.143359 0.187500
0 32 0.879102 0.511111 0.241016 0.288889
0 33 0.783008 0.455556 0.262109 0.259722
0 34 0.502148 0.419097 0.161328 0.279861
0 35 0.321094 0.473611 0.221875 0.251389
0 36 0.597070 0.496875 0.150391 0.174306
0 37 0.337500 0.514236 0.119531 0.265972
0 38 0.170898 0.545139 0.274609 0.287500
0 39 0.215039 0.480208 0.294141 0.374306
0 40 0.155273 0.227778 0.101172 0.137500
0 42 0.066602 0.425000 0.133203 0.226389
