0 15 0.904883 0.527431 0.189453 0.336806
0 18 0.843750 0.339236 0.207813 0.234028
0 20 0.656445 0.367014 0.165234 0.232639
0 21 0.956641 0.456944 0.085938 0.252778
0 22 0.805273 0.272569 0.191016 0.213194
0 24 0.968945 0.265278 0.061328 0.177778
0 25 0.427930 0.301389 0.147266 0.198611
0 26 0.497656 0.255208 0.164062 0.182639
0 27 0.303711 0.418056 0.208984 0.248611
0 28 0.222656 0.578819 0.299219 0.352083
0 29 0.369922 0.280903 0.092969 0.179861
0 30 0.294141 0.269444 0.138281 0.154167
0 31 0.162891 0.306250 0.144531 0.191667
0 32 0.207422 0.536458 0.313281 0.272917
0 33 0.050781 0.479167 0.101562 0.258333
0 34 0.110156 0.422569 0.135937 0.246528
