0 3 0.919531 0.534375 0.160938 0.309028
0 4 0.761133 0.291667 0.226953 0.238889
0 15 0.621680 0.567708 0.278516 0.349306
0 18 0.540234 0.365625 0.189844 0.218750
0 19 0.706641 0.568056 0.207813 0.277778
0 20 0.381836 0.407292 0.174609 0.236806
0 21 0.609570 0.497569 0.356641 0.285417
0 22 0.498242 0.292708 0.162109 0.163194
0 23 0.610352 0.277083 0.202734 0.218056
0 24 0.647266 0.287153 0.164062 0.174306
0 25 0.153711 0.338194 0.140234 0.195833
0 26 0.211133 0.296528 0.159766 0.180556
0 27 0.065039 0.462153 0.130078 0.247917
0 28 0.049219 0.605208 0.098437 0.331250
0 29 0.084180 0.319444 0.098047 0.190278
0 30 0.034961 0.309375 0.069922 0.161806
