0 6 0.726367 0.361806 0.187109 0.287500
0 7 0.760742 0.386458 0.177734 0.221528
0 10 0.091992 0.589236 0.181641 0.253472
0 12 0.690234 0.665972 0.332031 0.315278
0 13 0.800000 0.622917 0.267188 0.293056
0 45 0.250781 0.521181 0.162500 0.209028
0 57 0.115039 0.544444 0.201172 0.269444
0 58 0.136328 0.406944 0.161719 0.205556
0 59 0.869922 0.567361 0.260156 0.283333
0 61 0.415430 0.594444 0.231641 0.243056
0 64 0.044727 0.423611 0.089453 0.161111
0 66 0.520117 0.618403 0.296484 0.277083
0 67 0.420898 0.609028 0.219922 0.219444
