0 10 0.151953 0.500347 0.232031 0.238194
0 12 0.666992 0.530208 0.222266 0.256250
0 38 0.325586 0.630903 0.289453 0.322917
0 39 0.087891 0.583681 0.175781 0.311806
0 40 0.341602 0.261806 0.123828 0.156944
0 45 0.350977 0.456597 0.144922 0.177083
0 51 0.499609 0.643403 0.311719 0.363194
0 52 0.517383 0.626389 0.236328 0.279167
0 56 0.522070 0.348264 0.119141 0.157639
0 57 0.615625 0.453125 0.237500 0.245139
0 58 0.933008 0.308681 0.133984 0.200694
0 59 0.895312 0.431597 0.207813 0.239583
0 60 0.917188 0.519444 0.164844 0.266667
0 61 0.438477 0.450694 0.125391 0.151389
0 62 0.712500 0.327083 0.128906 0.161111
0 63 0.748633 0.346875 0.134766 0.210417
0 64 0.777930 0.362847 0.124609 0.215972
0 65 0.108398 0.477431 0.208984 0.209028
0 66 0.479883 0.508681 0.200391 0.209028
