0 10 0.299609 0.509028 0.254688 0.270833
0 12 0.829102 0.559375 0.301172 0.295139
0 38 0.303320 0.635069 0.280078 0.320139
0 40 0.361328 0.257986 0.137500 0.160417
0 45 0.478906 0.424653 0.150000 0.156250
0 51 0.334375 0.643750 0.326562 0.354167
0 53 0.474219 0.637847 0.227344 0.299306
0 56 0.378711 0.368403 0.104297 0.195139
0 57 0.671289 0.472569 0.291016 0.282639
0 58 0.793164 0.302778 0.171484 0.181944
0 59 0.970703 0.462847 0.057813 0.247917
0 61 0.584766 0.495139 0.211719 0.230556
0 62 0.558008 0.313542 0.116016 0.128472
0 63 0.617578 0.302431 0.121875 0.118750
0 64 0.644922 0.367361 0.134375 0.233333
0 65 0.175391 0.480556 0.231250 0.244444
0 66 0.678516 0.527778 0.246875 0.265278
