0 18 0.964844 0.363889 0.069531 0.247222
0 20 0.844922 0.392708 0.167969 0.236806
0 22 0.950586 0.308333 0.098047 0.229167
0 25 0.619727 0.325347 0.152734 0.197917
0 26 0.694336 0.285764 0.162109 0.195139
0 27 0.494531 0.442708 0.207813 0.242361
0 28 0.413086 0.620833 0.297266 0.391667
0 29 0.565820 0.290972 0.094141 0.165278
0 30 0.489844 0.287153 0.135937 0.143750
0 31 0.360352 0.329861 0.139453 0.195833
0 32 0.516016 0.555556 0.264844 0.280556
0 33 0.313086 0.502083 0.297266 0.259722
0 34 0.284180 0.446181 0.147266 0.265972
0 36 0.202734 0.502431 0.139063 0.213194
0 37 0.077734 0.542014 0.129688 0.249306
0 38 0.040820 0.593056 0.081641 0.277778
0 39 0.063477 0.550347 0.126172 0.289583
