0 4 0.891406 0.292708 0.216406 0.238194
0 15 0.688867 0.561806 0.346484 0.341667
0 18 0.595117 0.373264 0.208984 0.236806
0 19 0.835547 0.573958 0.210156 0.252083
0 20 0.437305 0.402431 0.171484 0.234028
0 21 0.744727 0.471181 0.261328 0.259028
0 22 0.571484 0.303472 0.167969 0.201389
0 23 0.734961 0.265625 0.195703 0.199306
0 24 0.741797 0.292014 0.149219 0.170139
0 25 0.203906 0.336111 0.144531 0.204167
0 26 0.270508 0.289236 0.169922 0.181250
0 27 0.093945 0.453125 0.187891 0.250694
0 28 0.073438 0.602778 0.146875 0.329167
0 29 0.141016 0.312847 0.085938 0.181250
0 30 0.063672 0.299653 0.127344 0.153472
