0 10 0.116797 0.519792 0.210938 0.222917
0 37 0.966797 0.551736 0.065625 0.286806
0 38 0.787305 0.576736 0.239453 0.306250
0 39 0.822070 0.542014 0.279297 0.299306
0 40 0.814453 0.237500 0.096875 0.151389
0 42 0.882227 0.404861 0.234766 0.170833
0 43 0.881250 0.448958 0.232031 0.232639
0 44 0.679102 0.443403 0.113672 0.222917
0 45 0.541016 0.425347 0.085156 0.157639
0 46 0.536914 0.500694 0.184766 0.218056
0 48 0.497461 0.483333 0.176953 0.244444
0 65 0.236133 0.502778 0.131641 0.230556
0 49 0.034570 0.532986 0.069141 0.240972
