0 28 0.913086 0.564931 0.173047 0.365972
0 31 0.943945 0.284722 0.111328 0.201389
0 34 0.862305 0.402778 0.223828 0.277778
0 35 0.928320 0.447222 0.142578 0.220833
0 37 0.706641 0.505208 0.079687 0.284028
0 38 0.528906 0.524306 0.274219 0.290278
0 39 0.561328 0.458333 0.282031 0.345833
0 40 0.537500 0.205556 0.092188 0.133333
0 42 0.412500 0.403125 0.201563 0.215972
0 43 0.381250 0.432639 0.212500 0.254167
0 44 0.265625 0.392014 0.150781 0.203472
0 45 0.146484 0.358681 0.115625 0.152083
0 46 0.089648 0.460764 0.177734 0.231250
0 47 0.084375 0.412847 0.166406 0.197917
