0 15 0.926562 0.528472 0.146875 0.336111
0 18 0.869531 0.338542 0.204687 0.232639
0 20 0.686523 0.365972 0.162891 0.231944
0 22 0.835742 0.274653 0.197266 0.217361
0 25 0.457031 0.303125 0.151562 0.202083
0 26 0.527344 0.259375 0.158594 0.192361
0 27 0.336328 0.419792 0.207031 0.242361
0 28 0.250000 0.583681 0.303125 0.365972
0 29 0.401367 0.278819 0.094922 0.175694
0 30 0.322852 0.274306 0.136328 0.161111
0 31 0.193359 0.303819 0.150000 0.184028
0 32 0.256055 0.537847 0.307422 0.284028
0 33 0.078125 0.477431 0.156250 0.242361
0 34 0.142773 0.433681 0.132422 0.268750
