0 10 0.147852 0.491319 0.226953 0.242361
0 12 0.663867 0.534028 0.224609 0.272222
0 38 0.302930 0.625694 0.307422 0.315278
0 39 0.077148 0.583333 0.154297 0.319444
0 40 0.328711 0.261806 0.130859 0.150000
0 45 0.346094 0.456250 0.153125 0.170833
0 51 0.480859 0.643750 0.322656 0.365278
0 56 0.500977 0.345833 0.119141 0.162500
0 57 0.598437 0.451736 0.240625 0.249306
0 58 0.923047 0.302778 0.153125 0.191667
0 59 0.885938 0.430903 0.225000 0.238194
0 60 0.919922 0.522222 0.159375 0.254167
0 61 0.426367 0.457639 0.138672 0.170833
0 62 0.687891 0.326736 0.119531 0.164583
0 63 0.726172 0.332986 0.133594 0.195139
0 64 0.758398 0.359722 0.126172 0.212500
0 65 0.101758 0.471528 0.202734 0.209722
0 66 0.483203 0.498611 0.203906 0.187500
