0 10 0.279102 0.439583 0.250391 0.247222
0 12 0.798828 0.490972 0.238281 0.279167
0 38 0.381641 0.574653 0.299219 0.299306
0 39 0.056445 0.525347 0.112891 0.313194
0 40 0.391406 0.205208 0.135937 0.156250
0 45 0.467383 0.389583 0.153516 0.169444
0 51 0.452930 0.584722 0.320703 0.362500
0 53 0.553711 0.583681 0.245703 0.281250
0 56 0.488672 0.284375 0.110156 0.143750
0 57 0.646094 0.402431 0.246875 0.260417
0 58 0.905273 0.250347 0.173828 0.186806
0 59 0.950586 0.382986 0.098047 0.225694
0 61 0.536133 0.444444 0.198828 0.233333
0 62 0.666797 0.255208 0.126562 0.127083
0 63 0.707227 0.253819 0.131641 0.135417
0 64 0.761914 0.316667 0.144141 0.230556
0 65 0.184766 0.428125 0.241406 0.236806
0 66 0.627344 0.485764 0.225000 0.260417
