0 20 0.983008 0.369792 0.033203 0.238194
0 25 0.824023 0.297569 0.138672 0.207639
0 26 0.902344 0.254167 0.167969 0.195833
0 27 0.701562 0.348611 0.171094 0.129167
0 28 0.613281 0.583681 0.298438 0.384028
0 29 0.765234 0.262847 0.095312 0.164583
0 30 0.689648 0.255903 0.141016 0.146528
0 31 0.563086 0.301042 0.137109 0.195139
0 32 0.866602 0.519444 0.266016 0.287500
0 33 0.753711 0.462500 0.280078 0.251389
0 34 0.497852 0.420833 0.123828 0.281944
0 35 0.294141 0.480556 0.207813 0.241667
0 36 0.554492 0.500347 0.151172 0.164583
0 37 0.316992 0.511458 0.116797 0.261806
0 38 0.150586 0.549653 0.263672 0.289583
0 39 0.188281 0.488889 0.304688 0.359722
0 40 0.133984 0.230208 0.100000 0.134028
0 42 0.058984 0.429861 0.114062 0.227778
