0 3 0.859180 0.547569 0.280859 0.318750
0 4 0.551172 0.308333 0.196094 0.227778
0 14 0.827930 0.497569 0.321484 0.300694
0 15 0.506445 0.578125 0.311328 0.345139
0 16 0.565234 0.308681 0.202344 0.209028
0 18 0.418555 0.368403 0.170703 0.211806
0 19 0.394727 0.603125 0.210547 0.213194
0 20 0.279492 0.406250 0.169141 0.218056
0 21 0.338477 0.508333 0.306641 0.261111
0 22 0.316406 0.305208 0.163281 0.157639
0 23 0.340234 0.286458 0.207813 0.179861
0 24 0.445508 0.324306 0.158203 0.180556
0 25 0.050000 0.351042 0.100000 0.204861
0 26 0.058984 0.311458 0.117969 0.185417
0 27 0.009375 0.513542 0.018750 0.145139
