0 6 0.931836 0.340278 0.135547 0.291667
0 10 0.140625 0.551042 0.247656 0.229861
0 12 0.733594 0.628472 0.371875 0.311111
0 13 0.900781 0.579861 0.197656 0.275000
0 40 0.077344 0.313194 0.153906 0.154167
0 45 0.291211 0.488194 0.147266 0.194444
0 53 0.063867 0.709028 0.121484 0.312500
0 56 0.014844 0.433681 0.029687 0.135417
0 57 0.333008 0.513194 0.206641 0.273611
0 58 0.355469 0.365278 0.160938 0.180556
0 59 0.897461 0.524306 0.204297 0.265278
0 61 0.464453 0.561111 0.239063 0.237500
0 62 0.108203 0.381250 0.114062 0.151389
0 63 0.203711 0.376042 0.138672 0.152083
0 64 0.233398 0.421181 0.150391 0.215972
0 65 0.039062 0.499306 0.078125 0.158333
0 66 0.551367 0.593750 0.305859 0.268056
0 67 0.482031 0.589236 0.194531 0.252083
