0 10 0.182617 0.495833 0.243359 0.227778
0 12 0.683008 0.545139 0.240234 0.295833
0 38 0.406836 0.620139 0.270703 0.315278
0 39 0.165430 0.573264 0.216016 0.320139
0 40 0.407617 0.253472 0.135547 0.154167
0 45 0.404687 0.443056 0.141406 0.159722
0 65 0.151953 0.488194 0.257031 0.244444
0 51 0.626563 0.638542 0.322656 0.365972
0 52 0.571094 0.609722 0.202344 0.254167
0 56 0.632031 0.361111 0.117969 0.202778
0 57 0.714648 0.439931 0.233984 0.236806
0 59 0.918945 0.418403 0.154297 0.246528
0 60 0.940820 0.513542 0.118359 0.267361
0 61 0.503906 0.453819 0.117969 0.178472
0 63 0.851367 0.326389 0.122266 0.184722
0 64 0.896094 0.350000 0.100000 0.218056
0 66 0.517969 0.485417 0.210938 0.179167
