0 10 0.328320 0.456597 0.236328 0.249306
0 12 0.842969 0.520833 0.275000 0.293056
0 38 0.354883 0.599306 0.310547 0.315278
0 39 0.037305 0.555903 0.074609 0.311806
0 40 0.405664 0.227778 0.131641 0.152778
0 45 0.503516 0.397569 0.150781 0.160417
0 51 0.413867 0.614236 0.328516 0.360417
0 53 0.543750 0.609028 0.226562 0.280556
0 56 0.451953 0.317361 0.107813 0.159722
0 57 0.671680 0.433333 0.262891 0.281944
0 58 0.866211 0.271181 0.176172 0.185417
0 59 0.975391 0.404514 0.049219 0.207639
0 61 0.588867 0.471875 0.212891 0.238194
0 62 0.620703 0.285417 0.114062 0.141667
0 63 0.678711 0.273611 0.128516 0.133333
0 64 0.725391 0.329167 0.138281 0.213889
0 65 0.211523 0.454167 0.221484 0.250000
0 66 0.670703 0.497569 0.236719 0.252083
