0 6 0.851367 0.349653 0.186328 0.297917
0 7 0.895703 0.360417 0.160938 0.190278
0 10 0.118945 0.571528 0.237109 0.248611
0 12 0.750586 0.650694 0.295703 0.318056
0 13 0.875977 0.596875 0.247266 0.274306
0 40 0.048438 0.327083 0.096875 0.141667
0 45 0.273633 0.505556 0.154297 0.198611
0 57 0.231055 0.533681 0.203516 0.274306
0 58 0.259570 0.384375 0.166797 0.189583
0 59 0.880664 0.538542 0.237891 0.261806
0 61 0.447461 0.581250 0.264453 0.243056
0 62 0.038281 0.414583 0.074219 0.177778
0 63 0.111719 0.403819 0.143750 0.177083
0 64 0.136133 0.438889 0.202734 0.222222
0 66 0.548438 0.607292 0.295312 0.267361
0 67 0.475586 0.598958 0.212109 0.222917
