0 3 0.949805 0.517361 0.100391 0.326389
0 68 0.813086 0.540625 0.341797 0.318750
0 4 0.470898 0.308681 0.200391 0.234028
0 14 0.715234 0.486458 0.321094 0.306250
0 15 0.416211 0.575000 0.294922 0.338889
0 18 0.343164 0.375694 0.191797 0.229167
0 19 0.277344 0.607986 0.221094 0.225694
0 20 0.203320 0.401736 0.172266 0.213194
0 21 0.202539 0.510764 0.330859 0.281250
0 22 0.221094 0.293056 0.150781 0.138889
0 23 0.221875 0.294792 0.221094 0.185417
0 24 0.352734 0.326042 0.156250 0.177083
0 25 0.012695 0.370139 0.025391 0.145833
