0 27 0.977930 0.363889 0.043359 0.215278
0 28 0.874805 0.564583 0.249609 0.376389
0 31 0.891992 0.278472 0.144141 0.197222
0 34 0.807813 0.401389 0.156250 0.280556
0 35 0.860938 0.455556 0.231250 0.234722
0 37 0.642969 0.500347 0.079687 0.290972
0 38 0.459375 0.524306 0.278906 0.295833
0 39 0.491992 0.456597 0.292578 0.363194
0 40 0.453711 0.203125 0.100391 0.122917
0 42 0.336328 0.402083 0.192969 0.216667
0 43 0.247656 0.426736 0.223438 0.259028
0 44 0.157422 0.384028 0.139063 0.191667
0 45 0.054883 0.355208 0.107422 0.139583
0 46 0.038086 0.447917 0.076172 0.230556
0 47 0.037500 0.407986 0.075000 0.189583
