0 6 0.797852 0.354861 0.184766 0.294444
0 7 0.846680 0.377778 0.153516 0.212500
0 10 0.108398 0.577083 0.214453 0.247222
0 12 0.730664 0.649306 0.331641 0.298611
0 13 0.858984 0.614583 0.277344 0.280556
0 40 0.032813 0.333681 0.065625 0.117361
0 45 0.273633 0.517708 0.147266 0.214583
0 57 0.173437 0.538889 0.221094 0.272222
0 58 0.202148 0.395486 0.162891 0.190972
0 59 0.879102 0.549306 0.241016 0.262500
0 61 0.441211 0.587153 0.266797 0.242361
0 63 0.066797 0.408333 0.125781 0.159722
0 64 0.083594 0.424306 0.167187 0.172222
0 66 0.521680 0.612153 0.326953 0.272917
0 67 0.469727 0.602778 0.210547 0.205556
