0 10 0.299414 0.445833 0.244922 0.252778
0 12 0.818750 0.485417 0.240625 0.275000
0 38 0.373242 0.575694 0.326172 0.297222
0 39 0.057227 0.532639 0.114453 0.319444
0 40 0.403906 0.211458 0.138281 0.154861
0 45 0.485352 0.392708 0.154297 0.174306
0 51 0.454883 0.591667 0.322266 0.356944
0 53 0.552930 0.591667 0.259766 0.283333
0 56 0.489258 0.288194 0.106641 0.144444
0 57 0.665430 0.402778 0.246484 0.265278
0 58 0.907227 0.255208 0.172266 0.182639
0 59 0.957227 0.384375 0.084766 0.222917
0 61 0.558203 0.446875 0.203125 0.243750
0 62 0.668945 0.258333 0.126953 0.129167
0 63 0.709961 0.264236 0.130078 0.156250
0 64 0.759570 0.310069 0.145703 0.222917
0 65 0.207617 0.430208 0.215234 0.240972
0 66 0.644531 0.484375 0.215625 0.250694
