0 10 0.236914 0.528819 0.237891 0.221528
0 38 0.849414 0.584722 0.242578 0.291667
0 39 0.880078 0.557639 0.239844 0.302778
0 40 0.888086 0.247569 0.103516 0.156250
0 42 0.937695 0.432986 0.123828 0.179861
0 43 0.958594 0.494097 0.082031 0.242361
0 44 0.809375 0.435417 0.114062 0.188889
0 45 0.652539 0.437847 0.108203 0.147917
0 46 0.672656 0.513194 0.182812 0.233333
0 48 0.631641 0.486458 0.173437 0.260417
0 65 0.314844 0.517708 0.135937 0.227083
0 49 0.111523 0.554167 0.092578 0.240278
0 50 0.020313 0.571875 0.040625 0.249306
