0 10 0.341797 0.486458 0.246875 0.243750
0 12 0.837695 0.509722 0.249609 0.270833
0 38 0.634961 0.598264 0.253516 0.307639
0 39 0.414844 0.542361 0.226562 0.340278
0 40 0.623047 0.241667 0.124219 0.148611
0 45 0.583984 0.442361 0.144531 0.165278
0 65 0.327734 0.472569 0.239063 0.249306
0 51 0.863281 0.615625 0.272656 0.367361
0 52 0.750586 0.594097 0.184766 0.271528
0 56 0.883789 0.326389 0.120703 0.165278
0 57 0.925391 0.442708 0.148438 0.278472
0 61 0.704102 0.409028 0.111328 0.130556
0 66 0.683203 0.464236 0.194531 0.172917
