0 10 0.249023 0.437847 0.248828 0.247917
0 12 0.767578 0.488194 0.246875 0.261111
0 38 0.368164 0.575694 0.295703 0.316667
0 39 0.055664 0.521181 0.111328 0.302083
0 40 0.372070 0.210417 0.128516 0.148611
0 45 0.435352 0.387500 0.148047 0.158333
0 51 0.446289 0.589236 0.319141 0.368750
0 53 0.532617 0.583333 0.259766 0.268056
0 56 0.478906 0.285764 0.114062 0.143750
0 57 0.613281 0.403125 0.248438 0.261806
0 58 0.894141 0.254167 0.175000 0.191667
0 59 0.945703 0.386458 0.107813 0.231250
0 60 0.963281 0.477431 0.072656 0.267361
0 61 0.506055 0.432292 0.189453 0.221528
0 62 0.652148 0.256597 0.122266 0.125694
0 63 0.697070 0.260764 0.127734 0.146528
0 64 0.746875 0.318403 0.155469 0.235417
0 65 0.160547 0.427778 0.221094 0.250000
0 66 0.601172 0.482639 0.232031 0.240278
