0 25 0.953516 0.281250 0.092188 0.188889
0 26 0.986914 0.241319 0.025391 0.157639
0 27 0.865234 0.369097 0.185156 0.192361
0 28 0.750195 0.573958 0.308984 0.382639
0 29 0.923047 0.241319 0.075781 0.146528
0 30 0.853125 0.266667 0.119531 0.180556
0 31 0.708398 0.294097 0.144922 0.197917
0 33 0.952539 0.453125 0.094141 0.257639
0 34 0.640625 0.416667 0.132031 0.288889
0 35 0.531250 0.471528 0.262500 0.230556
0 36 0.860742 0.486458 0.104297 0.156250
0 37 0.470313 0.508681 0.107031 0.277083
0 38 0.294727 0.538889 0.278516 0.294444
0 39 0.325195 0.463889 0.303516 0.358333
0 40 0.272852 0.219444 0.093359 0.131944
0 42 0.157617 0.421875 0.202734 0.231250
