0 10 0.163281 0.495486 0.234375 0.235417
0 12 0.678125 0.530208 0.233594 0.260417
0 38 0.382227 0.623611 0.250391 0.323611
0 39 0.109180 0.579514 0.206641 0.304861
0 40 0.374414 0.261458 0.123047 0.153472
0 45 0.370898 0.454514 0.139453 0.149306
0 51 0.559570 0.643403 0.317578 0.372917
0 52 0.535547 0.618403 0.234375 0.268750
0 56 0.571094 0.350000 0.118750 0.165278
0 57 0.648438 0.450347 0.243750 0.239583
0 58 0.955469 0.312500 0.088281 0.204167
0 59 0.914062 0.435069 0.168750 0.261806
0 60 0.926172 0.520833 0.146875 0.266667
0 61 0.461719 0.454861 0.120313 0.165278
0 62 0.760156 0.331250 0.123438 0.165278
0 63 0.788281 0.338889 0.140625 0.197222
0 64 0.827734 0.357639 0.118750 0.213889
0 65 0.129688 0.483681 0.217969 0.232639
0 66 0.499609 0.503125 0.201563 0.178472
