0 20 0.939258 0.378472 0.121484 0.230556
0 25 0.742578 0.313542 0.134375 0.209028
0 26 0.812500 0.272917 0.163281 0.193056
0 27 0.611328 0.380903 0.184375 0.152083
0 28 0.527344 0.605208 0.291406 0.377083
0 29 0.680469 0.285764 0.092969 0.182639
0 30 0.600781 0.273611 0.134375 0.152778
0 31 0.472852 0.313542 0.137891 0.184028
0 32 0.725586 0.538194 0.300391 0.297222
0 33 0.555078 0.491319 0.294531 0.264583
0 34 0.410938 0.434722 0.081250 0.283333
0 36 0.400000 0.517708 0.142969 0.172917
0 37 0.222266 0.530903 0.158594 0.261806
0 38 0.090039 0.571181 0.180078 0.296528
0 39 0.126758 0.492361 0.251953 0.318056
0 40 0.046484 0.250000 0.092969 0.129167
