0 3 0.964063 0.538542 0.071094 0.318750
0 4 0.799219 0.297917 0.235156 0.241667
0 15 0.630273 0.567708 0.283203 0.349306
0 18 0.542578 0.371181 0.185156 0.229861
0 19 0.740625 0.582292 0.208594 0.225694
0 20 0.386328 0.409028 0.176563 0.237500
0 21 0.662891 0.487500 0.278125 0.273611
0 22 0.519141 0.294792 0.170313 0.167361
0 23 0.641797 0.281597 0.202344 0.210417
0 24 0.663477 0.286806 0.165234 0.180556
0 25 0.156250 0.335069 0.147656 0.193750
0 26 0.219727 0.295139 0.163672 0.186111
0 27 0.068555 0.460069 0.137109 0.250694
0 28 0.057813 0.604167 0.115625 0.331944
0 29 0.089844 0.319097 0.094531 0.188194
0 30 0.039062 0.303125 0.078125 0.150694
