0 3 0.965234 0.537500 0.068750 0.320833
0 4 0.822266 0.305903 0.232031 0.256250
0 15 0.638867 0.566319 0.285547 0.345139
0 18 0.551953 0.372569 0.196875 0.232639
0 19 0.764648 0.573611 0.215234 0.255556
0 20 0.393750 0.405208 0.173437 0.238194
0 21 0.682422 0.480208 0.262500 0.257639
0 22 0.527148 0.294444 0.169141 0.172222
0 23 0.659961 0.273264 0.194922 0.204861
0 24 0.675391 0.292708 0.176563 0.170139
0 25 0.159570 0.336458 0.152734 0.199306
0 26 0.227539 0.294792 0.165234 0.188194
0 27 0.073047 0.461111 0.146094 0.250000
0 28 0.053906 0.606597 0.107813 0.329861
0 29 0.101172 0.319097 0.092969 0.188194
0 30 0.041992 0.299653 0.083984 0.136806
