0 3 0.948633 0.538542 0.101953 0.313194
0 4 0.726953 0.301736 0.217188 0.235417
0 15 0.625195 0.576042 0.287891 0.356250
0 16 0.736719 0.294792 0.199219 0.195139
0 18 0.544922 0.369792 0.191406 0.209028
0 19 0.642578 0.576389 0.214062 0.270833
0 20 0.381055 0.413542 0.165234 0.235417
0 21 0.585156 0.500694 0.335938 0.276389
0 22 0.484180 0.298611 0.158984 0.159722
0 23 0.573633 0.281597 0.194922 0.211806
0 24 0.622852 0.296875 0.166016 0.168750
0 25 0.141797 0.344097 0.162500 0.195139
0 26 0.200977 0.298264 0.167578 0.188194
0 27 0.062695 0.459375 0.125391 0.239583
0 28 0.070703 0.613542 0.141406 0.318750
0 29 0.072852 0.326042 0.101953 0.185417
0 30 0.028125 0.313889 0.056250 0.155556
