0 10 0.152148 0.519097 0.218359 0.224306
0 37 0.983398 0.558333 0.032422 0.283333
0 38 0.804297 0.571181 0.246094 0.296528
0 39 0.843945 0.538889 0.280078 0.308333
0 40 0.839844 0.239236 0.096094 0.157639
0 42 0.900586 0.397569 0.198047 0.156250
0 43 0.907227 0.452431 0.184766 0.203472
0 44 0.714648 0.439931 0.116016 0.210417
0 45 0.570508 0.419097 0.094922 0.143750
0 46 0.580859 0.493750 0.178906 0.240278
0 48 0.519531 0.484375 0.217188 0.253472
0 65 0.258398 0.504861 0.137891 0.231944
0 49 0.050391 0.534375 0.100781 0.232639
