0 10 0.276562 0.505903 0.241406 0.235417
0 12 0.833594 0.575694 0.281250 0.304167
0 38 0.194922 0.653472 0.342969 0.326389
0 40 0.320312 0.270486 0.132812 0.160417
0 45 0.454102 0.454514 0.157422 0.197917
0 51 0.252930 0.662847 0.330859 0.357639
0 53 0.412891 0.658681 0.168750 0.302083
0 56 0.304297 0.378819 0.110937 0.185417
0 57 0.614648 0.470833 0.240234 0.258333
0 58 0.716016 0.320833 0.171094 0.181944
0 59 0.949023 0.463194 0.101172 0.219444
0 61 0.564453 0.513889 0.221094 0.236111
0 62 0.470117 0.337500 0.115234 0.150000
0 63 0.551367 0.323264 0.124609 0.127083
0 64 0.578125 0.367708 0.129688 0.196528
0 65 0.150391 0.499306 0.207031 0.236111
0 66 0.650000 0.541319 0.263281 0.285417
