0 18 0.934766 0.357639 0.129688 0.245833
0 20 0.785352 0.386111 0.162109 0.237500
0 22 0.920312 0.288194 0.158594 0.212500
0 25 0.555273 0.320833 0.160547 0.204167
0 26 0.634375 0.278819 0.157031 0.199306
0 27 0.434570 0.434028 0.212891 0.237500
0 28 0.358203 0.606944 0.292187 0.386111
0 29 0.504687 0.291319 0.093750 0.172917
0 30 0.426953 0.284375 0.129688 0.149306
0 31 0.298242 0.322569 0.139453 0.195139
0 32 0.419531 0.550347 0.282031 0.267361
0 33 0.197070 0.492014 0.258984 0.242361
0 34 0.268750 0.423264 0.115625 0.245139
0 36 0.094141 0.517708 0.138281 0.160417
0 39 0.033203 0.568750 0.066406 0.238889
