0 10 0.245117 0.532292 0.231641 0.257639
0 12 0.802734 0.590972 0.354687 0.305556
0 13 0.950195 0.550000 0.098828 0.256944
0 38 0.124609 0.652778 0.249219 0.302778
0 40 0.242773 0.280903 0.139453 0.159028
0 45 0.410742 0.460417 0.152734 0.190278
0 51 0.139258 0.674653 0.278516 0.353472
0 53 0.304492 0.670833 0.131641 0.309722
0 56 0.179688 0.384028 0.118750 0.180556
0 57 0.548047 0.479514 0.210938 0.260417
0 58 0.593750 0.331944 0.169531 0.186111
0 59 0.939648 0.475694 0.119922 0.234722
0 61 0.545117 0.519792 0.224609 0.224306
0 62 0.347852 0.357986 0.124609 0.168750
0 63 0.438281 0.353125 0.160938 0.165972
0 64 0.466016 0.382639 0.120313 0.208333
0 65 0.106250 0.484028 0.212500 0.195833
0 66 0.623047 0.557292 0.308594 0.261806
0 67 0.581836 0.528819 0.238672 0.231250
