0 15 0.871484 0.526736 0.256250 0.340972
0 18 0.803906 0.336806 0.206250 0.229167
0 20 0.627734 0.368750 0.166406 0.233333
0 21 0.934375 0.451736 0.130469 0.274306
0 22 0.775781 0.271875 0.177344 0.210417
0 23 0.976758 0.246528 0.045703 0.184722
0 24 0.956836 0.271528 0.085547 0.187500
0 25 0.398047 0.303125 0.149219 0.206250
0 26 0.467578 0.256250 0.162500 0.181944
0 27 0.274805 0.418403 0.207422 0.245139
0 28 0.195508 0.576389 0.299609 0.350000
0 29 0.343359 0.273611 0.089844 0.175000
0 30 0.265625 0.270139 0.135156 0.162500
0 31 0.132422 0.305556 0.142969 0.190278
0 32 0.156641 0.537847 0.312500 0.277083
0 33 0.025195 0.485417 0.050391 0.194444
0 34 0.077734 0.425347 0.137500 0.252083
