0 3 0.932031 0.546875 0.135156 0.321528
0 4 0.705664 0.300000 0.208203 0.233333
0 15 0.622070 0.575000 0.296484 0.343056
0 16 0.716016 0.300347 0.194531 0.197917
0 18 0.532617 0.367014 0.180078 0.209028
0 19 0.628516 0.565972 0.196094 0.275000
0 20 0.373242 0.414236 0.162891 0.239583
0 21 0.572461 0.495486 0.315234 0.260417
0 22 0.469922 0.298611 0.152344 0.159722
0 23 0.544141 0.287500 0.212500 0.222222
0 24 0.607031 0.298611 0.164844 0.170833
0 25 0.135352 0.345486 0.166797 0.197917
0 26 0.188086 0.301042 0.173047 0.177083
0 27 0.058594 0.463194 0.117188 0.234722
0 28 0.062891 0.612847 0.125781 0.329861
0 29 0.068945 0.318403 0.094141 0.171528
0 30 0.028711 0.317708 0.057422 0.168750
