0 10 0.153320 0.475694 0.235547 0.240278
0 12 0.672852 0.518403 0.230078 0.272917
0 38 0.295508 0.609028 0.301953 0.313889
0 39 0.063086 0.560069 0.126172 0.307639
0 40 0.308789 0.243750 0.140234 0.154167
0 45 0.343945 0.432639 0.152734 0.175000
0 51 0.444727 0.623958 0.319922 0.368750
0 53 0.495508 0.603125 0.241016 0.282639
0 56 0.467383 0.317708 0.114453 0.142361
0 57 0.569336 0.439236 0.251953 0.254861
0 58 0.889258 0.290972 0.180078 0.194444
0 59 0.881250 0.414931 0.232813 0.263194
0 60 0.927344 0.505208 0.142187 0.279861
0 61 0.408984 0.451042 0.153906 0.188194
0 62 0.648438 0.300347 0.121094 0.143750
0 63 0.686719 0.317361 0.125000 0.180556
0 64 0.730664 0.342014 0.120703 0.209028
0 65 0.096484 0.457292 0.192188 0.218750
0 66 0.475977 0.499653 0.216016 0.217361
