0 28 0.975586 0.653472 0.048047 0.261111
0 34 0.954883 0.440972 0.089453 0.262500
0 37 0.825586 0.540278 0.084766 0.290278
0 38 0.648438 0.561111 0.270313 0.298611
0 39 0.671094 0.533681 0.276562 0.310417
0 40 0.666016 0.221875 0.092188 0.149306
0 42 0.610742 0.437500 0.234766 0.229167
0 43 0.576562 0.471875 0.307812 0.232639
0 44 0.464258 0.429861 0.141797 0.216667
0 45 0.324219 0.383681 0.103906 0.125694
0 46 0.281250 0.493056 0.181250 0.225000
0 47 0.283008 0.435417 0.116016 0.173611
0 48 0.236523 0.480903 0.207422 0.235417
0 65 0.084375 0.485764 0.123438 0.231250
