0 3 0.882422 0.544097 0.234375 0.321528
0 4 0.679883 0.298958 0.198047 0.229861
0 15 0.615234 0.575000 0.303906 0.341667
0 16 0.703711 0.305556 0.187891 0.205556
0 18 0.523633 0.365972 0.184766 0.211111
0 20 0.364063 0.415625 0.160156 0.236806
0 21 0.536914 0.505556 0.335547 0.279167
0 22 0.454297 0.312153 0.151562 0.185417
0 23 0.532617 0.290625 0.207422 0.217361
0 24 0.590234 0.293403 0.164062 0.157639
0 25 0.133008 0.347222 0.154297 0.201389
0 26 0.174609 0.303472 0.171094 0.176389
0 27 0.054883 0.454514 0.109766 0.227083
0 28 0.059180 0.620486 0.118359 0.340972
0 29 0.063086 0.315278 0.099609 0.169444
0 30 0.022070 0.322222 0.044141 0.159722
