0 3 0.860938 0.515278 0.237500 0.345833
0 2 0.808984 0.555903 0.153125 0.203472
0 68 0.622656 0.537500 0.428906 0.302778
0 4 0.346680 0.289583 0.189453 0.211111
0 14 0.521094 0.475694 0.342969 0.337500
0 15 0.283984 0.564236 0.295312 0.336806
0 18 0.216016 0.369792 0.202344 0.242361
0 19 0.094531 0.595833 0.187500 0.220833
0 20 0.094531 0.392014 0.167969 0.210417
0 21 0.081055 0.501042 0.162109 0.257639
0 22 0.087500 0.282986 0.144531 0.131250
0 23 0.078516 0.285764 0.157031 0.177083
0 24 0.213281 0.333333 0.166406 0.209722
