0 28 0.947070 0.587500 0.105859 0.343056
0 31 0.975781 0.265625 0.047656 0.149306
0 34 0.926172 0.411111 0.146875 0.280556
0 37 0.771484 0.515625 0.083594 0.282639
0 38 0.592187 0.538542 0.272656 0.296528
0 39 0.615430 0.502431 0.280859 0.314583
0 40 0.607812 0.205556 0.092188 0.133333
0 42 0.508789 0.420486 0.188672 0.234028
0 43 0.476172 0.461806 0.243750 0.238889
0 44 0.363086 0.415278 0.161328 0.229167
0 45 0.238867 0.369097 0.113672 0.154861
0 46 0.185547 0.470486 0.183594 0.235417
0 47 0.194727 0.424306 0.146484 0.195833
0 48 0.156445 0.445833 0.205078 0.209722
0 65 0.042383 0.460417 0.084766 0.223611
