0 3 0.816016 0.552778 0.367188 0.333333
0 4 0.526172 0.305556 0.201563 0.231944
0 14 0.793555 0.497917 0.326953 0.293056
0 15 0.476562 0.572569 0.298438 0.338194
0 16 0.541406 0.301042 0.185156 0.196528
0 18 0.393555 0.370139 0.180859 0.218056
0 19 0.353125 0.596181 0.208594 0.211806
0 20 0.250586 0.399653 0.160547 0.213194
0 21 0.295312 0.505556 0.301563 0.265278
0 22 0.279687 0.298264 0.163281 0.156250
0 23 0.304492 0.286111 0.218359 0.179167
0 24 0.416406 0.321875 0.157031 0.174306
0 25 0.037500 0.347569 0.075000 0.209028
0 26 0.042969 0.310764 0.085938 0.182639
