0 20 0.928516 0.383681 0.142187 0.234028
0 25 0.719531 0.319097 0.143750 0.206250
0 26 0.791602 0.277083 0.161328 0.194444
0 27 0.597070 0.390278 0.183203 0.159722
0 28 0.508594 0.609375 0.285938 0.378472
0 29 0.662305 0.291667 0.098047 0.191667
0 30 0.582422 0.279514 0.132812 0.149306
0 31 0.457031 0.312500 0.136719 0.173611
0 32 0.688867 0.539236 0.287891 0.286806
0 33 0.531055 0.490972 0.310547 0.265278
0 34 0.398828 0.433333 0.089063 0.262500
0 36 0.366406 0.521181 0.139063 0.171528
0 37 0.205078 0.538542 0.152344 0.263194
0 38 0.080078 0.579167 0.160156 0.300000
0 39 0.120117 0.503472 0.238672 0.316667
0 40 0.036914 0.249653 0.073828 0.128472
