2 1 0.206641 0.251736 0.191406 0.196528
2 2 0.074414 0.298611 0.105078 0.116667
2 3 0.057617 0.209375 0.113672 0.161806
2 4 0.391406 0.729514 0.197656 0.407639
2 5 0.142969 0.193750 0.057031 0.140278
2 6 0.348242 0.245486 0.119922 0.163194
2 7 0.296484 0.187847 0.110937 0.171528
2 8 0.346094 0.194097 0.139063 0.190972
2 10 0.591602 0.867361 0.328516 0.263889
2 11 0.775977 0.795486 0.446484 0.407639
2 12 0.473438 0.307986 0.156250 0.189583
2 13 0.628516 0.265625 0.128906 0.167361
2 14 0.689648 0.290972 0.129297 0.204167
2 15 0.769922 0.313889 0.147656 0.176389
2 16 0.973242 0.590972 0.051953 0.244444
2 17 0.594336 0.339583 0.144922 0.205556
2 18 0.918945 0.330208 0.160547 0.271528
2 19 0.812500 0.353125 0.073438 0.245139
2 20 0.559570 0.567708 0.263672 0.374306
2 21 0.811914 0.752431 0.366016 0.449306
2 22 0.312500 0.874653 0.143750 0.249306
