2 1 0.377539 0.171875 0.167578 0.224306
2 2 0.068945 0.236111 0.110547 0.119444
2 3 0.063086 0.149653 0.126172 0.186806
2 4 0.652930 0.351389 0.177734 0.223611
2 5 0.132812 0.125000 0.055469 0.138889
2 6 0.458594 0.168056 0.046875 0.190278
2 7 0.301563 0.122222 0.107031 0.166667
2 8 0.338867 0.126389 0.137109 0.179167
2 9 0.312695 0.183681 0.115234 0.153472
2 10 0.620898 0.843750 0.386328 0.311111
2 11 0.774023 0.763889 0.450391 0.470833
2 12 0.500391 0.220139 0.116406 0.190278
2 13 0.631641 0.205903 0.131250 0.171528
2 14 0.688086 0.220833 0.129297 0.197222
2 15 0.769922 0.248611 0.147656 0.180556
2 17 0.584570 0.254861 0.117578 0.198611
2 18 0.922852 0.279514 0.138672 0.272917
2 19 0.882422 0.273611 0.149219 0.223611
2 20 0.541016 0.593056 0.140625 0.430556
2 21 0.806641 0.709722 0.385156 0.398611
2 22 0.304102 0.847917 0.127734 0.302778
2 23 0.185352 0.389931 0.187109 0.289583
