2 1 0.143164 0.269097 0.198828 0.189583
2 2 0.070117 0.295833 0.105859 0.115278
2 3 0.054883 0.217708 0.108203 0.156250
2 4 0.376758 0.765278 0.302734 0.394444
2 5 0.139648 0.198958 0.051953 0.140972
2 6 0.305078 0.253472 0.149219 0.163889
2 7 0.289453 0.197569 0.110937 0.171528
2 8 0.340039 0.200347 0.144141 0.192361
2 9 0.428516 0.253819 0.119531 0.142361
2 10 0.588867 0.871528 0.301953 0.255556
2 11 0.779492 0.800347 0.439453 0.397917
2 12 0.472070 0.313194 0.160547 0.186111
2 13 0.622852 0.269097 0.128516 0.167361
2 14 0.683789 0.296875 0.129297 0.203472
2 15 0.763281 0.321181 0.146875 0.178472
2 16 0.970313 0.596875 0.059375 0.253472
2 17 0.599414 0.347917 0.126172 0.202778
2 18 0.906445 0.332986 0.185547 0.261806
2 19 0.778516 0.377083 0.159375 0.205556
2 20 0.542578 0.569792 0.256250 0.377083
2 21 0.800586 0.731944 0.376172 0.459722
2 22 0.325781 0.919097 0.128125 0.160417
