2 1 0.399023 0.261458 0.173828 0.188194
2 2 0.060547 0.318403 0.110156 0.121528
2 3 0.062695 0.224653 0.126953 0.161806
2 4 0.737109 0.396528 0.142187 0.223611
2 5 0.127344 0.206944 0.050781 0.138889
2 6 0.475781 0.247222 0.101562 0.154167
2 7 0.292773 0.204167 0.106641 0.158333
2 8 0.333984 0.213889 0.138281 0.179167
2 9 0.298047 0.255556 0.121094 0.141667
2 10 0.667383 0.903472 0.319141 0.191667
2 11 0.748437 0.797222 0.392969 0.405556
2 12 0.547070 0.280208 0.157422 0.168750
2 13 0.622266 0.287500 0.131250 0.170833
2 14 0.671680 0.305903 0.130078 0.204861
2 15 0.757812 0.329167 0.143750 0.173611
2 17 0.545898 0.322569 0.152734 0.184028
2 18 0.910547 0.361111 0.124219 0.281944
2 19 0.867773 0.353819 0.134766 0.215972
2 20 0.525977 0.720139 0.137109 0.479167
2 21 0.798242 0.743056 0.395703 0.431944
2 22 0.324414 0.877083 0.180078 0.244444
2 23 0.296289 0.541319 0.180859 0.354861
2 24 0.966406 0.526389 0.066406 0.165278
