2 1 0.069531 0.280903 0.139063 0.179861
2 2 0.059961 0.294444 0.107422 0.123611
2 3 0.049414 0.211806 0.097266 0.143056
2 4 0.267969 0.807986 0.342187 0.382639
2 5 0.128125 0.203125 0.062500 0.140972
2 6 0.226172 0.263889 0.156250 0.159722
2 7 0.285547 0.197569 0.110937 0.171528
2 8 0.333984 0.204861 0.143750 0.193056
2 9 0.437891 0.260764 0.116406 0.154861
2 10 0.587305 0.872917 0.304297 0.254167
2 11 0.775391 0.797222 0.447656 0.404167
2 12 0.468555 0.318403 0.171484 0.186806
2 13 0.612500 0.274653 0.125781 0.167361
2 14 0.676367 0.300000 0.129297 0.202778
2 15 0.754687 0.321875 0.146875 0.178472
2 16 0.962500 0.593403 0.076563 0.265972
2 17 0.595703 0.350000 0.120313 0.202778
2 18 0.897070 0.335764 0.194141 0.257639
2 19 0.825977 0.393056 0.209766 0.206944
2 20 0.528906 0.570833 0.247656 0.375000
2 21 0.799219 0.730556 0.385937 0.456944
