2 1 0.101172 0.276042 0.196094 0.181250
2 2 0.068945 0.297222 0.108203 0.120833
2 3 0.053320 0.216319 0.105078 0.152083
2 4 0.331836 0.772917 0.296484 0.390278
2 5 0.134180 0.200347 0.060547 0.140972
2 6 0.278711 0.253819 0.147266 0.160417
2 7 0.289453 0.195486 0.110937 0.171528
2 8 0.340234 0.200694 0.144531 0.193056
2 9 0.430078 0.256250 0.124219 0.144444
2 10 0.587695 0.870833 0.308203 0.256944
2 11 0.779883 0.797917 0.438672 0.402778
2 12 0.471680 0.314931 0.162891 0.185417
2 13 0.619141 0.270486 0.127344 0.167361
2 14 0.682227 0.295833 0.129297 0.202778
2 15 0.760547 0.320486 0.146875 0.178472
2 16 0.969141 0.601389 0.061719 0.263889
2 17 0.599023 0.347917 0.121484 0.202778
2 18 0.903906 0.333333 0.189844 0.259722
2 19 0.792969 0.386111 0.180469 0.206944
2 20 0.540234 0.569097 0.256250 0.378472
2 21 0.802344 0.744444 0.374219 0.437500
