2 1 0.401172 0.128125 0.162500 0.232639
2 2 0.088477 0.190972 0.108984 0.118056
2 3 0.068750 0.108333 0.137500 0.186111
2 4 0.609375 0.341667 0.194531 0.251389
2 5 0.149609 0.083681 0.062500 0.138194
2 7 0.320312 0.086458 0.103906 0.170139
2 8 0.359961 0.094444 0.133203 0.187500
2 9 0.333789 0.140625 0.110547 0.156250
2 10 0.638672 0.822569 0.373437 0.353472
2 11 0.782031 0.745833 0.434375 0.508333
2 12 0.503320 0.192708 0.105078 0.197917
2 13 0.652734 0.164931 0.131250 0.171528
2 14 0.711719 0.182986 0.129688 0.206250
2 15 0.793945 0.209028 0.148828 0.187500
2 17 0.620703 0.232639 0.119531 0.212500
2 18 0.937500 0.238542 0.123438 0.282639
2 19 0.910547 0.230903 0.149219 0.229861
2 20 0.603711 0.555556 0.113672 0.436111
2 21 0.825586 0.648611 0.352734 0.419444
2 22 0.329102 0.825694 0.127734 0.351389
2 23 0.151367 0.328819 0.171484 0.277083
