2 1 0.408203 0.122569 0.160156 0.222917
2 2 0.087305 0.188194 0.102734 0.123611
2 3 0.064258 0.104514 0.128516 0.182639
2 4 0.524609 0.378819 0.190625 0.293750
2 5 0.145898 0.079167 0.066797 0.141667
2 7 0.311914 0.084028 0.105078 0.168056
2 8 0.356836 0.092708 0.136328 0.184028
2 9 0.329883 0.130556 0.121484 0.151389
2 10 0.640234 0.812153 0.376563 0.374306
2 11 0.780664 0.730903 0.437109 0.538194
2 12 0.480469 0.187153 0.100000 0.202083
2 13 0.653516 0.155208 0.131250 0.171528
2 14 0.713281 0.178472 0.129688 0.219444
2 15 0.792383 0.201042 0.150391 0.189583
2 17 0.630273 0.231250 0.112109 0.212500
2 18 0.929102 0.230903 0.140234 0.275694
2 19 0.910156 0.220486 0.149219 0.239583
2 20 0.608984 0.528472 0.138281 0.419444
2 21 0.824609 0.606944 0.339062 0.495833
2 22 0.313281 0.811111 0.153906 0.376389
2 23 0.087305 0.293750 0.161328 0.250000
