2 1 0.223047 0.183681 0.185938 0.193750
2 2 0.087109 0.225694 0.103125 0.116667
2 3 0.061914 0.144097 0.123828 0.167361
2 4 0.429102 0.522222 0.105078 0.362500
2 5 0.147656 0.123264 0.068750 0.140972
2 6 0.446484 0.179514 0.151562 0.164583
2 7 0.308789 0.118403 0.108984 0.165972
2 8 0.357812 0.127778 0.142969 0.193056
2 9 0.350781 0.166667 0.125781 0.141667
2 10 0.617773 0.815278 0.348828 0.365278
2 11 0.783984 0.744792 0.430469 0.509028
2 12 0.479492 0.234722 0.144922 0.195833
2 13 0.643359 0.197569 0.128906 0.170139
2 14 0.704492 0.219097 0.129297 0.209028
2 15 0.790625 0.236806 0.159375 0.195833
2 17 0.621289 0.268056 0.127734 0.212500
2 18 0.928906 0.264931 0.142187 0.278472
2 19 0.856641 0.250347 0.110937 0.300694
2 20 0.612305 0.536806 0.184766 0.384722
2 21 0.834766 0.659028 0.331250 0.448611
2 22 0.301172 0.826389 0.167969 0.345833
2 23 0.031250 0.322569 0.062500 0.179861
