2 1 0.206250 0.251736 0.193750 0.195139
2 2 0.075195 0.291667 0.105078 0.116667
2 3 0.058203 0.206250 0.114844 0.159722
2 4 0.404102 0.699306 0.151953 0.433333
2 5 0.141016 0.188194 0.059375 0.140278
2 6 0.377930 0.241319 0.123828 0.160417
2 7 0.298438 0.184375 0.110937 0.171528
2 8 0.346875 0.189931 0.143750 0.190972
2 9 0.363086 0.230556 0.118359 0.140278
2 10 0.590039 0.858681 0.319141 0.281250
2 11 0.774023 0.789236 0.451172 0.422917
2 12 0.473242 0.299653 0.153516 0.189583
2 13 0.628906 0.260764 0.128906 0.167361
2 14 0.689844 0.282986 0.127344 0.204861
2 15 0.771094 0.306250 0.150000 0.180556
2 16 0.974805 0.579167 0.048828 0.245833
2 17 0.595117 0.334722 0.144922 0.208333
2 18 0.920898 0.328819 0.156641 0.277083
2 19 0.822266 0.336458 0.084375 0.263194
2 20 0.551367 0.568056 0.230859 0.370833
2 21 0.818945 0.746875 0.362109 0.449306
2 22 0.306836 0.864931 0.146484 0.268750
