2 1 0.225977 0.171181 0.185547 0.199306
2 2 0.086328 0.213542 0.103125 0.118750
2 3 0.062891 0.130208 0.125781 0.168750
2 4 0.435156 0.492014 0.116406 0.336806
2 5 0.146680 0.107292 0.069141 0.140972
2 6 0.453125 0.164236 0.140625 0.167361
2 7 0.308594 0.104514 0.110937 0.165972
2 8 0.358398 0.113542 0.144141 0.193750
2 9 0.350781 0.151389 0.126562 0.141667
2 10 0.620313 0.810069 0.353125 0.377083
2 11 0.783984 0.739236 0.430469 0.520139
2 12 0.478711 0.221181 0.140234 0.197917
2 13 0.644336 0.184375 0.129297 0.170139
2 14 0.706445 0.204167 0.129297 0.209722
2 15 0.791016 0.223264 0.160938 0.193750
2 17 0.621680 0.256250 0.127734 0.212500
2 18 0.928906 0.252083 0.140625 0.277778
2 19 0.852734 0.230208 0.105469 0.279861
2 20 0.615234 0.545139 0.178125 0.384722
2 21 0.837109 0.658333 0.328906 0.438889
2 22 0.301172 0.820139 0.168750 0.358333
2 23 0.035352 0.315278 0.070703 0.197222
