2 1 0.077148 0.278125 0.154297 0.184028
2 2 0.063086 0.296528 0.105078 0.122222
2 3 0.052148 0.212500 0.102734 0.145833
2 4 0.289258 0.793403 0.335547 0.411806
2 5 0.132031 0.201736 0.060156 0.140972
2 6 0.251563 0.260764 0.165625 0.160417
2 7 0.287109 0.196181 0.110937 0.171528
2 8 0.337695 0.204167 0.144141 0.193056
2 9 0.435547 0.259722 0.118750 0.154167
2 10 0.587305 0.871528 0.305859 0.255556
2 11 0.778516 0.797569 0.441406 0.404861
2 12 0.470117 0.317361 0.168359 0.186111
2 13 0.615039 0.272569 0.126172 0.167361
2 14 0.678320 0.298611 0.129297 0.202778
2 15 0.757031 0.321875 0.146875 0.178472
2 16 0.968555 0.600347 0.064453 0.281250
2 17 0.597656 0.349306 0.120313 0.202778
2 18 0.898828 0.334722 0.193750 0.258333
2 19 0.815820 0.393056 0.208203 0.206944
2 20 0.531445 0.568056 0.249609 0.386111
2 21 0.800195 0.733681 0.383984 0.453472
