2 1 0.394922 0.131597 0.164062 0.225694
2 2 0.083594 0.195486 0.109375 0.118750
2 3 0.066602 0.107986 0.133203 0.174306
2 4 0.613867 0.338889 0.200391 0.262500
2 5 0.146094 0.087153 0.061719 0.136806
2 7 0.316797 0.088889 0.104688 0.172222
2 8 0.354102 0.094444 0.133203 0.188889
2 9 0.329297 0.143750 0.106250 0.154167
2 10 0.633398 0.824306 0.376953 0.352778
2 11 0.785742 0.745486 0.426953 0.507639
2 12 0.502539 0.192014 0.109766 0.193750
2 13 0.649219 0.165625 0.131250 0.171528
2 14 0.708594 0.184375 0.129688 0.206250
2 15 0.790234 0.210069 0.148438 0.186806
2 17 0.613281 0.233333 0.117969 0.212500
2 18 0.934961 0.244097 0.130078 0.272917
2 19 0.901563 0.236111 0.149219 0.227778
2 20 0.577734 0.562500 0.136719 0.445833
2 21 0.819336 0.659028 0.359766 0.408333
2 22 0.323828 0.826736 0.123438 0.343750
2 23 0.158008 0.339236 0.173047 0.268750
