2 1 0.205078 0.260417 0.191406 0.194444
2 2 0.074414 0.302778 0.105078 0.116667
2 3 0.056055 0.213194 0.110547 0.158333
2 4 0.396875 0.742014 0.250000 0.406250
2 5 0.147266 0.194792 0.046094 0.138194
2 6 0.338281 0.250347 0.127344 0.163194
2 7 0.294531 0.190625 0.110937 0.171528
2 8 0.345117 0.200694 0.143359 0.191667
2 9 0.396875 0.248958 0.117188 0.139583
2 10 0.589453 0.873264 0.309375 0.252083
2 11 0.783789 0.800694 0.430859 0.397222
2 12 0.472461 0.312500 0.155078 0.188889
2 13 0.627734 0.269792 0.128906 0.167361
2 14 0.690039 0.295139 0.129297 0.204167
2 15 0.768555 0.318750 0.148047 0.177778
2 16 0.971484 0.595139 0.055469 0.243056
2 17 0.595898 0.343403 0.142578 0.204861
2 18 0.916016 0.327083 0.166406 0.266667
2 19 0.793555 0.363194 0.105859 0.236111
2 20 0.554297 0.573611 0.262500 0.379167
2 21 0.810742 0.756250 0.366797 0.454167
2 22 0.306055 0.883681 0.134766 0.231250
