2 1 0.392773 0.243056 0.180078 0.208333
2 2 0.063672 0.302778 0.109375 0.120833
2 3 0.063281 0.212847 0.126562 0.160417
2 4 0.711914 0.398264 0.153516 0.227083
2 5 0.128906 0.188194 0.050781 0.133333
2 7 0.295117 0.186111 0.105859 0.161111
2 8 0.333398 0.200000 0.137109 0.183333
2 9 0.301172 0.247917 0.118750 0.155556
2 10 0.672852 0.885764 0.353516 0.227083
2 11 0.768750 0.793750 0.432812 0.411111
2 12 0.527344 0.271181 0.121875 0.182639
2 13 0.625781 0.271875 0.131250 0.172917
2 14 0.676758 0.290972 0.130078 0.205556
2 15 0.761914 0.312153 0.147266 0.172917
2 17 0.558398 0.317361 0.142578 0.193056
2 18 0.912109 0.347917 0.125781 0.284722
2 19 0.872266 0.338194 0.141406 0.216667
2 20 0.536523 0.661458 0.142578 0.442361
2 21 0.807422 0.761111 0.381250 0.393056
2 22 0.339258 0.880208 0.216016 0.238194
2 23 0.252148 0.490972 0.177734 0.311111
2 24 0.974609 0.527083 0.050000 0.138889
