2 1 0.055469 0.285764 0.110937 0.171528
2 2 0.055273 0.298611 0.106641 0.130556
2 3 0.047266 0.209722 0.093750 0.136111
2 4 0.219727 0.823958 0.355859 0.352083
2 5 0.118555 0.206597 0.070703 0.140972
2 6 0.186719 0.277431 0.166406 0.168750
2 7 0.280859 0.201042 0.110937 0.171528
2 8 0.325195 0.207639 0.144141 0.193056
2 9 0.437891 0.262153 0.114844 0.154861
2 10 0.582617 0.875000 0.305078 0.251389
2 11 0.768750 0.800000 0.460938 0.398611
2 12 0.462891 0.322222 0.167969 0.188889
2 13 0.607617 0.278819 0.124609 0.167361
2 14 0.670898 0.302083 0.129297 0.202778
2 15 0.748828 0.323264 0.146875 0.178472
2 16 0.940430 0.602778 0.119141 0.273611
2 17 0.590820 0.350000 0.118359 0.201389
2 18 0.892969 0.336806 0.194531 0.255556
2 19 0.849805 0.400000 0.229297 0.198611
2 20 0.528516 0.573264 0.251563 0.378472
2 21 0.794922 0.710417 0.374219 0.493056
