2 1 0.197461 0.263542 0.192578 0.193750
2 2 0.074414 0.304167 0.105078 0.116667
2 3 0.055859 0.218403 0.110156 0.161806
2 4 0.396875 0.742708 0.270313 0.392361
2 5 0.145508 0.196181 0.046484 0.139583
2 6 0.334570 0.249653 0.128516 0.163194
2 7 0.293359 0.192014 0.110937 0.171528
2 8 0.343750 0.200347 0.140625 0.190972
2 9 0.408984 0.251042 0.121094 0.139583
2 10 0.589258 0.873264 0.307422 0.252083
2 11 0.784766 0.801042 0.429688 0.396528
2 12 0.472852 0.312153 0.156641 0.188194
2 13 0.627344 0.269792 0.128906 0.167361
2 14 0.689258 0.294097 0.129297 0.203472
2 15 0.767578 0.319792 0.147656 0.178472
2 16 0.971289 0.595833 0.055859 0.245833
2 17 0.596094 0.345139 0.139844 0.204167
2 18 0.913672 0.328472 0.171094 0.265278
2 19 0.793555 0.365972 0.105859 0.233333
2 20 0.550391 0.579861 0.260937 0.372222
2 21 0.810742 0.755903 0.358203 0.460417
2 22 0.303125 0.892014 0.139844 0.214583
