2 1 0.376563 0.201042 0.164844 0.220139
2 2 0.066992 0.263542 0.108984 0.121528
2 3 0.065234 0.172222 0.130469 0.170833
2 4 0.675977 0.371875 0.169922 0.229861
2 5 0.133008 0.152431 0.052734 0.138194
2 6 0.455859 0.197222 0.044531 0.184722
2 7 0.300391 0.147569 0.107813 0.163194
2 8 0.339062 0.158681 0.139844 0.181250
2 9 0.300391 0.213889 0.118750 0.147222
2 10 0.625195 0.861458 0.374609 0.275694
2 11 0.774219 0.778472 0.442188 0.441667
2 12 0.514648 0.239931 0.105859 0.181250
2 13 0.630469 0.230903 0.131250 0.170139
2 14 0.683008 0.252431 0.129297 0.204861
2 15 0.768555 0.277431 0.147266 0.177083
2 17 0.577148 0.280208 0.127734 0.193750
2 18 0.917969 0.306250 0.128906 0.287500
2 19 0.879492 0.300694 0.148828 0.216667
2 20 0.540820 0.621528 0.139453 0.447222
2 21 0.802734 0.734028 0.390625 0.395833
2 22 0.305273 0.864931 0.149609 0.271528
2 23 0.210938 0.431597 0.180469 0.302083
