2 1 0.406055 0.127431 0.149609 0.225694
2 2 0.087695 0.192014 0.106641 0.125694
2 3 0.064258 0.106597 0.127734 0.175694
2 4 0.565820 0.362847 0.186328 0.272917
2 5 0.148242 0.082292 0.066016 0.140972
2 7 0.317188 0.084722 0.103125 0.168056
2 8 0.360742 0.092361 0.136328 0.184722
2 9 0.327734 0.135417 0.120313 0.154167
2 10 0.640625 0.817361 0.374219 0.363889
2 11 0.783008 0.737500 0.432422 0.523611
2 12 0.486328 0.190278 0.096875 0.200000
2 13 0.654687 0.157986 0.131250 0.171528
2 14 0.713477 0.180903 0.129297 0.215972
2 15 0.793164 0.204167 0.149609 0.188889
2 17 0.624805 0.234722 0.117578 0.212500
2 18 0.929688 0.232986 0.139063 0.277083
2 19 0.910937 0.223958 0.149219 0.239583
2 20 0.608008 0.532292 0.130859 0.439583
2 21 0.825586 0.637153 0.350391 0.463194
2 22 0.318750 0.818403 0.148438 0.361806
2 23 0.112695 0.298958 0.174609 0.253472
