2 1 0.206641 0.242708 0.185156 0.193750
2 2 0.076367 0.284722 0.107422 0.116667
2 3 0.058398 0.201389 0.115234 0.168056
2 4 0.402734 0.629167 0.104688 0.379167
2 5 0.136719 0.179514 0.063281 0.138194
2 6 0.400195 0.230208 0.123828 0.154861
2 7 0.298633 0.175000 0.112891 0.168056
2 8 0.348633 0.182986 0.146484 0.189583
2 9 0.347852 0.222917 0.118359 0.137500
2 10 0.601758 0.845486 0.331641 0.307639
2 11 0.776563 0.777083 0.446094 0.444444
2 12 0.474414 0.288889 0.155859 0.190278
2 13 0.630469 0.249653 0.128906 0.167361
2 14 0.691602 0.272917 0.129297 0.205556
2 15 0.775586 0.291319 0.157422 0.185417
2 16 0.975586 0.564236 0.047266 0.246528
2 17 0.595508 0.324306 0.147266 0.208333
2 18 0.921875 0.315625 0.153906 0.274306
2 19 0.843945 0.315972 0.108203 0.280556
2 20 0.558203 0.561111 0.203125 0.366667
2 21 0.815430 0.732986 0.351172 0.454861
2 22 0.305078 0.858681 0.139844 0.281250
