2 1 0.401953 0.127083 0.162500 0.215278
2 2 0.087109 0.186806 0.102344 0.120833
2 3 0.063867 0.106597 0.127734 0.181250
2 4 0.510156 0.381597 0.175000 0.288194
2 5 0.144531 0.079167 0.066406 0.141667
2 7 0.309180 0.083333 0.105859 0.168056
2 8 0.354883 0.092361 0.135547 0.183333
2 9 0.331055 0.130556 0.123047 0.148611
2 10 0.640430 0.809722 0.377734 0.379167
2 11 0.778125 0.729861 0.442188 0.540278
2 12 0.479102 0.186806 0.103516 0.202778
2 13 0.652930 0.155903 0.130859 0.171528
2 14 0.707812 0.177778 0.129688 0.216667
2 15 0.791992 0.198958 0.156641 0.189583
2 17 0.628711 0.231250 0.113672 0.212500
2 18 0.928711 0.230903 0.141016 0.275694
2 19 0.910156 0.220486 0.149219 0.239583
2 20 0.610352 0.530903 0.144141 0.400694
2 21 0.827930 0.602431 0.347266 0.479861
2 22 0.311133 0.810069 0.151172 0.378472
2 23 0.078711 0.293056 0.155078 0.248611
