2 1 0.207617 0.253125 0.192578 0.196528
2 2 0.074805 0.295139 0.105078 0.116667
2 3 0.057813 0.208333 0.114062 0.161111
2 4 0.399805 0.716319 0.170703 0.413194
2 5 0.142578 0.192014 0.057813 0.140972
2 6 0.360742 0.241319 0.111328 0.161806
2 7 0.297656 0.186458 0.110937 0.171528
2 8 0.348047 0.191667 0.142969 0.190278
2 10 0.588477 0.864236 0.322266 0.272917
2 11 0.773242 0.792708 0.451953 0.414583
2 12 0.473438 0.302778 0.154688 0.190278
2 13 0.628906 0.262847 0.128906 0.167361
2 14 0.689453 0.287500 0.128906 0.204167
2 15 0.770508 0.310069 0.147266 0.178472
2 16 0.974219 0.585417 0.050000 0.244444
2 17 0.594727 0.336111 0.144922 0.206944
2 18 0.920508 0.330903 0.157422 0.275694
2 19 0.816992 0.336806 0.078516 0.265278
2 20 0.557031 0.567361 0.245312 0.373611
2 21 0.817773 0.750347 0.366016 0.447917
2 22 0.309180 0.869792 0.138672 0.259028
