2 1 0.386914 0.327431 0.173828 0.217361
2 2 0.049219 0.393056 0.098437 0.118056
2 3 0.055469 0.298958 0.108594 0.157639
2 4 0.743359 0.438889 0.120313 0.245833
2 5 0.119531 0.280208 0.055469 0.145139
2 6 0.452930 0.323611 0.107422 0.151389
2 7 0.279883 0.282986 0.108984 0.167361
2 8 0.316797 0.288889 0.139063 0.183333
2 9 0.258398 0.325694 0.105859 0.141667
2 10 0.608594 0.939236 0.256250 0.120139
2 11 0.719336 0.838194 0.385547 0.323611
2 12 0.540625 0.351042 0.158594 0.168750
2 13 0.600781 0.355208 0.131250 0.163194
2 14 0.649414 0.379167 0.130078 0.201389
2 15 0.734375 0.402083 0.139063 0.173611
2 17 0.516016 0.395139 0.160156 0.183333
2 18 0.885352 0.434722 0.121484 0.279167
2 19 0.844727 0.427083 0.134766 0.209722
2 20 0.504687 0.775000 0.132031 0.443056
2 21 0.779102 0.800694 0.394141 0.394444
2 22 0.333398 0.885764 0.138672 0.227083
2 23 0.389258 0.651389 0.262891 0.366667
2 24 0.950781 0.623611 0.097656 0.252778
