2 1 0.389062 0.129167 0.176563 0.218056
2 2 0.087109 0.188542 0.102344 0.118750
2 3 0.064258 0.106944 0.128516 0.181944
2 4 0.496289 0.394097 0.167578 0.286806
2 5 0.144531 0.078472 0.064844 0.141667
2 6 0.467969 0.114583 0.053906 0.180556
2 7 0.306836 0.084375 0.107422 0.168750
2 8 0.355078 0.091667 0.135156 0.183333
2 10 0.639453 0.809375 0.374219 0.379861
2 11 0.779102 0.729514 0.440234 0.539583
2 12 0.481055 0.187500 0.108984 0.202778
2 13 0.652344 0.156250 0.130469 0.170833
2 14 0.702344 0.174653 0.129688 0.214583
2 15 0.796875 0.198264 0.171094 0.192361
2 17 0.627539 0.232639 0.115234 0.212500
2 18 0.928320 0.230903 0.141797 0.275694
2 19 0.909766 0.221181 0.149219 0.239583
2 20 0.611328 0.522222 0.148438 0.404167
2 21 0.829492 0.603819 0.341016 0.477083
2 22 0.307812 0.810417 0.157031 0.377778
2 23 0.075781 0.291667 0.151562 0.247222
