2 1 0.366406 0.132986 0.176563 0.211806
2 2 0.087500 0.189236 0.102344 0.115972
2 3 0.063672 0.109722 0.127344 0.180556
2 4 0.488281 0.414931 0.167187 0.318750
2 5 0.143945 0.079514 0.063672 0.140972
2 6 0.462109 0.120833 0.066406 0.191667
2 7 0.304883 0.084722 0.108984 0.169444
2 8 0.358398 0.096181 0.150391 0.186806
2 10 0.639062 0.807292 0.372656 0.384028
2 11 0.782031 0.728819 0.435156 0.540972
2 12 0.483008 0.186111 0.114453 0.201389
2 13 0.652344 0.156250 0.130469 0.170833
2 14 0.703125 0.179167 0.129688 0.213889
2 15 0.803711 0.196181 0.183984 0.196528
2 17 0.624609 0.232639 0.120313 0.212500
2 18 0.928125 0.230903 0.142187 0.275694
2 19 0.907422 0.219444 0.149219 0.241667
2 20 0.614062 0.527083 0.157812 0.386111
2 21 0.830859 0.605208 0.337500 0.481250
2 22 0.304688 0.812500 0.161719 0.373611
2 23 0.072266 0.290972 0.141406 0.245833
