2 1 0.383398 0.350694 0.183203 0.216667
2 2 0.046680 0.414931 0.093359 0.115972
2 3 0.052930 0.321528 0.104297 0.156944
2 4 0.737500 0.460417 0.119531 0.248611
2 5 0.120703 0.300694 0.069531 0.141667
2 7 0.274219 0.305556 0.109375 0.169444
2 8 0.311133 0.311111 0.139453 0.183333
2 9 0.248438 0.349306 0.107031 0.137500
2 11 0.712695 0.851736 0.382422 0.295139
2 12 0.537305 0.373264 0.160547 0.168750
2 13 0.594922 0.376736 0.131250 0.160417
2 14 0.645117 0.401736 0.130078 0.200694
2 15 0.729688 0.423958 0.140625 0.172917
2 17 0.511523 0.415972 0.158203 0.183333
2 18 0.880273 0.456597 0.121484 0.272917
2 19 0.836523 0.449306 0.131641 0.209722
2 20 0.504102 0.787847 0.123828 0.418750
2 21 0.770117 0.814583 0.387891 0.373611
2 22 0.332813 0.888889 0.131250 0.220833
2 23 0.404297 0.679514 0.278125 0.359028
2 24 0.941992 0.644097 0.116016 0.259028
