2 1 0.280078 0.148958 0.184375 0.188194
2 2 0.086914 0.193750 0.101172 0.116667
2 3 0.059961 0.114583 0.119922 0.175000
2 4 0.447266 0.451042 0.128906 0.332639
2 5 0.143750 0.085417 0.064062 0.140278
2 6 0.454492 0.136111 0.107422 0.158333
2 7 0.304492 0.080556 0.110547 0.159722
2 8 0.357031 0.093403 0.146875 0.184028
2 9 0.360742 0.133333 0.123047 0.143056
2 10 0.632422 0.805208 0.367188 0.392361
2 11 0.781641 0.731250 0.435156 0.536111
2 12 0.483008 0.193750 0.125391 0.200000
2 13 0.647656 0.162500 0.129688 0.170833
2 14 0.704297 0.185764 0.129688 0.211806
2 15 0.801562 0.194444 0.182031 0.212500
2 17 0.621289 0.236111 0.127734 0.212500
2 18 0.928125 0.234375 0.142187 0.277083
2 19 0.883398 0.225000 0.147266 0.244444
2 20 0.625391 0.536111 0.193750 0.390278
2 21 0.844141 0.614931 0.316406 0.471528
2 22 0.300586 0.812847 0.168359 0.372917
2 23 0.051367 0.285764 0.102734 0.225694
