2 1 0.234961 0.159375 0.183984 0.195139
2 2 0.086133 0.204514 0.102734 0.117361
2 3 0.060156 0.121181 0.120313 0.171528
2 4 0.436719 0.468403 0.117969 0.324306
2 5 0.144922 0.095833 0.067187 0.138889
2 6 0.453906 0.156250 0.131250 0.168056
2 7 0.306055 0.091319 0.110547 0.163194
2 8 0.357617 0.103472 0.144922 0.191667
2 9 0.354492 0.140972 0.126953 0.143056
2 10 0.623633 0.806944 0.358203 0.388889
2 11 0.781250 0.735764 0.435937 0.527083
2 12 0.479492 0.206597 0.131641 0.197917
2 13 0.645117 0.176736 0.129297 0.170139
2 14 0.706250 0.196181 0.129688 0.210417
2 15 0.792578 0.207292 0.167969 0.207639
2 17 0.620898 0.246528 0.127734 0.212500
2 18 0.928711 0.246528 0.141016 0.277778
2 19 0.855859 0.220139 0.114062 0.272222
2 20 0.618945 0.543056 0.180859 0.380556
2 21 0.841992 0.670486 0.308203 0.450694
2 22 0.300586 0.816319 0.166797 0.365972
2 23 0.043359 0.305903 0.086719 0.200694
