0 0.937109 0.455208 0.079687 0.110417
0 0.860156 0.442014 0.082031 0.139583
0 0.785156 0.463194 0.060156 0.094444
0 0.689063 0.452431 0.092969 0.122917
0 0.664062 0.470486 0.074219 0.084028
0 0.578711 0.448264 0.104297 0.127083
0 0.543750 0.453819 0.108594 0.136806
0 0.500781 0.471875 0.061719 0.097917
0 0.433203 0.455903 0.113281 0.107639
0 0.363281 0.461806 0.078125 0.100000
0 0.314648 0.454861 0.136328 0.134722
0 0.065625 0.465278 0.131250 0.134722
0 0.190430 0.461111 0.135547 0.144444
0 0.200977 0.457986 0.094922 0.115972
0 0.177344 0.636458 0.125000 0.164583
0 0.075195 0.647917 0.066016 0.100000
0 0.022266 0.625694 0.044531 0.158333
