0 0.987891 0.470486 0.023438 0.079861
0 0.924023 0.458333 0.087109 0.113889
0 0.866992 0.461806 0.065234 0.097222
0 0.795898 0.456597 0.103516 0.111806
0 0.768555 0.448958 0.104297 0.121528
0 0.730664 0.464236 0.048047 0.067361
0 0.715430 0.452431 0.093359 0.095139
0 0.643164 0.457639 0.068359 0.083333
0 0.619336 0.452083 0.101953 0.118056
0 0.372852 0.457292 0.126953 0.125694
0 0.510938 0.457292 0.112500 0.124306
0 0.473242 0.457292 0.088672 0.109028
0 0.278125 0.452431 0.122656 0.131250
0 0.222070 0.463194 0.088672 0.133333
0 0.031445 0.452431 0.062891 0.150694
0 0.214648 0.634028 0.141797 0.155556
0 0.102148 0.649653 0.069141 0.097917
0 0.027539 0.622917 0.055078 0.165278
