0 0.964258 0.461806 0.071484 0.106944
0 0.910742 0.468056 0.049609 0.090278
0 0.816602 0.456597 0.091797 0.117361
0 0.770508 0.467361 0.061328 0.095833
0 0.690039 0.458681 0.104297 0.106250
0 0.654492 0.446528 0.122266 0.134722
0 0.618945 0.460764 0.052734 0.084028
0 0.564063 0.448611 0.105469 0.105556
0 0.488281 0.453472 0.107813 0.122222
0 0.228711 0.459375 0.130859 0.142361
0 0.375000 0.454167 0.111719 0.134722
0 0.357031 0.457292 0.087500 0.118750
0 0.118945 0.469097 0.109766 0.132639
0 0.080664 0.465625 0.112891 0.143750
0 0.191797 0.636111 0.148438 0.162500
0 0.086523 0.654514 0.055078 0.100694
0 0.023242 0.624653 0.046484 0.154861
