0 0.965625 0.461458 0.067969 0.107639
0 0.914648 0.468403 0.063672 0.086806
0 0.849414 0.455556 0.106641 0.116667
0 0.819531 0.454514 0.105469 0.118750
0 0.784180 0.471528 0.053516 0.070833
0 0.780469 0.463194 0.082031 0.095833
0 0.714648 0.463889 0.069922 0.081944
0 0.684961 0.453819 0.112109 0.124306
0 0.437109 0.459722 0.129688 0.133333
0 0.567773 0.454514 0.124609 0.120139
0 0.531836 0.451042 0.083203 0.104861
0 0.360352 0.459722 0.112109 0.125000
0 0.279102 0.463542 0.108203 0.127083
0 0.071094 0.463194 0.133594 0.144444
0 0.261523 0.610417 0.127734 0.191667
0 0.139844 0.651042 0.072656 0.103472
0 0.048438 0.629514 0.096875 0.164583
