0 0.985547 0.459028 0.028125 0.101389
0 0.944727 0.460069 0.073828 0.097917
0 0.871094 0.468750 0.060937 0.090278
0 0.763672 0.459028 0.082812 0.115278
0 0.733789 0.468403 0.058984 0.088194
0 0.649414 0.454514 0.109766 0.106250
0 0.623633 0.449653 0.107422 0.127083
0 0.583008 0.465278 0.056641 0.086111
0 0.526758 0.450000 0.096484 0.112500
0 0.462695 0.465278 0.069922 0.090278
0 0.440820 0.460417 0.112891 0.137500
0 0.181445 0.463194 0.130859 0.144444
0 0.312109 0.457292 0.123438 0.134028
0 0.312305 0.457639 0.076953 0.123611
0 0.048828 0.466667 0.097656 0.134722
0 0.039258 0.469097 0.078516 0.124306
0 0.199609 0.635417 0.123438 0.156944
0 0.084180 0.652431 0.059766 0.099306
0 0.022070 0.625000 0.044141 0.158333
