0 0.947266 0.456250 0.078906 0.106944
0 0.874414 0.457292 0.077734 0.106250
0 0.793750 0.464931 0.067187 0.097917
0 0.702734 0.453472 0.091406 0.116667
0 0.673438 0.464236 0.076563 0.099306
0 0.587695 0.452431 0.094922 0.121528
0 0.559766 0.449306 0.100781 0.137500
0 0.518750 0.468750 0.057813 0.093056
0 0.455664 0.452778 0.105078 0.118056
0 0.380273 0.462153 0.081641 0.095139
0 0.334375 0.453819 0.121875 0.136806
0 0.077148 0.465625 0.142578 0.135417
0 0.207227 0.458681 0.134766 0.138194
0 0.215820 0.457986 0.094141 0.120139
0 0.172070 0.636458 0.145703 0.159028
0 0.072656 0.647569 0.071875 0.095139
0 0.021094 0.625694 0.042188 0.156944
