0 0.855664 0.457292 0.095703 0.122917
0 0.784961 0.460417 0.092578 0.108333
0 0.710156 0.462153 0.057031 0.090972
0 0.661523 0.457639 0.096484 0.116667
0 0.600000 0.469444 0.070312 0.088889
0 0.503516 0.456944 0.111719 0.113889
0 0.468359 0.454167 0.117188 0.120833
0 0.407031 0.468750 0.075781 0.091667
0 0.348438 0.456250 0.109375 0.120833
0 0.259961 0.470486 0.086328 0.104861
0 0.204102 0.453819 0.149609 0.146528
0 0.028125 0.460069 0.056250 0.146528
0 0.066406 0.457639 0.129688 0.129167
0 0.070117 0.461458 0.111328 0.128472
0 0.152734 0.639931 0.125000 0.154861
0 0.080469 0.649306 0.075781 0.101389
0 0.024414 0.631944 0.048828 0.166667
