0 0.872656 0.461458 0.090625 0.115972
0 0.797266 0.462153 0.097656 0.110417
0 0.717383 0.463542 0.059766 0.092361
0 0.671289 0.455556 0.088672 0.116667
0 0.613867 0.470139 0.066016 0.091667
0 0.520898 0.456597 0.093359 0.121528
0 0.482227 0.456250 0.118359 0.129167
0 0.423242 0.470486 0.069922 0.085417
0 0.363281 0.457639 0.107031 0.112500
0 0.280078 0.470139 0.078906 0.102778
0 0.226758 0.455556 0.135547 0.152778
0 0.031641 0.461458 0.063281 0.143750
0 0.086914 0.454861 0.130859 0.140278
0 0.094141 0.457639 0.101562 0.119444
0 0.155469 0.639236 0.126562 0.156250
0 0.080859 0.647222 0.076563 0.104167
0 0.023828 0.629861 0.047656 0.166667
