0 0.939258 0.459722 0.054297 0.079167
0 0.845898 0.459722 0.092578 0.118056
0 0.797656 0.466319 0.053125 0.099306
0 0.725195 0.456597 0.098047 0.100694
0 0.692969 0.447917 0.114844 0.118056
0 0.654687 0.465278 0.058594 0.080556
0 0.611133 0.449653 0.093359 0.102083
0 0.536133 0.455903 0.108203 0.128472
0 0.279102 0.458681 0.127734 0.134028
0 0.422656 0.453472 0.112500 0.133333
0 0.390625 0.459028 0.099219 0.111111
0 0.181445 0.462847 0.113672 0.127083
0 0.133594 0.467708 0.119531 0.131250
0 0.186133 0.633681 0.163672 0.164583
0 0.086523 0.651042 0.059766 0.100694
0 0.029883 0.629514 0.059766 0.164583
