0 0.979883 0.466667 0.039453 0.087500
0 0.916797 0.458333 0.082812 0.111111
0 0.850391 0.465278 0.064062 0.091667
0 0.783398 0.459375 0.093359 0.109028
0 0.749414 0.453819 0.108984 0.120139
0 0.716992 0.467014 0.045703 0.070139
0 0.702930 0.450694 0.081641 0.094444
0 0.625195 0.458333 0.057422 0.087500
0 0.600195 0.449306 0.109766 0.120833
0 0.353320 0.456944 0.131641 0.127778
0 0.505664 0.455556 0.093359 0.126389
0 0.464258 0.456250 0.087109 0.106944
0 0.260156 0.451736 0.117188 0.132639
0 0.202734 0.467361 0.101562 0.131944
0 0.026367 0.452431 0.052734 0.146528
0 0.204687 0.634028 0.139063 0.162500
0 0.094922 0.650347 0.071875 0.096528
0 0.028125 0.611458 0.056250 0.182639
