0 0.963086 0.460069 0.073047 0.111806
0 0.905664 0.468750 0.049609 0.088889
0 0.809570 0.456597 0.092578 0.117361
0 0.768945 0.465972 0.055859 0.095833
0 0.684961 0.459722 0.102734 0.108333
0 0.642188 0.447569 0.134375 0.132639
0 0.611523 0.464931 0.054297 0.079861
0 0.557227 0.450000 0.106641 0.106944
0 0.502734 0.459028 0.062500 0.091667
0 0.485352 0.452778 0.104297 0.123611
0 0.218555 0.458681 0.136328 0.140972
0 0.363281 0.455208 0.117188 0.134028
0 0.351367 0.457639 0.083984 0.116667
0 0.108008 0.468750 0.108203 0.131944
0 0.069141 0.468403 0.117969 0.135417
0 0.198633 0.637153 0.134766 0.161806
0 0.086328 0.653819 0.056250 0.099306
0 0.021484 0.625000 0.042969 0.156944
