0 0.902734 0.460069 0.090625 0.111806
0 0.834766 0.462153 0.083594 0.110417
0 0.748828 0.466319 0.064844 0.096528
0 0.680664 0.449653 0.072266 0.128472
0 0.643750 0.470486 0.067969 0.088194
0 0.549414 0.457292 0.096484 0.124306
0 0.516992 0.458333 0.110547 0.122222
0 0.469336 0.469792 0.069141 0.088194
0 0.405859 0.452083 0.113281 0.122222
0 0.321094 0.463542 0.074219 0.103472
0 0.272656 0.455208 0.132031 0.138194
0 0.047852 0.464236 0.095703 0.135417
0 0.136719 0.455903 0.142969 0.145139
0 0.150195 0.459722 0.100391 0.118056
0 0.168164 0.637500 0.127734 0.158333
0 0.082031 0.643056 0.078125 0.111111
0 0.023438 0.625694 0.046875 0.163889
