0 0.853516 0.456250 0.085156 0.118056
0 0.781641 0.463889 0.083594 0.108333
0 0.706250 0.465625 0.056250 0.095139
0 0.656836 0.456250 0.090234 0.112500
0 0.592383 0.466667 0.072266 0.094444
0 0.494141 0.460764 0.110156 0.117361
0 0.455078 0.457292 0.125781 0.128472
0 0.399805 0.468056 0.069141 0.091667
0 0.341406 0.454514 0.114062 0.128472
0 0.254883 0.469444 0.087109 0.105556
0 0.196094 0.451736 0.150781 0.154861
0 0.026172 0.460417 0.052344 0.148611
0 0.062891 0.459375 0.121094 0.131250
0 0.061523 0.457986 0.110547 0.118750
0 0.152344 0.640278 0.124219 0.154167
0 0.080273 0.650000 0.075391 0.100000
0 0.025000 0.632986 0.050000 0.165972
