0 0.941797 0.451389 0.078906 0.109722
0 0.864062 0.454514 0.086719 0.113194
0 0.785742 0.464931 0.069141 0.096528
0 0.691406 0.452431 0.100000 0.121528
0 0.670703 0.466667 0.073438 0.091667
0 0.586719 0.446875 0.090625 0.122917
0 0.549609 0.450347 0.106250 0.134028
0 0.510352 0.468750 0.058984 0.093056
0 0.444531 0.454514 0.109375 0.113194
0 0.370898 0.465278 0.085547 0.098611
0 0.322852 0.453472 0.127734 0.138889
0 0.069922 0.465278 0.139844 0.134722
0 0.198828 0.459375 0.135156 0.140972
0 0.208594 0.457639 0.094531 0.118056
0 0.174609 0.636458 0.135156 0.161806
0 0.074023 0.647569 0.069141 0.097917
0 0.021289 0.626042 0.042578 0.156250
