0 0.970313 0.457639 0.058594 0.104167
0 0.931250 0.462847 0.054688 0.093750
0 0.858789 0.452431 0.099609 0.114583
0 0.830859 0.452431 0.125000 0.115972
0 0.796094 0.466667 0.055469 0.075000
0 0.795117 0.456597 0.081641 0.093750
0 0.727734 0.456944 0.071094 0.077778
0 0.692773 0.452778 0.111328 0.113889
0 0.452344 0.451042 0.113281 0.122917
0 0.583789 0.453819 0.112109 0.115972
0 0.542383 0.449653 0.087109 0.103472
0 0.373242 0.453819 0.116016 0.124306
0 0.293164 0.460417 0.096484 0.125000
0 0.082812 0.461111 0.130469 0.151389
0 0.265820 0.607986 0.134766 0.181250
0 0.149023 0.651042 0.069922 0.103472
0 0.052734 0.628472 0.105469 0.173611
