0 0.931836 0.454861 0.091016 0.118056
0 0.878125 0.467361 0.071094 0.086111
0 0.812109 0.455903 0.100000 0.113194
0 0.777148 0.453125 0.103516 0.118750
0 0.741211 0.467708 0.046484 0.074306
0 0.733398 0.457639 0.087891 0.094444
0 0.660937 0.454514 0.073438 0.088194
0 0.633789 0.454514 0.113672 0.120139
0 0.396094 0.454167 0.123438 0.126389
0 0.532031 0.459375 0.097656 0.127083
0 0.486133 0.456944 0.080859 0.111111
0 0.308594 0.456944 0.110937 0.129167
0 0.230469 0.466319 0.105469 0.121528
0 0.041602 0.455556 0.083203 0.147222
0 0.223633 0.633333 0.146484 0.158333
0 0.109961 0.648958 0.066797 0.097917
0 0.029492 0.625347 0.058984 0.157639
