0 0.917773 0.463889 0.081641 0.118056
0 0.840625 0.453819 0.097656 0.118750
0 0.764062 0.468056 0.060156 0.101389
0 0.683984 0.452778 0.075000 0.130556
0 0.652344 0.468750 0.071875 0.093056
0 0.563281 0.454514 0.097656 0.125694
0 0.531250 0.457639 0.107813 0.131944
0 0.482617 0.476736 0.063672 0.082639
0 0.421484 0.450000 0.110937 0.122222
0 0.336914 0.461806 0.077734 0.101389
0 0.284375 0.454514 0.133594 0.138194
0 0.053516 0.465278 0.107031 0.134722
0 0.158789 0.462847 0.138672 0.131250
0 0.167773 0.457292 0.102734 0.117361
0 0.169922 0.637153 0.130469 0.160417
0 0.079297 0.640972 0.075000 0.106944
0 0.024219 0.625000 0.048438 0.162500
