0 0.976367 0.465625 0.047266 0.106250
0 0.920898 0.468403 0.051953 0.088194
0 0.823242 0.458333 0.087891 0.116667
0 0.785937 0.468403 0.053125 0.092361
0 0.702930 0.457292 0.112891 0.102083
0 0.669141 0.445139 0.102344 0.129167
0 0.634375 0.467014 0.052344 0.086806
0 0.585156 0.454167 0.097656 0.100000
0 0.492773 0.459375 0.132422 0.131250
0 0.253516 0.457292 0.134375 0.132639
0 0.389648 0.459375 0.113672 0.132639
0 0.366016 0.459375 0.095312 0.121528
0 0.139258 0.467361 0.113672 0.131944
0 0.101562 0.473958 0.114844 0.128472
0 0.197266 0.637153 0.138281 0.161806
0 0.087109 0.653125 0.055469 0.100694
0 0.026758 0.623611 0.053516 0.151389
