0 0.959375 0.460069 0.080469 0.107639
0 0.891016 0.456597 0.082031 0.121528
0 0.813672 0.468056 0.066406 0.097222
0 0.723047 0.457292 0.096875 0.122917
0 0.678125 0.468403 0.071094 0.092361
0 0.608984 0.450347 0.091406 0.118750
0 0.574219 0.449306 0.104688 0.141667
0 0.536719 0.471181 0.053125 0.096528
0 0.469531 0.453125 0.096875 0.111806
0 0.406641 0.466319 0.072656 0.090972
0 0.355273 0.454861 0.141797 0.140278
0 0.104297 0.472569 0.131250 0.140972
0 0.235352 0.456597 0.131641 0.140972
0 0.239453 0.458333 0.090625 0.125000
0 0.174023 0.634375 0.148828 0.156250
0 0.075977 0.645139 0.071484 0.091667
0 0.020898 0.623958 0.041797 0.160417
