0 0.982031 0.467708 0.035156 0.106250
0 0.927539 0.465625 0.054297 0.075694
0 0.830469 0.456944 0.108594 0.118056
0 0.792578 0.467361 0.048438 0.094444
0 0.715625 0.460069 0.091406 0.104861
0 0.679688 0.446528 0.109375 0.127778
0 0.642578 0.467014 0.053125 0.079861
0 0.600781 0.450347 0.092969 0.103472
0 0.517578 0.457639 0.113281 0.127778
0 0.267383 0.460764 0.123047 0.135417
0 0.397070 0.454167 0.131641 0.143056
0 0.380664 0.454514 0.093359 0.120139
0 0.160547 0.465625 0.114844 0.129861
0 0.114453 0.473958 0.128125 0.128472
0 0.203906 0.638889 0.129688 0.162500
0 0.084766 0.649306 0.060937 0.102778
0 0.028711 0.627778 0.057422 0.161111
