0 0.965430 0.465278 0.068359 0.106944
0 0.898633 0.473958 0.056641 0.088194
0 0.799805 0.462153 0.091016 0.120139
0 0.763867 0.470486 0.051953 0.093750
0 0.680078 0.458681 0.107031 0.115972
0 0.645898 0.450694 0.119141 0.130556
0 0.608398 0.471528 0.053516 0.083333
0 0.552344 0.451042 0.102344 0.107639
0 0.501758 0.459028 0.066797 0.088889
0 0.485156 0.455903 0.104688 0.125694
0 0.209961 0.459375 0.141797 0.140972
0 0.347266 0.461458 0.130469 0.131250
0 0.344336 0.460417 0.082422 0.113889
0 0.096875 0.467361 0.107813 0.136111
0 0.059766 0.471528 0.121875 0.129167
0 0.202734 0.638542 0.125000 0.161806
0 0.085156 0.652083 0.059375 0.097222
0 0.020117 0.625347 0.040234 0.159028
