0 0.986523 0.463542 0.026172 0.107639
0 0.938672 0.459375 0.073438 0.102083
0 0.866602 0.467361 0.062891 0.091667
0 0.760938 0.456597 0.081250 0.120139
0 0.728516 0.467014 0.058594 0.090972
0 0.645898 0.456597 0.108984 0.113194
0 0.614453 0.452778 0.111719 0.126389
0 0.575391 0.463889 0.052344 0.086111
0 0.519727 0.450347 0.097266 0.115972
0 0.458594 0.466319 0.066406 0.089583
0 0.427148 0.456250 0.108203 0.138889
0 0.177344 0.462500 0.138281 0.145833
0 0.302930 0.454167 0.123828 0.136111
0 0.302344 0.455903 0.082812 0.124306
0 0.045117 0.463889 0.090234 0.133333
0 0.036133 0.469444 0.072266 0.120833
0 0.195508 0.634375 0.137891 0.156250
0 0.082227 0.651736 0.057422 0.099306
0 0.022070 0.624653 0.044141 0.159028
