0 0.953711 0.462847 0.071484 0.111806
0 0.899805 0.467014 0.057422 0.084028
0 0.832422 0.453819 0.099219 0.121528
0 0.804492 0.453125 0.101172 0.120139
0 0.765234 0.465972 0.048438 0.072222
0 0.766602 0.457639 0.091797 0.091667
0 0.686523 0.462500 0.073828 0.079167
0 0.655664 0.451389 0.106641 0.126389
0 0.411133 0.456597 0.124609 0.131250
0 0.558008 0.455208 0.094922 0.128472
0 0.505859 0.453819 0.075000 0.107639
0 0.333789 0.460764 0.108203 0.129861
0 0.259375 0.461806 0.094531 0.134722
0 0.054102 0.460069 0.108203 0.149306
0 0.241406 0.623958 0.147656 0.161806
0 0.122266 0.650347 0.080469 0.096528
0 0.036914 0.627083 0.073828 0.158333
