0 0.970703 0.468056 0.058594 0.088889
0 0.880664 0.461806 0.088672 0.112500
0 0.824805 0.469097 0.056641 0.092361
0 0.762891 0.456597 0.086719 0.103472
0 0.728906 0.455556 0.095312 0.109722
0 0.689844 0.467014 0.054688 0.075694
0 0.662305 0.451042 0.100391 0.100694
0 0.574805 0.456597 0.105859 0.125694
0 0.323047 0.460417 0.125000 0.130556
0 0.470703 0.456250 0.105469 0.123611
0 0.441992 0.456250 0.090234 0.118056
0 0.225000 0.456597 0.124219 0.134028
0 0.179492 0.464931 0.107422 0.132639
0 0.198828 0.631944 0.135156 0.163889
0 0.089063 0.653472 0.062500 0.100000
0 0.022656 0.614236 0.045312 0.179861
