0 0.956836 0.462153 0.085547 0.104861
0 0.905664 0.460417 0.067578 0.108333
0 0.821094 0.464931 0.068750 0.106250
0 0.723242 0.457639 0.095703 0.120833
0 0.686719 0.466319 0.064062 0.092361
0 0.607617 0.454861 0.092578 0.109722
0 0.583984 0.449653 0.099219 0.129861
0 0.539258 0.469792 0.052734 0.093750
0 0.477148 0.452778 0.105078 0.118056
0 0.414258 0.466667 0.074609 0.091667
0 0.357617 0.458681 0.146484 0.135417
0 0.116602 0.470486 0.134766 0.140972
0 0.245508 0.454167 0.130078 0.143056
0 0.245703 0.460069 0.093750 0.125694
0 0.175391 0.633333 0.148438 0.155556
0 0.077539 0.644792 0.070703 0.090972
0 0.020898 0.623611 0.041797 0.161111
