0 0.951562 0.456944 0.070312 0.102778
0 0.876758 0.470139 0.060547 0.090278
0 0.767969 0.459375 0.085938 0.117361
0 0.735352 0.469097 0.066797 0.090972
0 0.657031 0.456597 0.097656 0.102083
0 0.628320 0.448264 0.109766 0.128472
0 0.589453 0.465625 0.057031 0.086806
0 0.534375 0.449653 0.097656 0.107639
0 0.469727 0.459028 0.066797 0.090278
0 0.447266 0.460764 0.117188 0.134028
0 0.187500 0.463194 0.132812 0.144444
0 0.321094 0.458681 0.121094 0.134028
0 0.320508 0.461458 0.073828 0.117361
0 0.053711 0.468403 0.107422 0.132639
0 0.042773 0.469444 0.084766 0.127778
0 0.195508 0.638194 0.121484 0.158333
0 0.085547 0.653125 0.061719 0.099306
0 0.021875 0.625347 0.043750 0.157639
