0 0.966211 0.467361 0.055859 0.086111
0 0.872070 0.460417 0.091016 0.111111
0 0.820898 0.469097 0.052734 0.096528
0 0.754297 0.456250 0.096094 0.104167
0 0.719531 0.450347 0.106250 0.114583
0 0.683789 0.466667 0.055859 0.075000
0 0.658203 0.451042 0.100000 0.100694
0 0.568359 0.456597 0.100000 0.128472
0 0.314844 0.459375 0.122656 0.129861
0 0.463867 0.454861 0.106641 0.130556
0 0.433594 0.455208 0.088281 0.118750
0 0.217773 0.457986 0.120703 0.128472
0 0.169727 0.466319 0.120703 0.136806
0 0.202148 0.635417 0.128516 0.161111
0 0.086133 0.654167 0.061328 0.097222
0 0.024414 0.614931 0.048828 0.179861
