0 0.966992 0.457986 0.065234 0.103472
0 0.889844 0.470486 0.059375 0.088194
0 0.791602 0.457292 0.080859 0.114583
0 0.760156 0.468750 0.049219 0.087500
0 0.675977 0.452083 0.110547 0.112500
0 0.645508 0.445833 0.109766 0.120833
0 0.603711 0.465625 0.051953 0.081250
0 0.548633 0.452083 0.097266 0.108333
0 0.489063 0.465625 0.069531 0.085417
0 0.469141 0.456944 0.113281 0.127778
0 0.207422 0.461458 0.147656 0.142361
0 0.341602 0.460069 0.125391 0.132639
0 0.336914 0.463194 0.080859 0.111111
0 0.083594 0.467361 0.111719 0.136111
0 0.057031 0.472222 0.111719 0.129167
0 0.198047 0.637500 0.128125 0.163889
0 0.087500 0.650694 0.055469 0.094444
0 0.020508 0.625694 0.041016 0.158333
