0 0.834570 0.459375 0.092578 0.113194
0 0.758203 0.461806 0.092188 0.118056
0 0.690430 0.465625 0.058203 0.089583
0 0.638477 0.460764 0.092578 0.111806
0 0.564648 0.473264 0.077734 0.100694
0 0.470703 0.467361 0.117188 0.120833
0 0.438672 0.453819 0.121094 0.149306
0 0.372266 0.472917 0.059375 0.094444
0 0.308398 0.465278 0.111328 0.125000
0 0.235937 0.467708 0.077344 0.102083
0 0.167773 0.459722 0.143359 0.150000
0 0.022070 0.461806 0.044141 0.147222
0 0.047656 0.466667 0.095312 0.127778
0 0.044922 0.461458 0.089844 0.122917
0 0.150781 0.641319 0.121094 0.152083
0 0.075195 0.652083 0.066016 0.095833
0 0.026758 0.636111 0.053516 0.163889
