2 0.252148 0.363194 0.083203 0.084722
2 0.231445 0.385069 0.047266 0.068750
2 0.314648 0.354861 0.023828 0.065278
2 0.178711 0.404514 0.064453 0.054861
2 0.300195 0.581250 0.199609 0.183333
2 0.386523 0.568056 0.142578 0.106944
2 0.907422 0.648611 0.183594 0.159722
2 0.494727 0.429514 0.073828 0.063194
2 0.544336 0.826389 0.187891 0.343056
2 0.563281 0.380556 0.038281 0.065278
2 0.437891 0.483333 0.106250 0.087500
2 0.854492 0.417361 0.085547 0.076389
2 0.540234 0.382986 0.033594 0.077083
2 0.200781 0.350000 0.049219 0.037500
2 0.957227 0.428819 0.086328 0.049306
2 0.949805 0.442361 0.098828 0.056944
2 0.536914 0.543750 0.169922 0.187500
2 0.716406 0.538194 0.096875 0.109722
2 0.898047 0.844097 0.202344 0.310417
2 0.637500 0.441319 0.078125 0.111806
2 0.766406 0.398958 0.076563 0.059028
2 0.684180 0.395833 0.073828 0.065278
2 0.981055 0.543403 0.036328 0.081250
2 0.755078 0.436458 0.103906 0.110417
2 0.807031 0.521181 0.089063 0.172917
2 0.311133 0.894792 0.399609 0.209028
2 0.912891 0.475694 0.107031 0.081944
2 0.664453 0.538889 0.082812 0.127778
2 0.257227 0.804861 0.256641 0.362500
2 0.393359 0.373958 0.036719 0.038194
2 0.231055 0.444097 0.112109 0.070139
2 0.185156 0.374653 0.079687 0.047917
2 0.048438 0.455903 0.096875 0.099306
2 0.038672 0.394792 0.077344 0.053472
2 0.534570 0.657986 0.183203 0.197917
