2 0.329688 0.802778 0.135937 0.402778
2 0.233984 0.970486 0.271875 0.057639
2 0.085742 0.358681 0.075391 0.081250
2 0.028516 0.378125 0.057031 0.043750
2 0.025195 0.406944 0.050391 0.041667
2 0.176758 0.362847 0.053516 0.061806
2 0.255664 0.354514 0.053516 0.050694
2 0.286523 0.347569 0.027734 0.042361
2 0.129492 0.517361 0.182422 0.115278
2 0.213477 0.507639 0.120703 0.091667
2 0.650195 0.602083 0.176953 0.159722
2 0.398438 0.422222 0.079687 0.051389
2 0.159766 0.642014 0.157031 0.211806
2 0.258008 0.575347 0.076953 0.138194
2 0.500977 0.381250 0.041797 0.059722
2 0.314258 0.447222 0.101953 0.061111
2 0.503711 0.864236 0.267578 0.270139
2 0.527344 0.398611 0.062500 0.073611
2 0.599023 0.398611 0.032422 0.070833
2 0.833789 0.463889 0.101172 0.047222
2 0.314453 0.490278 0.098437 0.152778
2 0.345313 0.635764 0.204687 0.265972
2 0.544922 0.630903 0.086719 0.235417
2 0.787109 0.875347 0.331250 0.247917
2 0.686523 0.419792 0.083984 0.059028
2 0.610938 0.425694 0.039062 0.086111
2 0.930664 0.802431 0.137109 0.272917
2 0.701758 0.453819 0.061328 0.109028
2 0.647070 0.481944 0.103516 0.130556
2 0.937109 0.506250 0.107031 0.079167
2 0.772656 0.673958 0.082031 0.164583
2 0.542188 0.515972 0.142969 0.155556
2 0.872852 0.704861 0.155078 0.244444
2 0.972070 0.676736 0.054297 0.274306
2 0.828711 0.815625 0.305078 0.315972
2 0.747070 0.439236 0.068359 0.045139
2 0.737695 0.479861 0.055078 0.079167
2 0.973828 0.505208 0.050781 0.081250
