2 0.241992 0.369097 0.085547 0.081250
2 0.176367 0.401736 0.041016 0.063194
2 0.121094 0.415972 0.082812 0.062500
2 0.274023 0.602778 0.212109 0.193056
2 0.368750 0.581944 0.147656 0.113889
2 0.897461 0.646528 0.203516 0.170833
2 0.470898 0.426389 0.064453 0.061111
2 0.540234 0.828819 0.171875 0.342361
2 0.529102 0.400000 0.044141 0.075000
2 0.408984 0.490625 0.109375 0.096528
2 0.858594 0.408681 0.085156 0.061806
2 0.503320 0.385069 0.029297 0.078472
2 0.141602 0.353819 0.058984 0.036806
2 0.905273 0.433333 0.085547 0.048611
2 0.891992 0.440625 0.099609 0.047917
2 0.521484 0.554167 0.176563 0.188889
2 0.695117 0.540972 0.105078 0.108333
2 0.908789 0.847569 0.180859 0.303472
2 0.583594 0.441667 0.071875 0.100000
2 0.716797 0.403472 0.083594 0.062500
2 0.620508 0.398264 0.081641 0.075694
2 0.928125 0.545833 0.142187 0.169444
2 0.686914 0.437153 0.087109 0.115972
2 0.758984 0.536458 0.080469 0.186806
2 0.781250 0.410764 0.063281 0.060417
2 0.858203 0.473264 0.090625 0.075694
2 0.631641 0.540278 0.083594 0.119444
2 0.210156 0.828125 0.286719 0.342361
2 0.349023 0.380556 0.042578 0.041667
2 0.182422 0.459028 0.122656 0.079167
2 0.123633 0.385764 0.088672 0.047917
2 0.211133 0.355208 0.064453 0.029861
2 0.520312 0.670139 0.185156 0.197222
