2 0.079883 0.416667 0.087891 0.088889
2 0.145313 0.427431 0.050000 0.074306
2 0.204687 0.398264 0.057813 0.042361
2 0.246875 0.396528 0.024219 0.062500
2 0.095898 0.450000 0.087891 0.061111
2 0.120508 0.604514 0.182422 0.168750
2 0.236914 0.588542 0.122266 0.092361
2 0.751367 0.660417 0.233203 0.173611
2 0.400977 0.457639 0.079297 0.054167
2 0.246875 0.756250 0.123438 0.295833
2 0.323828 0.664236 0.109375 0.174306
2 0.488281 0.409028 0.044531 0.065278
2 0.320508 0.505208 0.101172 0.085417
2 0.811914 0.931250 0.374609 0.136111
2 0.575195 0.423611 0.066016 0.062500
2 0.463672 0.413542 0.045312 0.068750
2 0.836328 0.459722 0.089063 0.045833
2 0.362109 0.560069 0.141406 0.175694
2 0.571484 0.552083 0.076563 0.100000
2 0.460547 0.810417 0.244531 0.379167
2 0.618359 0.548264 0.050781 0.171528
2 0.919531 0.918403 0.159375 0.161806
2 0.660742 0.427431 0.069922 0.064583
2 0.616797 0.420139 0.040625 0.070833
2 0.909961 0.677431 0.179297 0.193750
2 0.712891 0.460764 0.072656 0.114583
2 0.669141 0.499306 0.123438 0.129167
2 0.940039 0.495833 0.087891 0.065278
2 0.412695 0.686111 0.197266 0.287500
2 0.916602 0.796528 0.165234 0.197222
2 0.741992 0.445486 0.068359 0.042361
2 0.762695 0.487153 0.066797 0.084028
2 0.511914 0.558681 0.065234 0.106250
2 0.089844 0.837500 0.182031 0.322222
2 0.982227 0.502083 0.033984 0.068056
