2 0.232031 0.371181 0.082031 0.079861
2 0.226562 0.387153 0.040625 0.077083
2 0.275781 0.375000 0.051562 0.031944
2 0.310742 0.359722 0.023828 0.065278
2 0.180664 0.411806 0.082422 0.062500
2 0.293359 0.581944 0.192969 0.183333
2 0.378906 0.567708 0.135937 0.103472
2 0.901367 0.647569 0.195703 0.160417
2 0.489453 0.431944 0.075000 0.059722
2 0.523242 0.826042 0.164453 0.329861
2 0.558398 0.380208 0.051953 0.070139
2 0.426953 0.482639 0.106250 0.083333
2 0.821680 0.421528 0.076172 0.075000
2 0.532031 0.385764 0.031250 0.075694
2 0.196094 0.361111 0.047656 0.033333
2 0.922070 0.413889 0.076172 0.069444
2 0.940039 0.446181 0.105078 0.053472
2 0.523828 0.545139 0.164844 0.187500
2 0.706055 0.536806 0.091016 0.109722
2 0.883008 0.839931 0.232422 0.318750
2 0.644336 0.449653 0.089453 0.109028
2 0.758203 0.398958 0.072656 0.056250
2 0.687891 0.399306 0.064062 0.068056
2 0.978125 0.567361 0.042188 0.079167
2 0.756836 0.437153 0.111328 0.109028
2 0.801562 0.506250 0.088281 0.159722
2 0.328711 0.873611 0.409766 0.251389
2 0.899414 0.479167 0.105078 0.081944
2 0.650195 0.541319 0.086328 0.115972
2 0.245508 0.803125 0.237109 0.371528
2 0.228320 0.447222 0.112109 0.068056
2 0.179297 0.384375 0.076563 0.042361
2 0.046484 0.462153 0.092969 0.099306
2 0.036914 0.402431 0.073828 0.053472
2 0.525781 0.657986 0.183594 0.197917
