2 0.075977 0.418056 0.087891 0.088889
2 0.144531 0.426736 0.050781 0.074306
2 0.205273 0.401042 0.055078 0.045139
2 0.246094 0.397917 0.024219 0.062500
2 0.095117 0.451389 0.088672 0.059722
2 0.108203 0.603819 0.175781 0.167361
2 0.232031 0.588194 0.122656 0.091667
2 0.743359 0.657292 0.224219 0.177083
2 0.398242 0.456250 0.079297 0.054167
2 0.240625 0.752778 0.129688 0.273611
2 0.317773 0.663194 0.112109 0.172222
2 0.487695 0.406944 0.043359 0.065278
2 0.315039 0.506250 0.100391 0.087500
2 0.801953 0.932292 0.393750 0.134028
2 0.567969 0.422917 0.067969 0.059722
2 0.463477 0.412153 0.049609 0.068750
2 0.835156 0.457986 0.089844 0.046528
2 0.356250 0.560069 0.136719 0.175694
2 0.566211 0.550694 0.075391 0.100000
2 0.446289 0.805556 0.242578 0.393056
2 0.613672 0.550694 0.052344 0.170833
2 0.913086 0.918056 0.172266 0.162500
2 0.658398 0.425347 0.069922 0.064583
2 0.610938 0.413889 0.050000 0.068056
2 0.908008 0.679167 0.182422 0.198611
2 0.710352 0.459375 0.070703 0.114583
2 0.662109 0.498611 0.128125 0.129167
2 0.939063 0.493750 0.088281 0.068056
2 0.421289 0.674653 0.187891 0.285417
2 0.911328 0.797569 0.175781 0.207639
2 0.740820 0.444097 0.068359 0.042361
2 0.759766 0.484028 0.068750 0.084722
2 0.505664 0.557986 0.064453 0.104861
2 0.081836 0.837153 0.165234 0.324306
2 0.982812 0.498958 0.033594 0.070139
