2 0.180078 0.385417 0.086719 0.065278
2 0.195117 0.403819 0.038672 0.077083
2 0.244141 0.390625 0.060156 0.038194
2 0.283203 0.379167 0.024219 0.068056
2 0.146680 0.432986 0.091797 0.059028
2 0.237500 0.595139 0.198437 0.183333
2 0.332422 0.578819 0.128906 0.096528
2 0.872461 0.657639 0.253516 0.176389
2 0.456836 0.444444 0.076953 0.056944
2 0.463281 0.810764 0.166406 0.363194
2 0.450586 0.651389 0.138672 0.165278
2 0.529687 0.392708 0.053906 0.070139
2 0.387305 0.494444 0.101172 0.076389
2 0.498242 0.400347 0.029297 0.075694
2 0.793945 0.415972 0.087891 0.072222
2 0.894922 0.451389 0.096875 0.044444
2 0.469141 0.553125 0.156250 0.185417
2 0.658008 0.542708 0.084766 0.103472
2 0.725195 0.825000 0.131641 0.348611
2 0.648242 0.482639 0.080859 0.125000
2 0.674023 0.405903 0.042578 0.061806
2 0.970117 0.616667 0.058203 0.130556
2 0.745703 0.449653 0.108594 0.110417
2 0.759180 0.499306 0.105859 0.145833
2 0.983789 0.483333 0.030859 0.051389
2 0.355469 0.829167 0.378906 0.340278
2 0.850195 0.481597 0.091016 0.079861
2 0.600000 0.550000 0.082812 0.108333
2 0.203125 0.826042 0.246094 0.329861
2 0.189648 0.468403 0.110547 0.068750
2 0.026562 0.475694 0.053125 0.079167
