2 0.509375 0.879514 0.277344 0.239583
2 0.070508 0.396181 0.083984 0.084028
2 0.141797 0.402431 0.050000 0.067361
2 0.209961 0.388889 0.052734 0.061111
2 0.250000 0.379514 0.024219 0.052083
2 0.094141 0.429861 0.079687 0.051389
2 0.097656 0.566319 0.183594 0.157639
2 0.201367 0.559375 0.123828 0.084028
2 0.681445 0.634028 0.194922 0.154167
2 0.382812 0.447569 0.081250 0.053472
2 0.176563 0.719444 0.137500 0.247222
2 0.267578 0.631944 0.082812 0.159722
2 0.664648 0.901736 0.287891 0.195139
2 0.516406 0.406597 0.053906 0.070139
2 0.461914 0.409375 0.065234 0.067361
2 0.587500 0.413194 0.026562 0.068056
2 0.818359 0.458681 0.087500 0.049306
2 0.326953 0.534722 0.097656 0.158333
2 0.351172 0.772222 0.232031 0.393056
2 0.570898 0.595486 0.066016 0.200694
2 0.862305 0.898611 0.273828 0.201389
2 0.657422 0.425347 0.071094 0.061806
2 0.608008 0.413889 0.036328 0.066667
2 0.913086 0.717708 0.172266 0.192361
2 0.695508 0.457986 0.044922 0.104861
2 0.629297 0.488542 0.120313 0.131250
2 0.914062 0.498611 0.090625 0.075000
2 0.815430 0.685417 0.096484 0.168056
2 0.468555 0.570139 0.139453 0.200000
2 0.912305 0.701736 0.173828 0.215972
2 0.864258 0.823958 0.269922 0.299306
2 0.728711 0.443403 0.068359 0.043750
2 0.732812 0.485764 0.057031 0.075694
2 0.964258 0.508681 0.069922 0.110417
