2 0.557422 0.901736 0.317188 0.195139
2 0.070312 0.406597 0.089063 0.084028
2 0.143359 0.409375 0.050000 0.070139
2 0.208789 0.393056 0.052734 0.061111
2 0.248047 0.384375 0.024219 0.052083
2 0.095898 0.436111 0.083984 0.052778
2 0.103320 0.572569 0.185547 0.163194
2 0.207422 0.566319 0.123438 0.085417
2 0.688477 0.636111 0.195703 0.156944
2 0.385156 0.448611 0.080469 0.054167
2 0.190430 0.722569 0.128516 0.264583
2 0.281641 0.637847 0.097656 0.160417
2 0.690039 0.905903 0.318359 0.186806
2 0.519531 0.406944 0.067969 0.062500
2 0.458398 0.405903 0.062891 0.068750
2 0.588867 0.412500 0.029297 0.068056
2 0.819922 0.454514 0.087500 0.049306
2 0.334961 0.544097 0.100391 0.179861
2 0.383984 0.788194 0.203125 0.422222
2 0.578516 0.588194 0.061719 0.202778
2 0.867773 0.898958 0.262891 0.200694
2 0.657031 0.422569 0.070312 0.059028
2 0.602930 0.411111 0.045703 0.065278
2 0.906641 0.700347 0.185156 0.189583
2 0.698047 0.454861 0.047656 0.108333
2 0.632812 0.486806 0.123438 0.129167
2 0.918359 0.495139 0.090625 0.075000
2 0.827344 0.682986 0.102344 0.175694
2 0.464453 0.587500 0.145313 0.209722
2 0.873437 0.814236 0.252344 0.286806
2 0.729492 0.440625 0.068359 0.042361
2 0.738086 0.483681 0.058203 0.074306
2 0.966797 0.503819 0.064844 0.110417
