2 0.315430 0.793056 0.157422 0.401389
2 0.182617 0.945833 0.348828 0.106944
2 0.564258 0.965278 0.219141 0.068056
2 0.016992 0.342014 0.033984 0.054861
2 0.096289 0.361111 0.073828 0.077778
2 0.036133 0.381944 0.072266 0.045833
2 0.031445 0.406597 0.062891 0.039583
2 0.185742 0.365625 0.053516 0.061806
2 0.264648 0.356250 0.048828 0.048611
2 0.296680 0.350347 0.027734 0.042361
2 0.141406 0.513542 0.172656 0.109028
2 0.221484 0.507292 0.115625 0.088194
2 0.644922 0.600694 0.162500 0.155556
2 0.404492 0.424653 0.078516 0.050694
2 0.168750 0.629167 0.149219 0.195833
2 0.265430 0.571875 0.075391 0.135417
2 0.506836 0.385764 0.041016 0.061806
2 0.321289 0.445486 0.099609 0.064583
2 0.484375 0.856250 0.270313 0.286111
2 0.538477 0.397917 0.064453 0.063889
2 0.600586 0.398264 0.039453 0.064583
2 0.839258 0.467708 0.100391 0.045139
2 0.319336 0.496528 0.094141 0.158333
2 0.510156 0.512500 0.062500 0.086111
2 0.373047 0.613542 0.175781 0.239583
2 0.544727 0.624653 0.076953 0.231250
2 0.771680 0.871875 0.324609 0.254861
2 0.691992 0.421181 0.083203 0.059028
2 0.608398 0.435417 0.043359 0.086111
2 0.927344 0.793750 0.143750 0.272222
2 0.699414 0.455208 0.077734 0.111806
2 0.659766 0.488194 0.103906 0.134722
2 0.938477 0.510764 0.101953 0.082639
2 0.761523 0.675347 0.080078 0.165972
2 0.559961 0.507639 0.145703 0.138889
2 0.862695 0.700000 0.147266 0.240278
2 0.966602 0.684375 0.065234 0.290972
2 0.823242 0.809028 0.309766 0.308333
2 0.751367 0.440972 0.068359 0.043056
2 0.740234 0.477083 0.053906 0.084722
2 0.977930 0.506597 0.042578 0.075694
