2 0.074023 0.418750 0.087109 0.088889
2 0.143750 0.426042 0.051562 0.074306
2 0.204687 0.400694 0.056250 0.050000
2 0.244531 0.395139 0.024219 0.056944
2 0.094336 0.452431 0.089453 0.057639
2 0.103125 0.603125 0.172656 0.167361
2 0.226562 0.587500 0.122656 0.090278
2 0.735938 0.656597 0.221875 0.171528
2 0.395898 0.455556 0.079297 0.054167
2 0.235156 0.742361 0.132031 0.265278
2 0.312891 0.664236 0.113281 0.174306
2 0.486523 0.406250 0.043359 0.065278
2 0.311914 0.506250 0.100391 0.087500
2 0.783203 0.935417 0.395313 0.127778
2 0.561914 0.422917 0.069141 0.062500
2 0.462695 0.411458 0.054297 0.068750
2 0.833203 0.456944 0.089063 0.047222
2 0.350781 0.559375 0.134375 0.175694
2 0.560937 0.550000 0.073438 0.100000
2 0.434961 0.801736 0.240234 0.395139
2 0.610352 0.562847 0.054297 0.184028
2 0.907227 0.917361 0.183984 0.163889
2 0.657422 0.421875 0.069531 0.063194
2 0.609375 0.412847 0.052344 0.065972
2 0.909375 0.689583 0.179688 0.201389
2 0.712305 0.459375 0.058203 0.114583
2 0.657031 0.495833 0.126562 0.129167
2 0.937109 0.492361 0.089844 0.073611
2 0.422461 0.663889 0.200391 0.275000
2 0.906445 0.802431 0.185547 0.220139
2 0.739648 0.442708 0.068359 0.042361
2 0.755859 0.485417 0.070312 0.081944
2 0.500781 0.555903 0.061719 0.104861
2 0.075781 0.836111 0.151562 0.326389
2 0.983398 0.502083 0.031641 0.068056
