2 0.214062 0.374306 0.089063 0.084722
2 0.124609 0.409028 0.044531 0.065278
2 0.061133 0.423264 0.087891 0.064583
2 0.233398 0.609028 0.220703 0.200000
2 0.332031 0.584722 0.148438 0.106944
2 0.876367 0.634375 0.245703 0.174306
2 0.436523 0.427083 0.058203 0.061111
2 0.503516 0.825000 0.171875 0.348611
2 0.493945 0.403125 0.039453 0.067361
2 0.371484 0.489236 0.109375 0.096528
2 0.827148 0.400000 0.079297 0.061111
2 0.464258 0.382986 0.022266 0.082639
2 0.087109 0.359028 0.064844 0.034722
2 0.842383 0.429514 0.089453 0.047917
2 0.495312 0.548958 0.151562 0.184028
2 0.653125 0.532986 0.095312 0.104861
2 0.886328 0.842361 0.225781 0.313889
2 0.540820 0.432986 0.080859 0.104861
2 0.677539 0.394444 0.080859 0.062500
2 0.575977 0.390625 0.077734 0.072917
2 0.844727 0.516667 0.133984 0.161111
2 0.648242 0.430903 0.075391 0.110417
2 0.712305 0.541319 0.065234 0.206250
2 0.740430 0.399653 0.064453 0.060417
2 0.956641 0.467361 0.085156 0.069444
2 0.605273 0.536111 0.081641 0.113889
2 0.976172 0.627778 0.046094 0.097222
2 0.150977 0.826736 0.301172 0.343750
2 0.310352 0.380556 0.043359 0.041667
2 0.133008 0.468056 0.133203 0.087500
2 0.067773 0.394097 0.094922 0.047917
2 0.162695 0.358681 0.064453 0.029861
2 0.483203 0.671181 0.185156 0.193750
