2 0.069531 0.638542 0.139063 0.217361
2 0.185547 0.770139 0.250000 0.330556
2 0.108203 0.917361 0.216406 0.163889
2 0.310937 0.931597 0.323437 0.135417
2 0.030859 0.356944 0.061719 0.052778
2 0.075195 0.379167 0.049609 0.080556
2 0.034375 0.399306 0.068750 0.044444
2 0.169531 0.383333 0.060156 0.059722
2 0.258984 0.371181 0.046875 0.046528
2 0.287695 0.363542 0.033984 0.040972
2 0.114648 0.516667 0.167578 0.112500
2 0.182031 0.513542 0.115625 0.082639
2 0.587109 0.602083 0.156250 0.150000
2 0.384375 0.435764 0.075000 0.046528
2 0.117188 0.630556 0.162500 0.194444
2 0.227539 0.572917 0.081641 0.120833
2 0.493164 0.400000 0.040234 0.062500
2 0.298633 0.457639 0.101172 0.059722
2 0.388477 0.821875 0.243359 0.246528
2 0.523438 0.407639 0.028125 0.068056
2 0.548438 0.414236 0.054688 0.060417
2 0.962891 0.543750 0.072656 0.137500
2 0.595898 0.418056 0.056641 0.065278
2 0.814844 0.477778 0.097656 0.044444
2 0.274609 0.505208 0.110937 0.156250
2 0.478320 0.520139 0.063672 0.086111
2 0.384961 0.583681 0.127734 0.228472
2 0.483203 0.686111 0.085156 0.258333
2 0.648242 0.865972 0.282422 0.266667
2 0.695508 0.438194 0.080078 0.061111
2 0.544727 0.468403 0.052734 0.100694
2 0.930664 0.793403 0.137109 0.303472
2 0.697461 0.484722 0.108984 0.120833
2 0.669141 0.515972 0.092969 0.144444
2 0.906836 0.519444 0.098828 0.083333
2 0.694141 0.673611 0.077344 0.163889
2 0.584375 0.527083 0.145313 0.138889
2 0.788867 0.706597 0.132422 0.220139
2 0.905469 0.711111 0.108594 0.333333
2 0.725781 0.787847 0.258594 0.307639
