2 0.084570 0.415278 0.087891 0.088889
2 0.148047 0.427431 0.050000 0.074306
2 0.206641 0.399653 0.057813 0.045139
2 0.247656 0.398264 0.024219 0.065972
2 0.096680 0.448958 0.087891 0.059028
2 0.131055 0.606250 0.191016 0.170833
2 0.240820 0.590972 0.122266 0.093056
2 0.758789 0.659375 0.235547 0.170139
2 0.403711 0.457986 0.079297 0.053472
2 0.259180 0.758333 0.125391 0.319444
2 0.332031 0.669444 0.110937 0.181944
2 0.488086 0.410417 0.044141 0.065278
2 0.323633 0.507292 0.101172 0.085417
2 0.820898 0.929861 0.357422 0.138889
2 0.584180 0.426389 0.063672 0.065278
2 0.462891 0.414931 0.046094 0.068750
2 0.836328 0.460764 0.089063 0.045139
2 0.370703 0.564931 0.139063 0.184028
2 0.576562 0.554514 0.078125 0.102083
2 0.469531 0.806597 0.252344 0.385417
2 0.623437 0.546181 0.053906 0.165972
2 0.924219 0.919792 0.150000 0.159028
2 0.660547 0.428819 0.071094 0.064583
2 0.619336 0.418750 0.040234 0.070833
2 0.911523 0.673958 0.175391 0.179861
2 0.716211 0.462847 0.073047 0.114583
2 0.674609 0.499306 0.118750 0.129167
2 0.941406 0.495833 0.089063 0.065278
2 0.410742 0.705556 0.208984 0.301389
2 0.922070 0.795833 0.154297 0.197222
2 0.742773 0.446181 0.068359 0.042361
2 0.765625 0.488194 0.067187 0.083333
2 0.516797 0.557639 0.066406 0.108333
2 0.099609 0.840278 0.199219 0.318056
2 0.980273 0.504514 0.037891 0.071528
