2 0.474219 0.877431 0.246875 0.243750
2 0.069531 0.391667 0.083594 0.081944
2 0.139844 0.396875 0.050781 0.067361
2 0.212305 0.383681 0.052734 0.060417
2 0.251953 0.377431 0.024219 0.052083
2 0.093359 0.423958 0.075781 0.050694
2 0.095117 0.567014 0.180859 0.149306
2 0.199805 0.555208 0.119141 0.084028
2 0.672266 0.633681 0.192188 0.161806
2 0.383008 0.444792 0.081641 0.053472
2 0.166211 0.712847 0.146484 0.245139
2 0.260937 0.626736 0.083594 0.154861
2 0.631641 0.901736 0.287500 0.195139
2 0.516992 0.405556 0.048047 0.070833
2 0.466211 0.408681 0.064453 0.067361
2 0.588867 0.413542 0.030859 0.059028
2 0.817187 0.460764 0.087500 0.050694
2 0.321875 0.531250 0.097656 0.158333
2 0.331836 0.762847 0.248828 0.378472
2 0.563281 0.609722 0.069531 0.218056
2 0.853711 0.900347 0.291016 0.197917
2 0.658594 0.426736 0.076563 0.064583
2 0.608008 0.415972 0.036328 0.066667
2 0.914844 0.725694 0.168750 0.187500
2 0.692969 0.459375 0.045312 0.104861
2 0.627930 0.489583 0.116797 0.131944
2 0.912891 0.502778 0.089844 0.075000
2 0.805664 0.687153 0.090234 0.164583
2 0.469531 0.567361 0.140625 0.194444
2 0.909570 0.713889 0.179297 0.229167
2 0.860742 0.829861 0.278516 0.302778
2 0.729102 0.446181 0.068359 0.045139
2 0.730859 0.486806 0.056250 0.076389
2 0.961133 0.514236 0.076172 0.110417
