2 0.068164 0.631250 0.136328 0.213889
2 0.206641 0.746875 0.246875 0.313194
2 0.122852 0.917014 0.245703 0.164583
2 0.340820 0.928819 0.332422 0.145139
2 0.034180 0.354861 0.068359 0.052778
2 0.090625 0.374306 0.052344 0.080556
2 0.040625 0.392014 0.081250 0.043750
2 0.182812 0.380556 0.060156 0.059722
2 0.268359 0.367708 0.046875 0.046528
2 0.297852 0.360764 0.030859 0.043750
2 0.128320 0.513889 0.162891 0.108333
2 0.197266 0.506597 0.115625 0.084028
2 0.599414 0.601042 0.162109 0.147917
2 0.394141 0.432986 0.075781 0.047917
2 0.135156 0.628819 0.158594 0.199306
2 0.241602 0.566667 0.081641 0.120833
2 0.502148 0.398611 0.040234 0.062500
2 0.311133 0.453472 0.098047 0.059722
2 0.405078 0.819792 0.243750 0.242361
2 0.530859 0.405208 0.025781 0.068750
2 0.556250 0.413889 0.051562 0.065278
2 0.973828 0.541667 0.050781 0.143056
2 0.600195 0.413889 0.057422 0.065278
2 0.826562 0.476736 0.100000 0.043750
2 0.289258 0.500000 0.105859 0.155556
2 0.488867 0.515278 0.066797 0.086111
2 0.386328 0.588194 0.133594 0.227778
2 0.493750 0.660069 0.073438 0.236806
2 0.670312 0.863542 0.294531 0.271528
2 0.695508 0.432986 0.081641 0.059028
2 0.563867 0.461458 0.053516 0.100694
2 0.922461 0.779861 0.153516 0.256944
2 0.700586 0.472917 0.100391 0.113889
2 0.676367 0.506944 0.091016 0.134722
2 0.920703 0.518750 0.103125 0.083333
2 0.710156 0.670833 0.078125 0.162500
2 0.578906 0.522222 0.145313 0.138889
2 0.805664 0.706597 0.132422 0.220139
2 0.925781 0.695486 0.111719 0.306250
2 0.744922 0.791319 0.262500 0.309028
2 0.738672 0.452778 0.070312 0.043056
