2 0.250000 0.367708 0.082812 0.084028
2 0.190430 0.398611 0.041016 0.059722
2 0.137500 0.414583 0.082812 0.062500
2 0.287695 0.601389 0.212109 0.193056
2 0.380469 0.584722 0.143750 0.106944
2 0.903516 0.651389 0.191406 0.165278
2 0.478906 0.426389 0.066406 0.061111
2 0.548828 0.831597 0.175000 0.335417
2 0.538672 0.390625 0.038281 0.086806
2 0.419531 0.491319 0.109375 0.096528
2 0.866406 0.416319 0.091406 0.072917
2 0.515430 0.385417 0.029297 0.079167
2 0.157227 0.352431 0.055078 0.034028
2 0.924414 0.436111 0.083984 0.045833
2 0.908398 0.445833 0.101953 0.048611
2 0.530859 0.555556 0.177344 0.188889
2 0.704102 0.545833 0.101953 0.111111
2 0.914453 0.851042 0.169531 0.296528
2 0.596875 0.444097 0.065625 0.099306
2 0.729297 0.404167 0.083594 0.062500
2 0.634961 0.399653 0.081641 0.075694
2 0.940039 0.551389 0.118359 0.161111
2 0.703125 0.439236 0.092188 0.113194
2 0.766211 0.540625 0.094922 0.189583
2 0.794531 0.414236 0.063281 0.060417
2 0.874414 0.477083 0.097266 0.079167
2 0.640625 0.540972 0.084375 0.120833
2 0.235352 0.828472 0.266016 0.341667
2 0.360352 0.380556 0.042578 0.041667
2 0.196680 0.456944 0.120703 0.079167
2 0.139453 0.385069 0.087500 0.047917
2 0.530273 0.671528 0.185547 0.200000
