2 0.349805 0.818403 0.137891 0.361806
2 0.075195 0.364583 0.083203 0.086111
2 0.017969 0.382639 0.035937 0.044444
2 0.164453 0.367361 0.056250 0.062500
2 0.240820 0.356250 0.053516 0.052778
2 0.272852 0.348958 0.025391 0.042361
2 0.113477 0.528472 0.188672 0.120833
2 0.211523 0.517014 0.114453 0.089583
2 0.650195 0.611111 0.180078 0.162500
2 0.389453 0.425347 0.080469 0.052083
2 0.148047 0.656250 0.162500 0.219444
2 0.248242 0.583681 0.076953 0.138194
2 0.491992 0.383333 0.041797 0.059722
2 0.305273 0.452083 0.103516 0.061111
2 0.518945 0.876736 0.262109 0.243750
2 0.510742 0.400347 0.063672 0.068750
2 0.597852 0.399306 0.066797 0.063889
2 0.825391 0.460764 0.092969 0.049306
2 0.308398 0.499306 0.097266 0.154167
2 0.314648 0.694792 0.238672 0.346528
2 0.546484 0.640278 0.092188 0.248611
2 0.799023 0.886111 0.326172 0.227778
2 0.679102 0.421181 0.081641 0.063194
2 0.611719 0.419444 0.035156 0.080556
2 0.933789 0.779514 0.130859 0.224306
2 0.696289 0.457986 0.052734 0.109028
2 0.631836 0.481944 0.110547 0.131944
2 0.929102 0.507639 0.101172 0.083333
2 0.776953 0.677778 0.080469 0.165278
2 0.517773 0.522569 0.139453 0.164583
2 0.878711 0.711111 0.159766 0.250000
2 0.839258 0.828125 0.316016 0.331250
2 0.740820 0.440278 0.068359 0.047222
2 0.732812 0.481597 0.055469 0.078472
2 0.966992 0.511111 0.065234 0.094444
