2 0.189453 0.383333 0.082031 0.070833
2 0.203320 0.403472 0.040234 0.077778
2 0.251367 0.390278 0.065234 0.030556
2 0.289453 0.377083 0.024219 0.068056
2 0.157617 0.429514 0.090234 0.061806
2 0.252734 0.590278 0.196875 0.183333
2 0.346484 0.577083 0.128125 0.095833
2 0.880469 0.653125 0.237500 0.171528
2 0.464258 0.441667 0.076953 0.056944
2 0.481250 0.809375 0.150781 0.343750
2 0.536523 0.391319 0.055078 0.070139
2 0.399023 0.492361 0.101172 0.076389
2 0.504102 0.397569 0.029297 0.075694
2 0.816016 0.415278 0.085156 0.075000
2 0.902930 0.447917 0.098047 0.048611
2 0.482617 0.551389 0.157422 0.186111
2 0.669727 0.540972 0.085547 0.101389
2 0.765625 0.827431 0.151562 0.343750
2 0.649219 0.474306 0.088281 0.120833
2 0.679688 0.404167 0.047656 0.063889
2 0.971289 0.584722 0.055859 0.094444
2 0.751563 0.447569 0.108594 0.110417
2 0.769727 0.501736 0.098828 0.152083
2 0.988672 0.480903 0.022656 0.046528
2 0.357617 0.831597 0.401953 0.335417
2 0.860547 0.481250 0.095312 0.081944
2 0.611133 0.548611 0.083984 0.108333
2 0.202344 0.820486 0.285156 0.340972
2 0.199023 0.467708 0.110547 0.068750
2 0.032422 0.479167 0.064844 0.084722
2 0.473438 0.657986 0.155469 0.188194
