2 0.432422 0.865625 0.216406 0.268750
2 0.069141 0.385069 0.085156 0.081250
2 0.140625 0.389236 0.050781 0.067361
2 0.214258 0.376736 0.052734 0.060417
2 0.251758 0.370486 0.025391 0.052083
2 0.093945 0.418403 0.074609 0.052083
2 0.091406 0.559375 0.178906 0.140972
2 0.198828 0.547569 0.117969 0.084028
2 0.663086 0.623611 0.194141 0.166667
2 0.382227 0.441319 0.081641 0.053472
2 0.155664 0.705208 0.155859 0.245139
2 0.254297 0.620139 0.083594 0.154167
2 0.597461 0.906250 0.283984 0.202778
2 0.515625 0.403125 0.040625 0.068750
2 0.471289 0.405903 0.063672 0.067361
2 0.589453 0.414931 0.034375 0.060417
2 0.817578 0.460417 0.087500 0.051389
2 0.316797 0.526042 0.096094 0.159028
2 0.308789 0.755208 0.264453 0.377083
2 0.557227 0.615972 0.069141 0.227778
2 0.843164 0.898611 0.312109 0.201389
2 0.660742 0.425347 0.079297 0.064583
2 0.608398 0.414583 0.035547 0.070833
2 0.915820 0.744444 0.166797 0.208333
2 0.691797 0.455903 0.046094 0.106250
2 0.625586 0.486806 0.115234 0.131944
2 0.911719 0.504861 0.089063 0.075000
2 0.798438 0.687847 0.086719 0.161806
2 0.477930 0.557639 0.132422 0.193056
2 0.907031 0.720139 0.182031 0.240278
2 0.856055 0.830556 0.287891 0.313889
2 0.729102 0.444097 0.068359 0.045139
2 0.729297 0.485417 0.056250 0.077778
2 0.957812 0.517708 0.082812 0.109028
