2 0.322070 0.800347 0.146484 0.414583
2 0.203320 0.957986 0.316797 0.082639
2 0.011523 0.338542 0.023047 0.056250
2 0.090039 0.360069 0.073828 0.081250
2 0.032422 0.377431 0.064844 0.042361
2 0.029102 0.406944 0.058203 0.043056
2 0.181836 0.362847 0.053516 0.061806
2 0.259570 0.353819 0.049609 0.049306
2 0.291602 0.347569 0.027734 0.042361
2 0.135937 0.515278 0.178125 0.113889
2 0.217578 0.506944 0.117188 0.090278
2 0.647461 0.600000 0.170703 0.156944
2 0.401562 0.423264 0.078906 0.050694
2 0.164648 0.634722 0.152734 0.202778
2 0.261523 0.572569 0.076953 0.138194
2 0.503906 0.384028 0.041406 0.061111
2 0.317578 0.445139 0.100000 0.061111
2 0.492188 0.859375 0.271875 0.279861
2 0.533203 0.397917 0.063281 0.069444
2 0.598047 0.398611 0.027344 0.070833
2 0.836328 0.465625 0.100781 0.046528
2 0.316797 0.495486 0.096094 0.159028
2 0.364258 0.614236 0.180078 0.235417
2 0.544141 0.627431 0.082031 0.235417
2 0.780273 0.873958 0.328516 0.250694
2 0.689648 0.419792 0.083203 0.059028
2 0.608789 0.430903 0.041016 0.088194
2 0.927930 0.799653 0.142578 0.274306
2 0.699805 0.453472 0.068359 0.111111
2 0.653320 0.481944 0.102734 0.130556
2 0.937109 0.508681 0.103906 0.081250
2 0.767383 0.674653 0.081641 0.165972
2 0.551758 0.511458 0.145703 0.146528
2 0.868359 0.702083 0.151562 0.241667
2 0.969336 0.679167 0.059766 0.284722
2 0.825391 0.810417 0.309375 0.308333
2 0.749805 0.439583 0.068359 0.044444
2 0.739648 0.478819 0.054297 0.079861
2 0.974609 0.508333 0.049219 0.080556
