2 0.400586 0.855556 0.194922 0.287500
2 0.069531 0.378819 0.087500 0.081250
2 0.142187 0.382292 0.050781 0.067361
2 0.218164 0.372569 0.053516 0.060417
2 0.254492 0.364236 0.025391 0.047917
2 0.094531 0.411111 0.072656 0.048611
2 0.090820 0.551042 0.180859 0.135417
2 0.197461 0.540625 0.117578 0.085417
2 0.661914 0.616667 0.193359 0.163889
2 0.380859 0.435764 0.082031 0.053472
2 0.147852 0.696875 0.162109 0.242361
2 0.248438 0.611111 0.082031 0.152778
2 0.574805 0.896875 0.291016 0.204861
2 0.512891 0.401389 0.034375 0.069444
2 0.476758 0.403819 0.063672 0.067361
2 0.590430 0.413542 0.040234 0.063194
2 0.817578 0.460417 0.087500 0.051389
2 0.312305 0.518750 0.094141 0.158333
2 0.304688 0.746528 0.246094 0.377778
2 0.550586 0.613542 0.072266 0.224306
2 0.837695 0.896181 0.323047 0.206250
2 0.661914 0.425000 0.080859 0.065278
2 0.607812 0.411458 0.032031 0.072917
2 0.918750 0.754861 0.160938 0.216667
2 0.690820 0.454514 0.046484 0.106250
2 0.625195 0.486111 0.113672 0.131944
2 0.914258 0.501389 0.091797 0.079167
2 0.793750 0.684375 0.085938 0.161806
2 0.480859 0.554167 0.132812 0.193056
2 0.905273 0.714583 0.184766 0.240278
2 0.850781 0.831597 0.296875 0.321528
2 0.729102 0.442014 0.068359 0.045139
2 0.727539 0.484028 0.055859 0.079167
2 0.958008 0.513194 0.083203 0.111111
