2 0.128906 0.397569 0.100000 0.075694
2 0.160156 0.420486 0.047656 0.079861
2 0.206836 0.399653 0.068359 0.034028
2 0.253906 0.393056 0.024219 0.068056
2 0.107031 0.448611 0.090625 0.056944
2 0.172266 0.607292 0.200781 0.184028
2 0.277148 0.589583 0.122266 0.097222
2 0.812891 0.657986 0.256250 0.175694
2 0.420508 0.450000 0.078516 0.054167
2 0.336133 0.789583 0.141016 0.366667
2 0.501758 0.403125 0.046484 0.067361
2 0.346680 0.502083 0.101172 0.076389
2 0.887500 0.940625 0.225000 0.118750
2 0.644727 0.425000 0.073828 0.070833
2 0.472461 0.410417 0.038672 0.066667
2 0.854102 0.455556 0.089453 0.044444
2 0.411719 0.557639 0.147656 0.181944
2 0.607422 0.549306 0.078125 0.105556
2 0.572656 0.817361 0.178906 0.361111
2 0.631836 0.514931 0.088672 0.149306
2 0.675977 0.423958 0.071484 0.064583
2 0.643164 0.415972 0.028516 0.072222
2 0.940234 0.649653 0.117969 0.185417
2 0.724805 0.456597 0.102734 0.110417
2 0.712500 0.498611 0.106250 0.138889
2 0.959766 0.492361 0.079687 0.069444
2 0.378711 0.790972 0.276172 0.412500
2 0.956836 0.770486 0.084766 0.152083
2 0.755469 0.442014 0.073438 0.042361
2 0.798047 0.482986 0.070312 0.078472
2 0.548438 0.555556 0.077344 0.108333
2 0.139063 0.841667 0.278125 0.315278
2 0.144531 0.479861 0.110156 0.063889
