2 0.257812 0.365278 0.083594 0.081944
2 0.216016 0.389583 0.049219 0.066667
2 0.299805 0.354167 0.023828 0.065278
2 0.159180 0.410417 0.080859 0.061111
2 0.301758 0.598611 0.209766 0.191667
2 0.393555 0.579861 0.144141 0.106944
2 0.914062 0.655903 0.170313 0.159028
2 0.491992 0.428472 0.070703 0.061111
2 0.561133 0.832986 0.178516 0.332639
2 0.555078 0.386458 0.028125 0.072917
2 0.435156 0.489236 0.106250 0.093750
2 0.877539 0.420139 0.083203 0.073611
2 0.533008 0.385764 0.037109 0.079861
2 0.181836 0.349653 0.053516 0.035417
2 0.952930 0.440625 0.085547 0.047917
2 0.936328 0.447222 0.104688 0.055556
2 0.545312 0.552778 0.177344 0.188889
2 0.722070 0.547917 0.101172 0.112500
2 0.921875 0.856250 0.154688 0.286111
2 0.615820 0.444792 0.066016 0.107639
2 0.750586 0.404167 0.083984 0.061111
2 0.662109 0.397222 0.082812 0.070833
2 0.959570 0.560069 0.079297 0.140972
2 0.730664 0.443403 0.097266 0.113194
2 0.783398 0.528819 0.110547 0.165972
2 0.816797 0.417708 0.063281 0.060417
2 0.901172 0.483333 0.103125 0.084722
2 0.658203 0.543403 0.085938 0.124306
2 0.271680 0.824306 0.253516 0.350000
2 0.379297 0.376389 0.041406 0.041667
2 0.217383 0.453472 0.116016 0.079167
2 0.163867 0.380208 0.084766 0.047917
2 0.037695 0.460069 0.075391 0.095139
2 0.542969 0.673958 0.185938 0.204861
