2 0.256836 0.362500 0.083203 0.079167
2 0.232813 0.385417 0.048438 0.070833
2 0.315430 0.352778 0.023828 0.065278
2 0.181250 0.403125 0.072656 0.057639
2 0.303711 0.583333 0.201953 0.184722
2 0.390820 0.571528 0.142578 0.105556
2 0.913867 0.649306 0.170703 0.158333
2 0.496484 0.428472 0.073438 0.063889
2 0.551953 0.830556 0.178125 0.338889
2 0.564844 0.380208 0.035156 0.064583
2 0.441016 0.484028 0.106250 0.087500
2 0.864062 0.418056 0.092188 0.076389
2 0.542773 0.382639 0.034766 0.077778
2 0.201563 0.353472 0.050781 0.044444
2 0.959375 0.436111 0.081250 0.040278
2 0.950391 0.445139 0.098437 0.055556
2 0.543359 0.545139 0.172656 0.187500
2 0.722852 0.540625 0.098047 0.111806
2 0.908984 0.846181 0.180469 0.306250
2 0.633398 0.437500 0.069141 0.111111
2 0.763086 0.399653 0.083984 0.061806
2 0.683203 0.397222 0.076563 0.069444
2 0.981641 0.570486 0.035156 0.118750
2 0.752930 0.436458 0.106641 0.110417
2 0.809766 0.525694 0.089063 0.170833
2 0.305859 0.901389 0.377344 0.197222
2 0.830859 0.421181 0.063281 0.060417
2 0.915625 0.480556 0.107031 0.081944
2 0.670703 0.537847 0.084375 0.132639
2 0.268555 0.809722 0.259766 0.362500
2 0.393555 0.374306 0.037891 0.037500
2 0.232031 0.447222 0.113281 0.075000
2 0.186133 0.374653 0.083203 0.047917
2 0.049219 0.456250 0.097656 0.100000
2 0.038672 0.395833 0.077344 0.055556
2 0.539453 0.664931 0.182812 0.204861
