2 0.216406 0.370486 0.083594 0.078472
2 0.220703 0.390972 0.039844 0.077778
2 0.265430 0.378819 0.066797 0.036806
2 0.304102 0.363889 0.023828 0.068056
2 0.174219 0.411806 0.084375 0.062500
2 0.287109 0.579861 0.189844 0.183333
2 0.369336 0.566319 0.135547 0.097917
2 0.894531 0.645139 0.210156 0.161111
2 0.482422 0.433333 0.075781 0.058333
2 0.526172 0.795833 0.146094 0.300000
2 0.550977 0.382986 0.055078 0.070139
2 0.420312 0.479861 0.103906 0.076389
2 0.798633 0.419444 0.082422 0.069444
2 0.521680 0.387847 0.029297 0.075694
2 0.882812 0.409028 0.078906 0.070833
2 0.926953 0.445833 0.101562 0.051389
2 0.512695 0.541667 0.161328 0.186111
2 0.695312 0.534375 0.089063 0.104861
2 0.863086 0.832292 0.234766 0.334028
2 0.654883 0.456597 0.087109 0.113194
2 0.688086 0.394792 0.058203 0.067361
2 0.979102 0.576736 0.040234 0.088194
2 0.756055 0.438889 0.109766 0.109722
2 0.795508 0.499306 0.074609 0.154167
2 0.326758 0.863194 0.462891 0.272222
2 0.888281 0.476389 0.103125 0.081944
2 0.638867 0.541319 0.084766 0.113194
2 0.235547 0.798264 0.248438 0.375694
2 0.220898 0.450000 0.112109 0.068056
2 0.041797 0.465625 0.083594 0.095139
2 0.033203 0.406597 0.066406 0.056250
2 0.515820 0.651736 0.180078 0.193750
