2 0.259375 0.362847 0.082812 0.081250
2 0.230664 0.387153 0.047266 0.070139
2 0.312695 0.352083 0.023828 0.065278
2 0.176758 0.405208 0.076172 0.059028
2 0.307227 0.588194 0.205859 0.188889
2 0.394531 0.575347 0.142969 0.104861
2 0.915820 0.653819 0.166797 0.152083
2 0.498242 0.427778 0.073047 0.065278
2 0.557031 0.834028 0.176563 0.334722
2 0.563477 0.382986 0.027734 0.075694
2 0.441406 0.486806 0.106250 0.087500
2 0.874219 0.420139 0.080469 0.076389
2 0.541797 0.385069 0.036719 0.078472
2 0.198437 0.352431 0.052344 0.038194
2 0.958594 0.438542 0.082812 0.038194
2 0.950391 0.447917 0.097656 0.054167
2 0.546680 0.549653 0.176172 0.188194
2 0.726953 0.544444 0.097656 0.113889
2 0.916211 0.855903 0.166016 0.288194
2 0.628516 0.444792 0.067969 0.114583
2 0.762305 0.404167 0.085547 0.062500
2 0.678320 0.399306 0.079297 0.072222
2 0.978320 0.569444 0.042578 0.127778
2 0.745313 0.440278 0.101562 0.111111
2 0.806055 0.526042 0.093359 0.168750
2 0.324219 0.917361 0.345313 0.163889
2 0.830078 0.421181 0.063281 0.060417
2 0.915234 0.481944 0.107031 0.081944
2 0.673828 0.544444 0.086719 0.129167
2 0.285547 0.817361 0.244531 0.363889
2 0.391406 0.377778 0.040625 0.040278
2 0.229883 0.450000 0.116016 0.076389
2 0.180273 0.376736 0.083203 0.047917
2 0.046680 0.457986 0.093359 0.103472
2 0.035742 0.393403 0.071484 0.052083
2 0.542773 0.669792 0.183984 0.204861
