2 0.076367 0.412847 0.087891 0.088194
2 0.145703 0.420139 0.051562 0.073611
2 0.209375 0.397917 0.053906 0.050000
2 0.247266 0.389931 0.024219 0.056250
2 0.097266 0.447569 0.086719 0.053472
2 0.104688 0.590972 0.173437 0.163889
2 0.216602 0.577431 0.123047 0.088194
2 0.715625 0.651389 0.214062 0.176389
2 0.390039 0.452778 0.079297 0.054167
2 0.202734 0.723264 0.121875 0.271528
2 0.298633 0.651389 0.103516 0.163889
2 0.484570 0.404167 0.043359 0.065278
2 0.732227 0.922222 0.348828 0.154167
2 0.541602 0.416319 0.066797 0.065972
2 0.459766 0.409375 0.060156 0.068750
2 0.829297 0.456597 0.088281 0.049306
2 0.346289 0.555208 0.112891 0.186806
2 0.546094 0.543403 0.067187 0.099306
2 0.412305 0.794444 0.215234 0.409722
2 0.594922 0.575000 0.060156 0.193056
2 0.888867 0.908681 0.220703 0.182639
2 0.658008 0.421875 0.069922 0.060417
2 0.604492 0.411806 0.053516 0.066667
2 0.907422 0.695486 0.183594 0.214583
2 0.709961 0.456250 0.048047 0.111111
2 0.645312 0.490278 0.126562 0.129167
2 0.930469 0.493056 0.090625 0.075000
2 0.444336 0.616319 0.169922 0.229861
2 0.891211 0.811458 0.216016 0.257639
2 0.736523 0.440625 0.068359 0.042361
2 0.749219 0.485764 0.064062 0.077083
2 0.974219 0.508681 0.050000 0.106250
