2 0.308984 0.781944 0.169531 0.380556
2 0.177148 0.941319 0.354297 0.115972
2 0.530664 0.954167 0.242578 0.090278
2 0.022656 0.346181 0.045312 0.054861
2 0.098242 0.363889 0.066016 0.077778
2 0.039453 0.385764 0.078906 0.046528
2 0.035352 0.412500 0.070703 0.043056
2 0.190430 0.370139 0.055859 0.061111
2 0.268359 0.360069 0.046875 0.049306
2 0.301758 0.352431 0.027734 0.042361
2 0.146094 0.513889 0.169531 0.108333
2 0.224414 0.507292 0.114453 0.089583
2 0.642969 0.601042 0.161719 0.153472
2 0.406445 0.426389 0.078516 0.050000
2 0.169727 0.628819 0.149609 0.195139
2 0.267969 0.569097 0.075781 0.125694
2 0.509766 0.388194 0.040625 0.062500
2 0.323633 0.448264 0.099609 0.061806
2 0.479102 0.854861 0.265234 0.287500
2 0.542773 0.403472 0.064453 0.063889
2 0.602930 0.402431 0.045703 0.068750
2 0.841797 0.469792 0.100000 0.043750
2 0.321484 0.499306 0.092969 0.158333
2 0.511328 0.513194 0.062500 0.086111
2 0.381250 0.606944 0.166406 0.231944
2 0.545117 0.630208 0.075391 0.232639
2 0.761328 0.871875 0.317969 0.254861
2 0.693555 0.423264 0.083203 0.059028
2 0.606055 0.440278 0.043359 0.090278
2 0.923828 0.790972 0.150781 0.269444
2 0.698047 0.465278 0.089063 0.118056
2 0.666602 0.493750 0.099609 0.140278
2 0.943555 0.512500 0.108203 0.080556
2 0.758203 0.676042 0.080469 0.164583
2 0.567773 0.510417 0.145703 0.138889
2 0.855859 0.701042 0.146094 0.239583
2 0.964063 0.689583 0.070312 0.295833
2 0.802148 0.808333 0.274609 0.309722
2 0.753711 0.443750 0.069922 0.044444
2 0.741406 0.477431 0.052344 0.086806
