2 0.074805 0.415972 0.086328 0.088889
2 0.144531 0.424653 0.051562 0.074306
2 0.207422 0.400347 0.054688 0.049306
2 0.246484 0.392708 0.024219 0.056250
2 0.096094 0.451736 0.089063 0.053472
2 0.100195 0.598264 0.171484 0.167361
2 0.219727 0.581250 0.123047 0.088889
2 0.720117 0.646875 0.216797 0.165972
2 0.391602 0.454861 0.079297 0.054167
2 0.217383 0.726042 0.129297 0.261806
2 0.303320 0.658333 0.105859 0.168056
2 0.484570 0.404861 0.043359 0.065278
2 0.734766 0.928125 0.374219 0.142361
2 0.545898 0.420139 0.066797 0.069444
2 0.459961 0.410764 0.058984 0.068750
2 0.830859 0.455903 0.089063 0.047917
2 0.346484 0.556250 0.119531 0.177778
2 0.550391 0.547569 0.069531 0.099306
2 0.412500 0.797917 0.233594 0.402778
2 0.600195 0.567014 0.058984 0.181250
2 0.895508 0.912847 0.207422 0.172917
2 0.658008 0.423264 0.069922 0.060417
2 0.606445 0.411111 0.051953 0.065278
2 0.909766 0.696181 0.178906 0.210417
2 0.712109 0.456597 0.049219 0.111806
2 0.648438 0.490972 0.127344 0.129167
2 0.932813 0.492708 0.089844 0.074306
2 0.436523 0.629514 0.180859 0.252083
2 0.897070 0.809375 0.204297 0.246528
2 0.737695 0.439931 0.068359 0.042361
2 0.750781 0.485417 0.068750 0.076389
2 0.064453 0.816667 0.128906 0.319444
2 0.977344 0.506944 0.046875 0.098611
