2 0.591016 0.927778 0.276562 0.143056
2 0.077344 0.407986 0.092188 0.085417
2 0.145508 0.416319 0.051172 0.070139
2 0.209375 0.396528 0.053125 0.056944
2 0.247656 0.388889 0.024219 0.052778
2 0.096680 0.444097 0.083984 0.054861
2 0.107813 0.581250 0.178125 0.168056
2 0.213477 0.573611 0.123047 0.087500
2 0.705859 0.644792 0.205469 0.167361
2 0.388281 0.451042 0.079687 0.054861
2 0.198828 0.723611 0.125000 0.270833
2 0.292969 0.645139 0.103125 0.162500
2 0.482617 0.402778 0.043359 0.065278
2 0.724609 0.913889 0.346875 0.170833
2 0.533594 0.412847 0.067187 0.063194
2 0.459570 0.408681 0.061328 0.068750
2 0.826562 0.454861 0.089063 0.047222
2 0.342969 0.550000 0.109375 0.181944
2 0.540820 0.539236 0.067578 0.099306
2 0.404102 0.791667 0.208203 0.415278
2 0.587500 0.574653 0.059375 0.195139
2 0.880859 0.903819 0.236719 0.190972
2 0.657813 0.419792 0.070312 0.059028
2 0.605273 0.411458 0.048828 0.067361
2 0.903906 0.696528 0.190625 0.200000
2 0.705664 0.453819 0.046484 0.110417
2 0.641992 0.488889 0.124609 0.129167
2 0.925586 0.493403 0.087891 0.075694
2 0.454688 0.601389 0.153125 0.218056
2 0.885156 0.805208 0.228906 0.253472
2 0.734180 0.440625 0.068359 0.042361
2 0.745898 0.484375 0.061328 0.077083
2 0.970898 0.508333 0.058984 0.105556
