2 0.239453 0.366667 0.080469 0.083333
2 0.226953 0.385417 0.040625 0.073611
2 0.277734 0.375000 0.052344 0.029167
2 0.312305 0.358333 0.023828 0.065278
2 0.182617 0.410417 0.082422 0.062500
2 0.294531 0.582639 0.195312 0.183333
2 0.381055 0.568056 0.133984 0.106944
2 0.905078 0.645833 0.189062 0.158333
2 0.491211 0.431250 0.074609 0.061111
2 0.519727 0.828819 0.178516 0.340972
2 0.559570 0.379514 0.047266 0.070139
2 0.430859 0.482986 0.106250 0.085417
2 0.834375 0.415972 0.075781 0.075000
2 0.535742 0.384375 0.032422 0.075694
2 0.197852 0.356250 0.048047 0.034722
2 0.938477 0.417014 0.080859 0.063194
2 0.945312 0.445139 0.105469 0.052778
2 0.527930 0.543750 0.166797 0.187500
2 0.708984 0.537153 0.091406 0.107639
2 0.885938 0.842014 0.226562 0.314583
2 0.641992 0.446181 0.086328 0.114583
2 0.761328 0.398958 0.072656 0.056250
2 0.686328 0.395833 0.067187 0.065278
2 0.980078 0.564931 0.038281 0.081250
2 0.758008 0.438194 0.105078 0.112500
2 0.802539 0.511111 0.091797 0.162500
2 0.323437 0.878819 0.400781 0.240972
2 0.905469 0.475694 0.106250 0.081944
2 0.654687 0.541667 0.085938 0.122222
2 0.241602 0.804514 0.247266 0.367361
2 0.229492 0.445833 0.112109 0.068056
2 0.180859 0.383681 0.077344 0.043750
2 0.046875 0.462847 0.093750 0.100694
2 0.037695 0.399306 0.075391 0.054167
2 0.528516 0.657292 0.183594 0.197917
