2 0.280664 0.766667 0.201172 0.345833
2 0.167969 0.926736 0.335938 0.145139
2 0.465430 0.942708 0.274609 0.113194
2 0.030078 0.348264 0.060156 0.049306
2 0.104688 0.366667 0.063281 0.077778
2 0.044141 0.385417 0.088281 0.043056
2 0.045312 0.418750 0.085156 0.043056
2 0.196484 0.374306 0.060937 0.059722
2 0.274609 0.361806 0.046875 0.047222
2 0.307812 0.354861 0.028125 0.043056
2 0.150977 0.515972 0.164453 0.108333
2 0.229492 0.503819 0.105859 0.082639
2 0.635938 0.602431 0.160156 0.149306
2 0.407617 0.428125 0.077734 0.049306
2 0.167969 0.631250 0.149219 0.197222
2 0.266016 0.566667 0.076563 0.120833
2 0.513086 0.393056 0.040234 0.062500
2 0.327539 0.450694 0.095703 0.059722
2 0.465234 0.846181 0.256250 0.281250
2 0.554102 0.406944 0.054297 0.063889
2 0.605273 0.409028 0.051953 0.069444
2 0.842578 0.474653 0.100000 0.043750
2 0.321875 0.499653 0.090625 0.154861
2 0.512109 0.513889 0.066406 0.086111
2 0.384961 0.602778 0.159766 0.231944
2 0.542578 0.642708 0.072656 0.234028
2 0.735938 0.871528 0.304688 0.255556
2 0.697266 0.428125 0.082812 0.059028
2 0.599219 0.443750 0.041406 0.088889
2 0.927734 0.798958 0.142969 0.261806
2 0.703320 0.467361 0.091797 0.118056
2 0.679492 0.501389 0.091797 0.140278
2 0.944922 0.519097 0.107813 0.086806
2 0.748828 0.674306 0.080469 0.159722
2 0.575586 0.516667 0.145703 0.138889
2 0.845508 0.705208 0.139453 0.245139
2 0.959180 0.705903 0.080078 0.320139
2 0.792383 0.806944 0.275391 0.312500
2 0.755078 0.450000 0.071875 0.045833
2 0.739844 0.481944 0.052344 0.090278
