1 1 0.008789 0.663542 0.017578 0.074306
1 3 0.116602 0.657639 0.022266 0.076389
1 4 0.157422 0.675347 0.021875 0.075694
1 5 0.179688 0.675347 0.020313 0.072917
1 6 0.192188 0.674653 0.021875 0.081250
1 8 0.212695 0.671528 0.025391 0.090278
1 9 0.236328 0.671528 0.025000 0.088889
1 10 0.266016 0.671181 0.022656 0.089583
1 11 0.289648 0.695139 0.016016 0.045833
1 12 0.355078 0.668403 0.030469 0.099306
1 13 0.425000 0.673611 0.032031 0.101389
1 14 0.130664 0.688542 0.016016 0.036806
1 15 0.459180 0.702778 0.050391 0.041667
1 16 0.507227 0.713889 0.061328 0.047222
1 17 0.610742 0.691667 0.033203 0.122222
1 18 0.661523 0.678125 0.037109 0.135417
1 19 0.704688 0.677431 0.033594 0.132639
1 20 0.729297 0.680903 0.035156 0.129861
