1 1 0.052930 0.651389 0.016797 0.066667
1 3 0.145508 0.647222 0.018359 0.066667
1 4 0.180273 0.663194 0.019922 0.069444
1 5 0.202734 0.661806 0.017969 0.065278
1 6 0.215234 0.663889 0.020313 0.070833
1 8 0.233594 0.659722 0.020313 0.081944
1 9 0.252930 0.660764 0.021484 0.079861
1 10 0.278320 0.660417 0.021484 0.080556
1 11 0.304492 0.680556 0.014453 0.043056
1 12 0.360547 0.659722 0.027344 0.083333
1 13 0.423828 0.660764 0.021094 0.085417
1 14 0.161328 0.673958 0.014063 0.035417
1 15 0.449609 0.687500 0.046875 0.036111
1 16 0.500195 0.689583 0.046484 0.072222
1 17 0.575195 0.680208 0.037891 0.103472
1 18 0.619922 0.667014 0.033594 0.114583
1 19 0.658008 0.667361 0.027734 0.111111
1 20 0.681445 0.670833 0.034766 0.118056
