1 1 0.088281 0.625694 0.018750 0.055556
1 3 0.163672 0.623611 0.018750 0.056944
1 4 0.209375 0.637500 0.017188 0.061111
1 5 0.227734 0.635069 0.015625 0.067361
1 6 0.237500 0.631250 0.018750 0.072222
1 8 0.264844 0.634722 0.018750 0.069444
1 9 0.280273 0.636111 0.019141 0.070833
1 10 0.301563 0.636111 0.019531 0.072222
1 11 0.341602 0.652083 0.014453 0.038889
1 12 0.371875 0.634722 0.019531 0.075000
1 13 0.428320 0.638194 0.028516 0.076389
1 15 0.460742 0.663542 0.042578 0.038194
1 16 0.514258 0.650694 0.033984 0.080556
1 17 0.535937 0.647917 0.025781 0.097222
1 18 0.591992 0.641319 0.026953 0.103472
1 19 0.615430 0.643750 0.026953 0.098611
1 20 0.627930 0.647569 0.035547 0.096528
1 21 0.915625 0.624653 0.032813 0.111806
