1 2 0.057227 0.618056 0.024609 0.088889
1 3 0.257227 0.618403 0.028516 0.096528
1 5 0.215820 0.629514 0.029297 0.095139
1 8 0.264453 0.633681 0.030469 0.104861
1 9 0.294336 0.633681 0.026172 0.102083
1 10 0.316602 0.634028 0.028516 0.100000
1 11 0.317578 0.657986 0.021875 0.056250
1 12 0.381836 0.636806 0.036328 0.119444
1 13 0.470117 0.641667 0.036328 0.116667
1 14 0.165625 0.651736 0.017188 0.046528
1 15 0.520898 0.644444 0.038672 0.120833
1 16 0.584180 0.644792 0.041797 0.128472
1 17 0.652539 0.692361 0.066797 0.065278
1 18 0.785156 0.669792 0.043750 0.153472
1 19 0.878320 0.670833 0.047266 0.147222
1 20 0.962305 0.671528 0.046484 0.161111
