1 3 0.078711 0.650347 0.025391 0.092361
1 4 0.099023 0.671181 0.028516 0.086806
1 5 0.126562 0.662847 0.020313 0.100694
1 6 0.137695 0.663194 0.026953 0.105556
1 8 0.152930 0.666319 0.029297 0.110417
1 9 0.183984 0.667014 0.028906 0.103472
1 10 0.212500 0.662500 0.027344 0.111111
1 11 0.247461 0.689236 0.017578 0.057639
1 12 0.304492 0.660069 0.037109 0.122917
1 13 0.393945 0.666667 0.037891 0.116667
1 14 0.055859 0.688194 0.017969 0.047222
1 15 0.429883 0.698264 0.063672 0.052083
1 16 0.495898 0.697917 0.068359 0.062500
1 17 0.642578 0.682292 0.036719 0.152083
1 18 0.722656 0.672569 0.042969 0.157639
1 19 0.790234 0.668056 0.050000 0.162500
1 20 0.828125 0.670139 0.041406 0.169444
