1 3 0.099805 0.629861 0.026953 0.093056
1 4 0.105664 0.652431 0.026953 0.089583
1 5 0.126172 0.640625 0.022656 0.102083
1 8 0.150000 0.645486 0.028906 0.109028
1 9 0.182812 0.645139 0.025781 0.105556
1 10 0.208398 0.639583 0.027734 0.106944
1 11 0.241602 0.668056 0.021484 0.059722
1 12 0.291992 0.639583 0.041016 0.126389
1 13 0.385352 0.648264 0.039453 0.115972
1 14 0.055078 0.667014 0.018750 0.047917
1 15 0.410156 0.679514 0.063281 0.052083
1 16 0.479883 0.675000 0.059766 0.065278
1 17 0.625781 0.667014 0.039062 0.149306
1 18 0.719336 0.654861 0.062109 0.166667
1 19 0.797266 0.651389 0.053125 0.162500
1 20 0.837891 0.653125 0.041406 0.165972
