1 2 0.065625 0.612847 0.025000 0.086806
1 3 0.267969 0.609375 0.023438 0.093750
1 4 0.226367 0.625347 0.024609 0.099306
1 5 0.220508 0.626389 0.026953 0.100000
1 8 0.269531 0.629167 0.031250 0.104167
1 9 0.299023 0.629514 0.025391 0.100694
1 10 0.326562 0.630208 0.025000 0.100694
1 11 0.321680 0.654514 0.020703 0.057639
1 12 0.387305 0.631944 0.033203 0.119444
1 13 0.471875 0.640278 0.035156 0.116667
1 14 0.172461 0.646528 0.018359 0.050000
1 15 0.526953 0.639236 0.035937 0.122917
1 16 0.588281 0.641319 0.039062 0.131250
1 17 0.650391 0.685764 0.071094 0.065972
1 18 0.785742 0.667361 0.038672 0.151389
1 19 0.879102 0.668750 0.047266 0.147222
1 20 0.968945 0.668403 0.046484 0.161806
