1 1 0.093359 0.615972 0.017969 0.055556
1 3 0.167578 0.614931 0.017969 0.054861
1 4 0.215625 0.627431 0.017969 0.061806
1 5 0.234570 0.623264 0.014453 0.064583
1 6 0.242969 0.622222 0.017969 0.072222
1 7 0.251758 0.623611 0.016016 0.062500
1 8 0.272656 0.625694 0.021094 0.069444
1 9 0.288867 0.626736 0.019141 0.068750
1 10 0.308398 0.628125 0.019922 0.071528
1 11 0.350977 0.644097 0.016016 0.039583
1 12 0.375195 0.625694 0.019141 0.072222
1 13 0.432617 0.630556 0.028516 0.076389
1 15 0.479102 0.656597 0.042578 0.042361
1 16 0.516211 0.643056 0.030859 0.076389
1 17 0.532422 0.637153 0.025000 0.096528
1 18 0.592187 0.631250 0.029687 0.100000
1 19 0.614062 0.635069 0.025781 0.095139
1 20 0.628906 0.637153 0.032031 0.096528
1 21 0.911328 0.619444 0.028906 0.106944
