1 3 0.071484 0.653472 0.025781 0.091667
1 4 0.096094 0.675347 0.031250 0.092361
1 5 0.129492 0.673958 0.024609 0.092361
1 6 0.142578 0.668056 0.022656 0.108333
1 8 0.159961 0.672222 0.031641 0.111111
1 9 0.191797 0.671181 0.029687 0.111806
1 10 0.223047 0.667361 0.028125 0.113889
1 11 0.252148 0.695486 0.019922 0.064583
1 12 0.319922 0.670486 0.038281 0.120139
1 13 0.409961 0.673958 0.036328 0.122917
1 14 0.060937 0.692708 0.016406 0.045139
1 15 0.450586 0.710069 0.063672 0.052083
1 16 0.508398 0.708681 0.073828 0.064583
1 17 0.659961 0.693056 0.036328 0.155556
1 18 0.729297 0.685069 0.039844 0.161806
1 19 0.786719 0.679861 0.050000 0.162500
1 20 0.825586 0.680903 0.042578 0.172917
