1 3 0.094727 0.661806 0.025391 0.083333
1 4 0.134375 0.679167 0.024219 0.081944
1 5 0.153711 0.678819 0.022266 0.081250
1 6 0.171484 0.678472 0.025781 0.086111
1 8 0.193555 0.675347 0.026953 0.097917
1 9 0.219141 0.675347 0.024219 0.097917
1 10 0.251172 0.675347 0.025000 0.100694
1 11 0.274219 0.700000 0.018750 0.052778
1 12 0.346094 0.671875 0.033594 0.107639
1 13 0.424414 0.678819 0.030078 0.109028
1 14 0.101367 0.693056 0.016016 0.041667
1 15 0.462109 0.709375 0.055469 0.049306
1 16 0.514258 0.715972 0.069141 0.054167
1 17 0.633008 0.697569 0.030078 0.142361
1 18 0.690820 0.684722 0.039453 0.150000
1 19 0.736328 0.681944 0.037500 0.145833
1 20 0.763281 0.687153 0.039844 0.147917
