1 3 0.060547 0.657639 0.025000 0.101389
1 4 0.095898 0.681250 0.027734 0.091667
1 5 0.123633 0.679514 0.023828 0.090972
1 6 0.139453 0.678125 0.024219 0.103472
1 8 0.159570 0.677778 0.030859 0.113889
1 9 0.188867 0.676042 0.028516 0.113194
1 10 0.222656 0.673958 0.033594 0.114583
1 11 0.251953 0.702431 0.019531 0.061806
1 12 0.327344 0.671875 0.042969 0.124306
1 13 0.418750 0.678819 0.035156 0.121528
1 14 0.059375 0.697569 0.019531 0.046528
1 15 0.461133 0.716319 0.063672 0.049306
1 16 0.521289 0.715278 0.072266 0.069444
1 17 0.663086 0.698611 0.042578 0.158333
1 18 0.732227 0.685764 0.038672 0.167361
1 19 0.783203 0.685764 0.040625 0.161806
1 20 0.818945 0.685764 0.044141 0.172917
