1 2 0.074219 0.610417 0.025000 0.088889
1 3 0.276367 0.608681 0.025391 0.092361
1 4 0.232031 0.625347 0.025000 0.096528
1 5 0.225391 0.623611 0.025781 0.095833
1 6 0.266602 0.624653 0.028516 0.099306
1 8 0.276172 0.627431 0.030469 0.106250
1 9 0.309180 0.628819 0.027734 0.100694
1 10 0.333789 0.628125 0.026172 0.102083
1 11 0.329883 0.653125 0.019141 0.057639
1 12 0.395313 0.631250 0.029687 0.120833
1 13 0.478906 0.638889 0.036719 0.118056
1 14 0.180664 0.645139 0.016797 0.047222
1 15 0.534375 0.638194 0.031250 0.120833
1 16 0.593164 0.639931 0.039453 0.131250
1 17 0.653516 0.682292 0.067969 0.068750
1 18 0.790039 0.667708 0.035547 0.150694
1 19 0.881250 0.669444 0.046875 0.147222
1 20 0.974609 0.670139 0.043750 0.162500
