1 3 0.095898 0.625694 0.026172 0.090278
1 4 0.100977 0.650347 0.027734 0.089583
1 5 0.125977 0.639583 0.023828 0.102778
1 8 0.149609 0.644444 0.026562 0.108333
1 9 0.179883 0.643403 0.029297 0.103472
1 10 0.207031 0.639236 0.028906 0.107639
1 11 0.242383 0.666319 0.020703 0.060417
1 12 0.292187 0.639583 0.040625 0.125000
1 13 0.388281 0.643403 0.035937 0.115972
1 14 0.054102 0.665278 0.019141 0.048611
1 15 0.410352 0.678125 0.066016 0.052083
1 16 0.483203 0.674306 0.066406 0.065278
1 17 0.626758 0.663542 0.037109 0.150694
1 18 0.716211 0.653125 0.057422 0.165972
1 19 0.793945 0.649306 0.052734 0.162500
1 20 0.834766 0.653125 0.041406 0.165972
