1 1 0.061133 0.645139 0.018359 0.059722
1 3 0.141992 0.641667 0.017578 0.061111
1 4 0.184766 0.654861 0.017969 0.061111
1 5 0.203906 0.653125 0.015625 0.064583
1 6 0.212109 0.651736 0.018750 0.072917
1 8 0.237305 0.653125 0.023828 0.072917
1 9 0.254688 0.653125 0.021094 0.074306
1 10 0.280273 0.653125 0.020703 0.075694
1 11 0.309570 0.671875 0.016016 0.040972
1 12 0.357617 0.652083 0.019922 0.080556
1 13 0.416016 0.654861 0.024219 0.081944
1 14 0.171484 0.667361 0.014063 0.033333
1 15 0.439648 0.680208 0.045703 0.038194
1 16 0.500000 0.677778 0.035937 0.076389
1 17 0.546875 0.669097 0.038281 0.097917
1 18 0.595703 0.659028 0.028906 0.109722
1 19 0.625781 0.659375 0.025781 0.106250
1 20 0.644141 0.661806 0.039062 0.113889
1 21 0.953711 0.642708 0.038672 0.113194
