1 1 0.091797 0.618750 0.017969 0.055556
1 3 0.165234 0.615278 0.016406 0.054167
1 4 0.216602 0.628472 0.018359 0.059722
1 5 0.236328 0.624653 0.014063 0.065972
1 6 0.245117 0.620833 0.017578 0.070833
1 7 0.253320 0.625000 0.014453 0.063889
1 8 0.277148 0.625694 0.017578 0.068056
1 9 0.292187 0.625694 0.020313 0.068056
1 10 0.310352 0.627083 0.020703 0.069444
1 11 0.357227 0.643750 0.016797 0.038889
1 12 0.377539 0.627778 0.019922 0.072222
1 13 0.435742 0.628819 0.029297 0.078472
1 15 0.496289 0.650347 0.042578 0.057639
1 16 0.519141 0.646181 0.028906 0.072917
1 17 0.533008 0.637500 0.023828 0.095833
1 18 0.592187 0.633681 0.029687 0.099306
1 19 0.615234 0.634375 0.025781 0.093750
1 20 0.629883 0.635069 0.026953 0.097917
1 21 0.911523 0.618750 0.027734 0.102778
