1 3 0.065430 0.654861 0.023828 0.094444
1 4 0.096289 0.679514 0.030859 0.093750
1 5 0.127539 0.676736 0.025391 0.089583
1 6 0.142578 0.672222 0.025781 0.106944
1 8 0.162305 0.675000 0.029297 0.113889
1 9 0.190820 0.675694 0.028516 0.111111
1 10 0.223828 0.671875 0.032813 0.111806
1 11 0.252930 0.700000 0.021484 0.065278
1 12 0.328320 0.674306 0.041797 0.123611
1 13 0.416016 0.675347 0.039844 0.121528
1 14 0.061133 0.695833 0.020703 0.047222
1 15 0.460742 0.713542 0.063672 0.049306
1 16 0.517578 0.710417 0.071094 0.069444
1 17 0.664844 0.696181 0.039062 0.153472
1 18 0.732422 0.684722 0.040625 0.161111
1 19 0.786328 0.679514 0.042188 0.167361
1 20 0.822070 0.683681 0.044141 0.172917
