1 1 0.076758 0.636111 0.019141 0.059722
1 3 0.152539 0.634375 0.016797 0.057639
1 4 0.198047 0.648958 0.018750 0.060417
1 5 0.216602 0.644444 0.016797 0.066667
1 6 0.227344 0.643750 0.019531 0.070833
1 8 0.255078 0.645139 0.018750 0.072222
1 9 0.266992 0.646875 0.019922 0.075694
1 10 0.292187 0.647222 0.021875 0.076389
1 11 0.328125 0.664583 0.014844 0.041667
1 12 0.365039 0.644444 0.019141 0.079167
1 13 0.421680 0.649306 0.028516 0.076389
1 15 0.449805 0.673264 0.042578 0.038194
1 16 0.510742 0.663542 0.037891 0.081250
1 17 0.539453 0.662847 0.029687 0.096528
1 18 0.593555 0.652083 0.024609 0.108333
1 19 0.617969 0.653125 0.026562 0.103472
1 20 0.631445 0.658333 0.040234 0.101389
1 21 0.925977 0.636111 0.038672 0.112500
