1 4 0.159375 0.658333 0.025781 0.091667
1 5 0.173047 0.654167 0.025000 0.098611
1 8 0.201953 0.657292 0.029687 0.110417
1 9 0.231055 0.657986 0.026953 0.102083
1 10 0.254688 0.656597 0.025781 0.100694
1 11 0.270508 0.681250 0.023047 0.056944
1 12 0.328125 0.652431 0.042969 0.131250
1 13 0.420703 0.663542 0.037500 0.122917
1 14 0.100195 0.676389 0.019922 0.047222
1 15 0.461523 0.676389 0.041797 0.094444
1 16 0.510156 0.692361 0.060156 0.066667
1 17 0.648828 0.692361 0.037500 0.125000
1 18 0.762500 0.682639 0.041406 0.159722
1 19 0.846680 0.685069 0.046484 0.150694
1 20 0.894531 0.684375 0.045312 0.160417
