1 1 0.070312 0.640625 0.017969 0.060417
1 3 0.147266 0.637500 0.015625 0.059722
1 4 0.191602 0.653125 0.017578 0.060417
1 5 0.210742 0.649306 0.016016 0.065278
1 6 0.220703 0.645486 0.018750 0.070139
1 8 0.248633 0.648611 0.019141 0.070833
1 9 0.261719 0.650694 0.019531 0.073611
1 10 0.286719 0.649306 0.021094 0.075000
1 11 0.321289 0.669097 0.014453 0.040972
1 12 0.361133 0.647917 0.019922 0.080556
1 13 0.420703 0.653472 0.021875 0.079167
1 15 0.444336 0.676736 0.042578 0.038194
1 16 0.505859 0.670486 0.037500 0.081250
1 17 0.541016 0.667361 0.030469 0.097222
1 18 0.594336 0.656250 0.023828 0.109722
1 19 0.618750 0.657292 0.025000 0.104861
1 20 0.635156 0.659722 0.039062 0.108333
1 21 0.933789 0.641667 0.038672 0.112500
