1 1 0.055664 0.648264 0.018359 0.059028
1 3 0.143945 0.643403 0.019141 0.064583
1 4 0.180664 0.661111 0.020703 0.063889
1 5 0.200195 0.657986 0.016016 0.064583
1 6 0.211133 0.657986 0.019141 0.068750
1 8 0.232813 0.655903 0.022656 0.077083
1 9 0.250977 0.656944 0.021484 0.079167
1 10 0.278125 0.656250 0.023438 0.076389
1 11 0.305273 0.677083 0.016016 0.044444
1 12 0.357617 0.656250 0.023047 0.081944
1 13 0.418359 0.659375 0.022656 0.082639
1 14 0.165234 0.670833 0.014063 0.033333
1 15 0.441797 0.683333 0.045312 0.034722
1 16 0.498437 0.678819 0.037500 0.072917
1 17 0.557031 0.675347 0.035156 0.099306
1 18 0.603711 0.663194 0.033203 0.112500
1 19 0.639453 0.663542 0.026562 0.110417
1 20 0.657031 0.664236 0.039844 0.115972
1 21 0.982422 0.646528 0.039062 0.116667
