1 2 0.015625 0.638542 0.024219 0.095139
1 3 0.200977 0.633681 0.024609 0.088194
1 5 0.188281 0.651042 0.029687 0.097917
1 6 0.218359 0.653125 0.024219 0.102083
1 8 0.224805 0.656944 0.028516 0.108333
1 9 0.258398 0.655208 0.027734 0.102083
1 10 0.284570 0.652778 0.025391 0.101389
1 11 0.287891 0.679861 0.020313 0.055556
1 12 0.352344 0.654514 0.037500 0.122917
1 13 0.437891 0.665278 0.043750 0.112500
1 14 0.126758 0.674653 0.019141 0.042361
1 15 0.484961 0.661806 0.039453 0.118056
1 16 0.541992 0.684722 0.069141 0.079167
1 17 0.659766 0.701389 0.057031 0.105556
1 18 0.774805 0.683333 0.042578 0.156944
1 19 0.864648 0.687153 0.048828 0.150694
1 20 0.922852 0.688889 0.046484 0.161111
