1 4 0.147266 0.659028 0.025781 0.093056
1 5 0.161719 0.653819 0.026562 0.102083
1 8 0.191797 0.658681 0.028125 0.111806
1 9 0.219922 0.660069 0.024219 0.103472
1 10 0.240820 0.656250 0.026953 0.102778
1 11 0.260352 0.682639 0.022266 0.056944
1 12 0.316406 0.652431 0.045312 0.131250
1 13 0.412500 0.662500 0.039062 0.120833
1 14 0.087695 0.677431 0.017578 0.049306
1 15 0.449023 0.682292 0.042578 0.081250
1 16 0.498242 0.695139 0.068359 0.061111
1 17 0.642383 0.688542 0.036328 0.134028
1 18 0.755078 0.680556 0.042188 0.162500
1 19 0.836719 0.681944 0.049219 0.147222
1 20 0.881836 0.682292 0.042578 0.160417
