2 2 0.143359 0.596528 0.072656 0.062500
2 4 0.100586 0.652778 0.066797 0.097222
2 5 0.792188 0.325694 0.047656 0.058333
2 9 0.433398 0.351389 0.029297 0.062500
2 10 0.371094 0.433333 0.068750 0.075000
2 12 0.477734 0.579167 0.070312 0.069444
2 13 0.858594 0.363889 0.048438 0.066667
2 14 0.780469 0.389931 0.029687 0.053472
2 15 0.711133 0.479514 0.040234 0.063194
2 16 0.436133 0.445139 0.055078 0.076389
2 17 0.416602 0.534028 0.033984 0.105556
2 18 0.370117 0.501042 0.069141 0.089583
2 19 0.474023 0.707986 0.033984 0.145139
2 20 0.655664 0.710417 0.032422 0.127778
2 21 0.601953 0.840278 0.057813 0.166667
2 22 0.538867 0.865972 0.087891 0.125000
2 23 0.954883 0.805556 0.044922 0.150000
2 24 0.862891 0.782639 0.103125 0.141667
2 25 0.139648 0.860417 0.070703 0.179167
2 26 0.044531 0.739931 0.085156 0.093750
2 27 0.219336 0.830903 0.090234 0.099306
