2 2 0.160547 0.471875 0.064844 0.053472
2 3 0.575195 0.798611 0.058984 0.152778
2 4 0.145117 0.502778 0.033984 0.090278
2 5 0.686914 0.248611 0.044922 0.050000
2 8 0.201758 0.937153 0.058203 0.124306
2 9 0.380664 0.300000 0.021484 0.054167
2 10 0.357812 0.338542 0.056250 0.060417
2 11 0.420703 0.669097 0.057813 0.103472
2 12 0.439844 0.444097 0.058594 0.049306
2 13 0.804688 0.310764 0.035937 0.056250
2 14 0.685547 0.296875 0.028906 0.049306
2 15 0.624414 0.362153 0.033203 0.049306
2 16 0.460547 0.329861 0.053906 0.055556
2 17 0.388477 0.414583 0.034766 0.077778
2 18 0.346289 0.392708 0.058203 0.072917
2 19 0.489063 0.443750 0.059375 0.066667
2 20 0.574219 0.471528 0.036719 0.083333
2 21 0.512305 0.537847 0.031641 0.086806
2 22 0.507031 0.606597 0.071094 0.092361
2 23 0.804688 0.549653 0.028125 0.106250
2 24 0.771094 0.581597 0.038281 0.117361
2 25 0.203906 0.628819 0.036719 0.122917
2 26 0.148047 0.565625 0.087500 0.067361
2 27 0.253711 0.610417 0.074609 0.076389
2 28 0.171680 0.741667 0.087891 0.105556
2 29 0.202734 0.759028 0.067969 0.145833
