2 2 0.147852 0.563194 0.072266 0.062500
2 4 0.114453 0.612847 0.050781 0.095139
2 5 0.766797 0.306597 0.048438 0.054861
2 9 0.422070 0.337500 0.029297 0.063889
2 10 0.372461 0.409722 0.059766 0.072222
2 11 0.444531 0.940625 0.041406 0.117361
2 12 0.468945 0.543403 0.068359 0.065972
2 13 0.842969 0.351389 0.050000 0.063889
2 14 0.754297 0.365625 0.030469 0.052083
2 15 0.689453 0.450694 0.039062 0.059722
2 16 0.433789 0.422222 0.055859 0.072222
2 17 0.409570 0.502778 0.032422 0.100000
2 18 0.362695 0.470833 0.065234 0.086111
2 19 0.470703 0.637153 0.037500 0.122917
2 20 0.638086 0.648958 0.028516 0.114583
2 21 0.581836 0.742361 0.058984 0.129167
2 22 0.529883 0.802778 0.081641 0.120833
2 23 0.913086 0.736458 0.036328 0.139583
2 24 0.847461 0.731944 0.086328 0.113889
2 25 0.157227 0.801042 0.057422 0.165972
2 26 0.073242 0.698611 0.089453 0.093056
2 27 0.224023 0.773264 0.091016 0.089583
2 28 0.103906 0.951389 0.123438 0.095833
2 29 0.151758 0.949306 0.108984 0.101389
