2 2 0.072656 0.746181 0.091406 0.086806
2 4 0.025781 0.830208 0.051562 0.115972
2 5 0.864258 0.420486 0.059766 0.077083
2 9 0.445703 0.429167 0.037500 0.073611
2 10 0.358398 0.535069 0.070703 0.092361
2 12 0.474805 0.750000 0.081641 0.095833
2 13 0.902734 0.429167 0.051562 0.080556
2 14 0.851953 0.495139 0.037500 0.073611
2 15 0.767578 0.618403 0.048438 0.082639
2 16 0.429102 0.565972 0.073047 0.087500
2 17 0.405664 0.687500 0.038672 0.138889
2 18 0.353516 0.631250 0.078125 0.109722
2 19 0.449219 0.956944 0.046875 0.084722
2 24 0.888281 0.962500 0.090625 0.073611
