2 1 0.660937 0.219097 0.023438 0.043750
2 2 0.188672 0.437500 0.064844 0.043056
2 3 0.578516 0.707292 0.053906 0.132639
2 4 0.181250 0.462500 0.032813 0.090278
2 5 0.683203 0.231597 0.042969 0.049306
2 9 0.397070 0.288889 0.028516 0.054167
2 10 0.371875 0.314236 0.051562 0.059028
2 11 0.436523 0.588542 0.053516 0.081250
2 12 0.452930 0.407292 0.058984 0.047917
2 13 0.799023 0.290278 0.026953 0.044444
2 14 0.682031 0.275000 0.027344 0.047222
2 15 0.624414 0.334375 0.029297 0.046528
2 16 0.497266 0.300347 0.050781 0.047917
2 17 0.403906 0.381250 0.031250 0.070833
2 18 0.355469 0.365278 0.060156 0.069444
2 19 0.495508 0.405556 0.060547 0.058333
2 20 0.575586 0.428819 0.037891 0.074306
2 21 0.518359 0.488194 0.032031 0.075000
2 22 0.518359 0.550000 0.065625 0.083333
2 23 0.788477 0.501042 0.024609 0.093750
2 24 0.760352 0.538194 0.036328 0.104167
2 25 0.239844 0.563889 0.032031 0.106944
2 26 0.220508 0.514583 0.069922 0.062500
2 27 0.288086 0.546181 0.076172 0.063194
2 28 0.212500 0.663542 0.075781 0.097917
2 29 0.243750 0.674653 0.057031 0.125694
