2 2 0.145313 0.528472 0.068750 0.056944
2 3 0.587695 0.939931 0.062109 0.118750
2 4 0.123242 0.569792 0.034766 0.095139
2 5 0.727344 0.283333 0.047656 0.054167
2 8 0.195703 0.967014 0.057031 0.064583
2 9 0.395898 0.323611 0.022266 0.065278
2 10 0.367578 0.382986 0.057031 0.068750
2 11 0.442578 0.847222 0.048438 0.154167
2 12 0.453125 0.505208 0.064062 0.054861
2 13 0.825195 0.336458 0.048047 0.065972
2 14 0.722852 0.335764 0.028516 0.052083
2 15 0.658008 0.413542 0.036328 0.057639
2 16 0.429688 0.385417 0.053125 0.062500
2 17 0.395703 0.467014 0.032813 0.095139
2 18 0.348242 0.440972 0.066797 0.081944
2 19 0.469727 0.553472 0.037109 0.101389
2 20 0.613086 0.574306 0.038672 0.104167
2 21 0.542383 0.640625 0.045703 0.113194
2 22 0.511328 0.722222 0.078125 0.109722
2 23 0.861523 0.655208 0.036328 0.121528
2 24 0.809570 0.662847 0.073828 0.132639
2 25 0.168750 0.735764 0.046875 0.152083
2 26 0.083594 0.652083 0.082812 0.087500
2 27 0.228516 0.709722 0.082031 0.081944
2 28 0.123438 0.883333 0.105469 0.127778
2 29 0.157812 0.903472 0.088281 0.180556
