2 2 0.144531 0.522917 0.068750 0.056944
2 3 0.585742 0.930208 0.064453 0.138194
2 4 0.124219 0.562847 0.032813 0.095139
2 5 0.720508 0.278819 0.048047 0.053472
2 8 0.191211 0.965625 0.058203 0.067361
2 9 0.392383 0.321528 0.024609 0.065278
2 10 0.364258 0.378472 0.055859 0.068056
2 11 0.438281 0.831250 0.046875 0.162500
2 12 0.450000 0.498958 0.063281 0.054861
2 13 0.822461 0.332292 0.045703 0.061806
2 14 0.716211 0.330556 0.029297 0.051389
2 15 0.652930 0.408333 0.035547 0.056944
2 16 0.431055 0.380903 0.054297 0.064583
2 17 0.392578 0.462847 0.033594 0.092361
2 18 0.346289 0.437153 0.065234 0.081250
2 19 0.468555 0.541319 0.043359 0.103472
2 20 0.606445 0.560764 0.033984 0.097917
2 21 0.538086 0.623611 0.044141 0.104167
2 22 0.508008 0.708681 0.079297 0.109028
2 23 0.854297 0.644444 0.035937 0.119444
2 24 0.802930 0.650694 0.069141 0.126389
2 25 0.170117 0.724306 0.044922 0.148611
2 26 0.084570 0.643056 0.084766 0.080556
2 27 0.229297 0.700347 0.082031 0.082639
2 28 0.126953 0.869097 0.104688 0.124306
2 29 0.161133 0.890972 0.086328 0.177778
