2 1 0.661328 0.205208 0.026562 0.042361
2 2 0.220703 0.387500 0.060156 0.043056
2 3 0.573047 0.615625 0.047656 0.113194
2 4 0.211719 0.404861 0.025000 0.080556
2 5 0.684961 0.212500 0.040234 0.044444
2 6 0.025000 0.806597 0.050000 0.082639
2 7 0.075781 0.489583 0.074219 0.088889
2 8 0.237891 0.895833 0.053906 0.170833
2 9 0.420117 0.273264 0.026953 0.056250
2 10 0.388281 0.283681 0.048438 0.054861
2 11 0.445703 0.515972 0.048438 0.070833
2 12 0.462500 0.365278 0.053125 0.045833
2 13 0.790625 0.265625 0.028906 0.042361
2 14 0.678516 0.251042 0.028125 0.045139
2 15 0.616406 0.301736 0.022656 0.040972
2 16 0.538086 0.270139 0.044141 0.048611
2 17 0.416602 0.343056 0.027734 0.065278
2 18 0.374414 0.326389 0.053516 0.063889
2 19 0.502930 0.364236 0.055859 0.057639
2 20 0.574609 0.385417 0.039062 0.066667
2 21 0.511523 0.435764 0.048828 0.072917
2 22 0.522461 0.481250 0.059766 0.065278
2 23 0.768555 0.448611 0.028516 0.083333
2 24 0.743945 0.485764 0.029297 0.092361
2 25 0.269531 0.488889 0.028906 0.094444
2 26 0.301758 0.443403 0.053516 0.079861
2 27 0.319531 0.482639 0.064062 0.062500
2 28 0.239258 0.576389 0.073828 0.098611
2 29 0.272852 0.582639 0.050391 0.108333
