2 2 0.178320 0.449306 0.063672 0.043056
2 3 0.578711 0.737847 0.057422 0.138194
2 4 0.169336 0.478472 0.034766 0.091667
2 5 0.685937 0.237847 0.042969 0.049306
2 8 0.230078 0.916319 0.035937 0.129861
2 9 0.389258 0.295486 0.030078 0.057639
2 10 0.367188 0.322569 0.053906 0.059028
2 11 0.432227 0.611458 0.055078 0.084028
2 12 0.448437 0.418750 0.057813 0.047222
2 13 0.802930 0.297222 0.026172 0.044444
2 14 0.684375 0.283681 0.027344 0.049306
2 15 0.625195 0.345486 0.030078 0.046528
2 16 0.485938 0.311458 0.050781 0.052083
2 17 0.399414 0.390278 0.031641 0.077778
2 18 0.353125 0.374306 0.061719 0.068056
2 19 0.493555 0.416667 0.062109 0.061111
2 20 0.576367 0.443403 0.036328 0.075694
2 21 0.516602 0.506250 0.030859 0.079167
2 22 0.514844 0.569792 0.068750 0.086806
2 23 0.794141 0.516667 0.025000 0.098611
2 24 0.765039 0.555903 0.037891 0.107639
2 25 0.227930 0.584375 0.033984 0.110417
2 26 0.194336 0.535069 0.070703 0.068750
2 27 0.278516 0.567361 0.072656 0.068056
2 28 0.199609 0.692361 0.079687 0.101389
2 29 0.230859 0.701736 0.060937 0.132639
