2 2 0.144141 0.518056 0.068750 0.056944
2 3 0.583203 0.920139 0.064062 0.155556
2 4 0.125000 0.554167 0.031250 0.094444
2 5 0.715625 0.276042 0.047656 0.053472
2 8 0.185547 0.963194 0.058594 0.073611
2 9 0.389258 0.318750 0.026172 0.065278
2 10 0.363086 0.373264 0.055859 0.065972
2 11 0.434961 0.807986 0.050391 0.156250
2 12 0.446289 0.492014 0.062109 0.053472
2 13 0.818359 0.329514 0.041406 0.059028
2 14 0.711523 0.325000 0.030078 0.050000
2 15 0.648242 0.403472 0.034766 0.055556
2 16 0.432031 0.377778 0.054688 0.065278
2 17 0.389844 0.457986 0.034375 0.085417
2 18 0.343945 0.432292 0.062109 0.081250
2 19 0.468945 0.529514 0.044922 0.099306
2 20 0.599414 0.547222 0.028516 0.095833
2 21 0.533398 0.610417 0.042578 0.101389
2 22 0.508789 0.698264 0.075391 0.103472
2 23 0.846680 0.633333 0.033984 0.118056
2 24 0.799219 0.640972 0.066406 0.125000
2 25 0.172070 0.713194 0.043359 0.145833
2 26 0.085742 0.633681 0.084766 0.077083
2 27 0.230469 0.691319 0.082031 0.081250
2 28 0.129883 0.857639 0.101953 0.123611
2 29 0.165039 0.873958 0.083984 0.171528
