2 2 0.175000 0.453125 0.064844 0.045139
2 3 0.578516 0.750000 0.057031 0.141667
2 4 0.163867 0.477778 0.030859 0.087500
2 5 0.686523 0.240278 0.043359 0.050000
2 8 0.222266 0.929861 0.044531 0.140278
2 9 0.388086 0.296181 0.028516 0.056250
2 10 0.365625 0.325347 0.054688 0.059028
2 11 0.430664 0.622222 0.055078 0.086111
2 12 0.446875 0.422222 0.057813 0.047222
2 13 0.804102 0.300347 0.026953 0.046528
2 14 0.684961 0.285417 0.027734 0.050000
2 15 0.625391 0.349306 0.030469 0.047222
2 16 0.482227 0.312847 0.055078 0.050694
2 17 0.396875 0.393750 0.033594 0.076389
2 18 0.353125 0.375000 0.061719 0.065278
2 19 0.492578 0.422222 0.062500 0.062500
2 20 0.576367 0.448958 0.036328 0.075694
2 21 0.516016 0.512500 0.031250 0.080556
2 22 0.514844 0.575347 0.065625 0.086806
2 23 0.796094 0.523264 0.025000 0.100694
2 24 0.766211 0.561111 0.037891 0.109722
2 25 0.223242 0.592361 0.035547 0.111111
2 26 0.181445 0.540278 0.077734 0.065278
2 27 0.272852 0.575347 0.071484 0.070139
2 28 0.193945 0.702431 0.082422 0.103472
2 29 0.226562 0.711806 0.062500 0.136111
