2 1 0.661328 0.205903 0.026562 0.042361
2 2 0.219141 0.390972 0.060156 0.043056
2 3 0.574609 0.620139 0.047656 0.113889
2 4 0.212305 0.405903 0.025391 0.081250
2 5 0.684180 0.211806 0.040234 0.044444
2 6 0.024805 0.812153 0.049609 0.085417
2 7 0.069531 0.493056 0.071875 0.088889
2 8 0.243750 0.898264 0.055469 0.178472
2 9 0.419141 0.273611 0.026562 0.056944
2 10 0.388281 0.284375 0.049219 0.053472
2 11 0.446289 0.520139 0.049609 0.072222
2 12 0.462305 0.367361 0.053516 0.044444
2 13 0.790625 0.267014 0.028906 0.042361
2 14 0.678320 0.250694 0.027734 0.044444
2 15 0.618359 0.303819 0.022656 0.042361
2 16 0.537305 0.271875 0.044922 0.049306
2 17 0.417383 0.344444 0.026172 0.068056
2 18 0.374023 0.327083 0.053516 0.063889
2 19 0.502930 0.365972 0.055859 0.056944
2 20 0.575391 0.387500 0.037500 0.066667
2 21 0.512891 0.439236 0.047656 0.072917
2 22 0.522461 0.483681 0.059766 0.065972
2 23 0.772266 0.451389 0.024219 0.083333
2 24 0.744727 0.485764 0.030859 0.092361
2 25 0.269531 0.491667 0.028906 0.095833
2 26 0.299219 0.447917 0.057031 0.079167
2 27 0.319727 0.485417 0.065234 0.063889
2 28 0.240820 0.579514 0.074609 0.099306
2 29 0.272852 0.588889 0.050391 0.109722
