2 2 0.136328 0.624653 0.075000 0.068750
2 4 0.085352 0.688889 0.077734 0.093056
2 5 0.813477 0.348611 0.050391 0.062500
2 9 0.442383 0.364931 0.030859 0.065972
2 10 0.368164 0.450000 0.072266 0.076389
2 12 0.484570 0.611458 0.072266 0.074306
2 13 0.870898 0.377083 0.048828 0.068056
2 14 0.799805 0.412153 0.030859 0.056250
2 15 0.729297 0.508333 0.042188 0.065278
2 16 0.439258 0.471181 0.063672 0.075694
2 17 0.421094 0.563542 0.033594 0.111806
2 18 0.373242 0.524306 0.069922 0.091667
2 19 0.475000 0.770486 0.044531 0.146528
2 20 0.667383 0.776736 0.036328 0.143750
2 21 0.618945 0.923264 0.055078 0.152083
2 22 0.543359 0.933681 0.093750 0.131250
2 23 0.984180 0.879514 0.030078 0.165972
2 24 0.880859 0.828125 0.113281 0.152083
2 25 0.121094 0.906944 0.082031 0.177778
2 26 0.033789 0.779167 0.067578 0.097222
2 27 0.203711 0.890625 0.098047 0.106250
