2 2 0.147461 0.503125 0.066797 0.056250
2 3 0.576562 0.877778 0.059375 0.159722
2 4 0.128711 0.538194 0.033203 0.098611
2 5 0.701172 0.265972 0.046094 0.052778
2 8 0.186328 0.953472 0.058594 0.091667
2 9 0.383398 0.313194 0.023828 0.066667
2 10 0.358984 0.362153 0.055469 0.064583
2 11 0.433008 0.760764 0.058203 0.139583
2 12 0.441406 0.473958 0.060937 0.052083
2 13 0.810156 0.322222 0.041406 0.056944
2 14 0.699609 0.313889 0.030469 0.052778
2 15 0.637305 0.388542 0.033984 0.053472
2 16 0.436523 0.360417 0.055078 0.059722
2 17 0.387109 0.442708 0.033594 0.085417
2 18 0.339062 0.419444 0.055469 0.083333
2 19 0.476758 0.494444 0.050391 0.081944
2 20 0.585352 0.515625 0.027734 0.086806
2 21 0.518164 0.585069 0.026953 0.093750
2 22 0.504687 0.663194 0.072656 0.095833
2 23 0.827148 0.601389 0.030859 0.112500
2 24 0.783984 0.620139 0.057813 0.125000
2 25 0.179297 0.682292 0.039844 0.138194
2 26 0.094922 0.611806 0.087500 0.075000
2 27 0.233789 0.662500 0.080078 0.079167
2 28 0.141602 0.820139 0.098047 0.119444
2 29 0.175000 0.834028 0.077344 0.162500
