2 2 0.150781 0.490972 0.065625 0.055556
2 3 0.574219 0.846875 0.057031 0.152083
2 4 0.131836 0.525000 0.033984 0.091667
2 5 0.695117 0.258681 0.044922 0.052083
2 8 0.188281 0.946875 0.057031 0.104861
2 9 0.379883 0.309375 0.020703 0.063194
2 10 0.356445 0.354514 0.055859 0.063194
2 11 0.432227 0.719444 0.060547 0.123611
2 12 0.439063 0.462847 0.060156 0.050694
2 13 0.808594 0.316667 0.039844 0.058333
2 14 0.692187 0.309028 0.030469 0.051389
2 15 0.631250 0.378125 0.033594 0.052083
2 16 0.440234 0.347917 0.052344 0.058333
2 17 0.385352 0.434722 0.035547 0.079167
2 18 0.341797 0.409375 0.057813 0.078472
2 19 0.481836 0.479861 0.055078 0.080556
2 20 0.580078 0.496528 0.030469 0.086111
2 21 0.513281 0.569097 0.028906 0.085417
2 22 0.504687 0.642014 0.068750 0.096528
2 23 0.817969 0.581944 0.032031 0.108333
2 24 0.777930 0.607292 0.046484 0.124306
2 25 0.187695 0.664583 0.038672 0.133333
2 26 0.108398 0.601042 0.087891 0.078472
2 27 0.240039 0.644444 0.077734 0.077778
2 28 0.150000 0.790278 0.096094 0.111111
2 29 0.183398 0.809028 0.075391 0.158333
