2 1 0.661328 0.205208 0.026562 0.042361
2 2 0.219922 0.384722 0.060156 0.043056
2 3 0.570703 0.612153 0.047656 0.111806
2 4 0.211133 0.402431 0.023828 0.078472
2 5 0.684961 0.212153 0.040234 0.043750
2 6 0.025977 0.799306 0.051953 0.087500
2 7 0.079297 0.483681 0.069531 0.089583
2 8 0.233008 0.899306 0.056641 0.170833
2 9 0.420117 0.271875 0.026953 0.056250
2 10 0.388477 0.282639 0.048047 0.055556
2 11 0.445703 0.513542 0.048438 0.070139
2 12 0.462500 0.363542 0.053125 0.046528
2 13 0.790820 0.264583 0.029297 0.041667
2 14 0.678125 0.250347 0.028125 0.045139
2 15 0.615039 0.299653 0.023047 0.040972
2 16 0.539258 0.268056 0.043359 0.048611
2 17 0.415625 0.340625 0.028906 0.063194
2 18 0.374414 0.325000 0.052734 0.062500
2 19 0.501758 0.362500 0.055859 0.058333
2 20 0.574414 0.383681 0.038672 0.067361
2 21 0.510938 0.432292 0.048438 0.072917
2 22 0.522852 0.478819 0.059766 0.064583
2 23 0.766797 0.446528 0.029687 0.083333
2 24 0.743164 0.486111 0.027734 0.093056
2 25 0.270117 0.485764 0.029297 0.092361
2 26 0.303320 0.440625 0.049609 0.081250
2 27 0.318945 0.481250 0.066016 0.063889
2 28 0.236914 0.572917 0.074609 0.097222
2 29 0.272070 0.579514 0.050391 0.106250
