2 1 0.657813 0.209375 0.023438 0.043750
2 2 0.204102 0.411111 0.060547 0.043056
2 3 0.576172 0.655903 0.049219 0.121528
2 4 0.194141 0.431250 0.027344 0.086111
2 5 0.679688 0.220833 0.042188 0.047222
2 7 0.028125 0.544444 0.056250 0.090278
2 8 0.248047 0.902431 0.056250 0.167361
2 9 0.405273 0.278125 0.028516 0.054861
2 10 0.379883 0.296181 0.048828 0.056250
2 11 0.443164 0.548611 0.050391 0.076389
2 12 0.457422 0.384375 0.056250 0.045139
2 13 0.789648 0.276042 0.027734 0.043750
2 14 0.677930 0.261458 0.028516 0.046528
2 15 0.621484 0.318403 0.026562 0.043750
2 16 0.516797 0.285417 0.049219 0.048611
2 17 0.409180 0.360069 0.030859 0.070139
2 18 0.362109 0.344792 0.053906 0.064583
2 19 0.498047 0.384028 0.060156 0.058333
2 20 0.573633 0.403472 0.037109 0.066667
2 21 0.518359 0.459028 0.032813 0.075000
2 22 0.517188 0.512847 0.064844 0.074306
2 23 0.777344 0.471181 0.023438 0.086806
2 24 0.749023 0.500000 0.035547 0.105556
2 25 0.256055 0.523611 0.030859 0.095833
2 26 0.260937 0.482986 0.070312 0.074306
2 27 0.305469 0.515972 0.071875 0.066667
2 28 0.231641 0.614583 0.071094 0.091667
2 29 0.259570 0.625347 0.054297 0.117361
