2 2 0.087109 0.722917 0.088281 0.083333
2 4 0.033984 0.797569 0.067969 0.109028
2 5 0.855469 0.406597 0.057813 0.074306
2 9 0.446484 0.415972 0.035937 0.072222
2 10 0.360938 0.517708 0.070312 0.088194
2 12 0.479297 0.719792 0.079687 0.092361
2 13 0.898438 0.420139 0.049219 0.080556
2 14 0.841992 0.476389 0.037891 0.065278
2 15 0.761914 0.597917 0.047266 0.080556
2 16 0.432812 0.548264 0.071875 0.085417
2 17 0.409570 0.661806 0.041797 0.130556
2 18 0.361133 0.607292 0.076953 0.106250
2 19 0.453711 0.936458 0.051953 0.125694
2 20 0.677539 0.950347 0.051953 0.099306
2 24 0.902734 0.943056 0.132812 0.112500
