2 1 0.661719 0.206597 0.026562 0.042361
2 2 0.217578 0.393750 0.060156 0.043056
2 3 0.575977 0.624306 0.049609 0.115278
2 4 0.209375 0.409722 0.025781 0.081944
2 5 0.684180 0.213889 0.041016 0.045833
2 6 0.023633 0.820833 0.047266 0.084722
2 7 0.060742 0.502083 0.068359 0.088889
2 8 0.247656 0.896181 0.055469 0.177083
2 9 0.418164 0.273958 0.026172 0.057639
2 10 0.387109 0.285417 0.049219 0.054167
2 11 0.446680 0.524306 0.049609 0.073611
2 12 0.462109 0.369792 0.053906 0.043750
2 13 0.790430 0.268403 0.028516 0.042361
2 14 0.678906 0.251389 0.028906 0.044444
2 15 0.621875 0.305556 0.023438 0.045833
2 16 0.534375 0.273264 0.045312 0.049306
2 17 0.416211 0.347222 0.027734 0.066667
2 18 0.372852 0.329861 0.053516 0.063889
2 19 0.502734 0.368403 0.055469 0.056250
2 20 0.575977 0.388889 0.037109 0.066667
2 21 0.514648 0.442361 0.046484 0.073611
2 22 0.522266 0.486806 0.060156 0.066667
2 23 0.773242 0.453472 0.023828 0.083333
2 24 0.745508 0.486806 0.032422 0.094444
2 25 0.268164 0.496528 0.030078 0.093056
2 26 0.297070 0.453819 0.057422 0.077083
2 27 0.317773 0.490278 0.066016 0.065278
2 28 0.242383 0.585417 0.073047 0.095833
2 29 0.272266 0.594792 0.050781 0.110417
