2 2 0.143750 0.512500 0.068750 0.056944
2 3 0.578906 0.907986 0.060937 0.163194
2 4 0.126172 0.546875 0.032031 0.095139
2 5 0.709961 0.272569 0.046484 0.053472
2 8 0.181250 0.957639 0.058594 0.083333
2 9 0.387305 0.316667 0.024609 0.066667
2 10 0.361133 0.369792 0.054297 0.063194
2 11 0.432031 0.789583 0.050000 0.140278
2 12 0.443164 0.485069 0.061328 0.052083
2 13 0.815234 0.327778 0.044531 0.056944
2 14 0.706641 0.320833 0.030469 0.051389
2 15 0.643164 0.398264 0.033984 0.054861
2 16 0.431836 0.372917 0.054297 0.063889
2 17 0.388086 0.454514 0.036328 0.086806
2 18 0.341797 0.426389 0.059375 0.080556
2 19 0.470117 0.513889 0.044922 0.086111
2 20 0.593555 0.536111 0.026172 0.090278
2 21 0.528320 0.601042 0.038672 0.099306
2 22 0.507031 0.686458 0.074219 0.097917
2 23 0.838867 0.621528 0.031641 0.116667
2 24 0.792969 0.632639 0.064062 0.120833
2 25 0.174219 0.703125 0.042188 0.143750
2 26 0.087891 0.626736 0.086719 0.077083
2 27 0.230469 0.679861 0.080469 0.080556
2 28 0.132617 0.845833 0.100391 0.122222
2 29 0.167578 0.860069 0.083594 0.171528
