2 1 0.658203 0.211458 0.023438 0.043750
2 2 0.201758 0.415278 0.061328 0.043056
2 3 0.576562 0.662847 0.048438 0.122917
2 4 0.192188 0.436458 0.028125 0.086806
2 5 0.680469 0.222569 0.042188 0.047917
2 7 0.025977 0.551042 0.051953 0.082639
2 8 0.246484 0.906597 0.058594 0.168750
2 9 0.404297 0.279167 0.028906 0.054167
2 10 0.378516 0.299306 0.048438 0.056944
2 11 0.442188 0.554514 0.050781 0.077083
2 12 0.456641 0.388194 0.057031 0.045833
2 13 0.791211 0.278125 0.027734 0.043750
2 14 0.677930 0.263194 0.028516 0.047222
2 15 0.622070 0.321875 0.026953 0.043750
2 16 0.514062 0.287847 0.050000 0.049306
2 17 0.408008 0.363889 0.030859 0.069444
2 18 0.361133 0.347917 0.052734 0.065278
2 19 0.497656 0.387500 0.060156 0.058333
2 20 0.574023 0.407639 0.037891 0.068056
2 21 0.518555 0.463889 0.032422 0.075000
2 22 0.516406 0.520139 0.065625 0.077778
2 23 0.778906 0.475347 0.023438 0.088194
2 24 0.750000 0.504167 0.035937 0.106944
2 25 0.254492 0.531250 0.029297 0.101389
2 26 0.253906 0.489931 0.073438 0.071528
2 27 0.303711 0.519444 0.069922 0.065278
2 28 0.228516 0.622569 0.071875 0.093750
2 29 0.257812 0.634028 0.053906 0.119444
