2 2 0.154688 0.479861 0.064844 0.054167
2 3 0.571289 0.816667 0.055859 0.150000
2 4 0.135937 0.513194 0.035156 0.087500
2 5 0.690039 0.252431 0.044922 0.050694
2 8 0.188281 0.941667 0.056250 0.115278
2 9 0.378320 0.304167 0.019922 0.058333
2 10 0.354687 0.346181 0.056250 0.064583
2 11 0.422266 0.694097 0.057031 0.113194
2 12 0.437305 0.452083 0.059766 0.050000
2 13 0.805664 0.313889 0.035547 0.058333
2 14 0.687109 0.300000 0.028906 0.050000
2 15 0.627344 0.369792 0.033594 0.050694
2 16 0.448828 0.338889 0.056250 0.055556
2 17 0.383203 0.425000 0.035937 0.073611
2 18 0.343359 0.399653 0.057031 0.075694
2 19 0.482422 0.459375 0.060937 0.072917
2 20 0.576172 0.481944 0.033594 0.084722
2 21 0.511133 0.553125 0.030859 0.086806
2 22 0.503711 0.623611 0.072266 0.094444
2 23 0.808789 0.564583 0.029297 0.108333
2 24 0.775000 0.593056 0.042188 0.123611
2 25 0.196289 0.646875 0.037891 0.128472
2 26 0.125000 0.583681 0.082031 0.072917
2 27 0.243945 0.627431 0.076172 0.077083
2 28 0.158594 0.768056 0.088281 0.112500
2 29 0.191797 0.783333 0.071875 0.151389
