2 2 0.123047 0.656944 0.078906 0.069444
2 4 0.069336 0.726736 0.075391 0.104861
2 5 0.830664 0.368750 0.051953 0.068056
2 9 0.445508 0.382986 0.031641 0.065972
2 10 0.367383 0.473264 0.068359 0.081250
2 12 0.485352 0.645486 0.075391 0.081250
2 13 0.881836 0.392708 0.047266 0.074306
2 14 0.819336 0.437500 0.030078 0.058333
2 15 0.743945 0.540625 0.044141 0.070139
2 16 0.439258 0.500000 0.067578 0.077778
2 17 0.420312 0.599653 0.035937 0.115972
2 18 0.372852 0.552778 0.073828 0.102778
2 19 0.469336 0.835764 0.051172 0.165972
2 20 0.668555 0.849306 0.051953 0.158333
2 22 0.552734 0.970139 0.085156 0.059722
2 24 0.884961 0.877431 0.108203 0.152083
2 25 0.105664 0.939236 0.069141 0.120139
2 26 0.021484 0.829514 0.042969 0.113194
2 27 0.183398 0.948264 0.103516 0.102083
