2 2 0.157031 0.473611 0.064844 0.052778
2 3 0.573242 0.807639 0.057422 0.151389
2 4 0.140430 0.507639 0.034766 0.088889
2 5 0.687305 0.250347 0.044922 0.050694
2 8 0.196094 0.942014 0.060156 0.114583
2 9 0.378320 0.301389 0.020703 0.055556
2 10 0.355469 0.342708 0.056250 0.061806
2 11 0.419922 0.680208 0.056250 0.106250
2 12 0.438086 0.448958 0.058984 0.049306
2 13 0.804102 0.313194 0.036328 0.058333
2 14 0.685937 0.298611 0.028906 0.050000
2 15 0.625391 0.365972 0.033594 0.050000
2 16 0.454883 0.336111 0.051172 0.059722
2 17 0.384766 0.420139 0.035937 0.075000
2 18 0.344531 0.396181 0.057031 0.075694
2 19 0.485352 0.450694 0.059766 0.068056
2 20 0.574609 0.476389 0.035156 0.083333
2 21 0.511328 0.543403 0.031250 0.088194
2 22 0.503516 0.613542 0.074219 0.092361
2 23 0.804688 0.556597 0.028906 0.107639
2 24 0.772656 0.587153 0.039844 0.121528
2 25 0.198633 0.637847 0.037109 0.125694
2 26 0.136523 0.570139 0.090234 0.062500
2 27 0.249609 0.618056 0.075000 0.076389
2 28 0.164844 0.755208 0.089063 0.109028
2 29 0.197266 0.770833 0.069531 0.147222
