2 2 0.148828 0.497917 0.065625 0.055556
2 3 0.575000 0.862153 0.058594 0.156250
2 4 0.130273 0.530556 0.033203 0.095833
2 5 0.697852 0.261458 0.044922 0.052083
2 8 0.188477 0.949653 0.057422 0.099306
2 9 0.381445 0.310764 0.022266 0.064583
2 10 0.357617 0.358681 0.055859 0.063194
2 11 0.433594 0.740972 0.060937 0.126389
2 12 0.440039 0.468750 0.060547 0.051389
2 13 0.808984 0.317708 0.039062 0.057639
2 14 0.695312 0.313542 0.030469 0.052083
2 15 0.634375 0.383333 0.033594 0.052778
2 16 0.438086 0.353819 0.053516 0.057639
2 17 0.387109 0.437500 0.032813 0.083333
2 18 0.340430 0.413889 0.056641 0.080556
2 19 0.480469 0.487153 0.055469 0.081250
2 20 0.582227 0.505903 0.029297 0.090972
2 21 0.516016 0.576736 0.028125 0.090972
2 22 0.505273 0.651389 0.067578 0.097222
2 23 0.821484 0.590972 0.031250 0.109722
2 24 0.779883 0.615278 0.052734 0.127778
2 25 0.183594 0.673611 0.039062 0.136111
2 26 0.102930 0.607986 0.088672 0.078472
2 27 0.236719 0.652778 0.078125 0.080556
2 28 0.145898 0.806250 0.097266 0.115278
2 29 0.179492 0.821528 0.076953 0.161111
