2 2 0.146094 0.533333 0.068750 0.056944
2 3 0.588867 0.949306 0.057422 0.100000
2 4 0.122852 0.575000 0.037891 0.095833
2 5 0.733984 0.287153 0.047656 0.053472
2 8 0.198047 0.972917 0.057031 0.052778
2 9 0.400391 0.326389 0.022656 0.065278
2 10 0.369531 0.387153 0.057813 0.068750
2 11 0.446680 0.871528 0.054297 0.162500
2 12 0.456836 0.511111 0.065234 0.054167
2 13 0.827344 0.342014 0.050781 0.067361
2 14 0.729297 0.340625 0.027344 0.052083
2 15 0.663867 0.419792 0.037109 0.057639
2 16 0.430078 0.391667 0.053906 0.066667
2 17 0.399023 0.471181 0.030859 0.095139
2 18 0.353320 0.446875 0.066016 0.082639
2 19 0.469727 0.565625 0.035547 0.104861
2 20 0.619336 0.587847 0.040234 0.109028
2 21 0.548438 0.657986 0.046094 0.114583
2 22 0.515625 0.733333 0.078125 0.109722
2 23 0.873047 0.669792 0.036719 0.124306
2 24 0.817187 0.677431 0.075781 0.134028
2 25 0.167969 0.744792 0.049219 0.154861
2 26 0.081055 0.661458 0.089453 0.086806
2 27 0.228320 0.720833 0.084766 0.083333
2 28 0.121875 0.895139 0.107813 0.131944
2 29 0.155078 0.909722 0.092969 0.179167
