2 2 0.112695 0.677431 0.081641 0.078472
2 4 0.058984 0.751389 0.075781 0.104167
2 5 0.839063 0.380903 0.053906 0.070139
2 9 0.446484 0.392361 0.032031 0.065278
2 10 0.365039 0.488194 0.069922 0.083333
2 12 0.485352 0.671528 0.076953 0.084722
2 13 0.887695 0.400347 0.047266 0.075694
2 14 0.827148 0.449306 0.033984 0.056944
2 15 0.750000 0.559375 0.045312 0.074306
2 16 0.436719 0.516319 0.069531 0.078472
2 17 0.418555 0.617361 0.037109 0.123611
2 18 0.369922 0.570486 0.075000 0.106250
2 19 0.465039 0.881250 0.051172 0.169444
2 20 0.668164 0.895139 0.060547 0.155556
2 24 0.891602 0.908333 0.115234 0.158333
2 25 0.098633 0.954861 0.054297 0.088889
2 27 0.168555 0.967361 0.105859 0.065278
