0 6 0.045703 0.249653 0.085938 0.103472
0 7 0.156641 0.258333 0.110156 0.127778
0 8 0.017188 0.254167 0.034375 0.094444
0 9 0.229687 0.268750 0.083594 0.116667
0 10 0.317188 0.276389 0.104688 0.134722
0 11 0.384570 0.297222 0.060547 0.101389
0 12 0.591211 0.301042 0.051172 0.132639
0 13 0.727148 0.683681 0.205078 0.222917
0 14 0.456641 0.690972 0.146875 0.138889
0 15 0.320898 0.643056 0.155859 0.176389
0 16 0.325781 0.641319 0.197656 0.170139
0 17 0.177344 0.642361 0.103906 0.115278
0 18 0.059766 0.255903 0.060156 0.081250
