0 6 0.024023 0.246528 0.048047 0.094444
0 7 0.117773 0.258333 0.092578 0.122222
0 9 0.177148 0.260417 0.086328 0.127778
0 10 0.276758 0.277083 0.106641 0.136111
0 11 0.345703 0.293403 0.059375 0.106250
0 12 0.531250 0.297569 0.082812 0.132639
0 13 0.734375 0.675347 0.214062 0.213194
0 14 0.463477 0.689236 0.141016 0.139583
0 15 0.320703 0.645486 0.164062 0.177083
0 16 0.340234 0.645833 0.191406 0.179167
0 17 0.188086 0.645833 0.104297 0.105556
0 18 0.015625 0.257986 0.031250 0.077083
0 19 0.062695 0.255903 0.076953 0.090972
