0 1 0.133008 0.287847 0.072266 0.110417
0 2 0.173047 0.287153 0.093750 0.109028
0 3 0.216016 0.297222 0.057031 0.091667
0 4 0.261133 0.302083 0.061328 0.084722
0 5 0.271094 0.290625 0.085156 0.095139
0 6 0.357227 0.296181 0.090234 0.102083
0 7 0.477539 0.305903 0.094922 0.117361
0 8 0.424414 0.304861 0.092578 0.095833
0 9 0.531641 0.313889 0.076563 0.112500
0 10 0.610547 0.315625 0.114844 0.134028
0 11 0.686523 0.326736 0.073828 0.107639
0 12 0.886719 0.331597 0.096094 0.142361
0 13 0.802734 0.710764 0.209375 0.210417
0 14 0.575195 0.710069 0.133984 0.132639
0 15 0.520898 0.676042 0.198047 0.167361
0 16 0.461328 0.665278 0.195312 0.170833
0 17 0.307227 0.677431 0.100391 0.115972
