0 1 0.156055 0.291667 0.067578 0.111111
0 2 0.209180 0.291667 0.106641 0.109722
0 3 0.249805 0.302083 0.057422 0.086111
0 4 0.303320 0.306944 0.062109 0.087500
0 5 0.309570 0.297917 0.091016 0.095833
0 6 0.386328 0.303125 0.092188 0.106250
0 7 0.495898 0.310069 0.098047 0.115972
0 8 0.464453 0.307292 0.086719 0.106250
0 9 0.548242 0.312153 0.066016 0.117361
0 10 0.637500 0.319444 0.135156 0.133333
0 11 0.700000 0.336111 0.076563 0.104167
0 12 0.897852 0.332986 0.098828 0.142361
0 13 0.773828 0.709375 0.196875 0.203472
0 14 0.557617 0.714583 0.136328 0.127778
0 15 0.506055 0.678125 0.201172 0.174306
0 16 0.439453 0.665972 0.199219 0.165278
0 17 0.282227 0.682986 0.098828 0.106250
