0 1 0.236133 0.280208 0.088672 0.113194
0 2 0.304102 0.279861 0.087891 0.112500
0 3 0.332813 0.285069 0.062500 0.095139
0 4 0.404297 0.291319 0.069531 0.093750
0 5 0.387305 0.284375 0.066016 0.099306
0 6 0.469727 0.288194 0.100391 0.109722
0 7 0.535547 0.290972 0.096094 0.118056
0 9 0.599023 0.296181 0.066016 0.113194
0 10 0.678516 0.300694 0.115625 0.131944
0 11 0.728711 0.314931 0.073047 0.093750
0 12 0.928320 0.310417 0.103516 0.137500
0 13 0.715820 0.682639 0.199609 0.198611
0 14 0.507031 0.677083 0.135937 0.156944
0 15 0.488867 0.656250 0.206641 0.168056
0 16 0.397461 0.644097 0.190234 0.163194
0 17 0.237695 0.662500 0.100391 0.118056
