0 1 0.170898 0.291319 0.069141 0.111806
0 2 0.229687 0.289931 0.103125 0.110417
0 3 0.269727 0.296875 0.058203 0.089583
0 4 0.327539 0.306597 0.066797 0.088194
0 5 0.330859 0.298958 0.086719 0.100694
0 6 0.405859 0.301389 0.094531 0.106944
0 7 0.497266 0.299653 0.089063 0.132639
0 9 0.566602 0.313542 0.078516 0.107639
0 10 0.636133 0.318056 0.116016 0.133333
0 11 0.708398 0.335417 0.083203 0.104167
0 12 0.904883 0.330903 0.099609 0.142361
0 13 0.752344 0.706250 0.195312 0.202778
0 14 0.545898 0.710764 0.140234 0.127083
0 15 0.497852 0.675000 0.204297 0.181944
0 16 0.425586 0.661458 0.198047 0.167361
0 17 0.267578 0.670139 0.098437 0.123611
