0 1 0.088477 0.272569 0.066797 0.109028
0 2 0.121289 0.269444 0.085547 0.111111
0 3 0.168945 0.285069 0.051953 0.082639
0 4 0.200391 0.277431 0.052344 0.093750
0 5 0.209961 0.276736 0.079297 0.097917
0 6 0.318945 0.283333 0.091797 0.104167
0 7 0.438672 0.293403 0.112500 0.120139
0 8 0.352734 0.291667 0.092969 0.094444
0 9 0.499023 0.302083 0.086328 0.113889
0 10 0.577930 0.306250 0.112109 0.134722
0 11 0.649023 0.329861 0.062891 0.102778
0 12 0.853516 0.328819 0.100781 0.140972
0 13 0.822852 0.707639 0.238672 0.211111
0 14 0.588672 0.701389 0.144531 0.137500
0 15 0.516797 0.666667 0.189062 0.172222
0 16 0.466016 0.656944 0.194531 0.179167
0 17 0.317383 0.664931 0.101172 0.118750
