0 1 0.196680 0.286806 0.078516 0.112500
0 2 0.254688 0.285069 0.095312 0.115972
0 3 0.294727 0.287500 0.059766 0.091667
0 4 0.352539 0.300000 0.064453 0.087500
0 5 0.353516 0.290625 0.073438 0.100694
0 6 0.428125 0.294097 0.100000 0.110417
0 7 0.513281 0.295139 0.095312 0.125000
0 9 0.578320 0.307292 0.070703 0.111806
0 10 0.652930 0.308333 0.118359 0.131944
0 11 0.710938 0.322222 0.078906 0.098611
0 12 0.913281 0.319097 0.098437 0.142361
0 13 0.735352 0.693750 0.198047 0.206944
0 14 0.530664 0.695486 0.135547 0.135417
0 15 0.491992 0.663542 0.202734 0.171528
0 16 0.417383 0.651042 0.194922 0.165972
0 17 0.254688 0.661806 0.100781 0.125000
