0 1 0.123438 0.283333 0.075781 0.109722
0 2 0.155664 0.281597 0.094141 0.109028
0 3 0.201953 0.288542 0.057813 0.097917
0 4 0.243164 0.298264 0.056641 0.084028
0 5 0.254688 0.286806 0.079687 0.098611
0 6 0.345898 0.291667 0.089453 0.102778
0 7 0.463477 0.300347 0.089453 0.117361
0 8 0.404492 0.301042 0.094141 0.095139
0 9 0.529102 0.299653 0.091797 0.132639
0 10 0.602539 0.311806 0.115234 0.134722
0 11 0.674414 0.327431 0.062109 0.097917
0 12 0.878711 0.330208 0.098828 0.142361
0 13 0.805859 0.709722 0.210156 0.213889
0 14 0.584961 0.706250 0.132422 0.134722
0 15 0.526367 0.673264 0.201953 0.171528
0 16 0.468945 0.662847 0.191016 0.178472
0 17 0.315039 0.672222 0.101172 0.113889
