0 6 0.061719 0.249306 0.101562 0.104167
0 7 0.157812 0.255208 0.101562 0.129861
0 8 0.024609 0.254514 0.049219 0.092361
0 9 0.241797 0.265972 0.083594 0.115278
0 10 0.326172 0.274306 0.105469 0.134722
0 11 0.394336 0.295833 0.061328 0.101389
0 12 0.600977 0.299653 0.053516 0.132639
0 13 0.724414 0.685417 0.209766 0.215278
0 14 0.455273 0.688889 0.148047 0.138889
0 15 0.329688 0.640972 0.144531 0.176389
0 16 0.326172 0.637500 0.194531 0.169444
0 17 0.177930 0.641667 0.110547 0.116667
0 18 0.071094 0.254514 0.059375 0.077083
