0 6 0.030273 0.249306 0.060547 0.100000
0 7 0.127148 0.259722 0.090234 0.122222
0 9 0.187891 0.264583 0.087500 0.125000
0 10 0.287109 0.279167 0.105469 0.136111
0 11 0.356641 0.296181 0.060156 0.104861
0 12 0.546484 0.298958 0.078906 0.132639
0 13 0.732812 0.674306 0.217188 0.223611
0 14 0.465039 0.690625 0.141016 0.139583
0 15 0.323242 0.646181 0.163672 0.177083
0 16 0.338867 0.647222 0.191016 0.176389
0 17 0.190039 0.647917 0.103516 0.108333
0 18 0.021094 0.258333 0.041406 0.081944
0 19 0.074805 0.259375 0.080078 0.090972
