0 6 0.039258 0.249653 0.076953 0.102083
0 7 0.144727 0.262847 0.108203 0.122917
0 9 0.206836 0.272222 0.084766 0.119444
0 10 0.300195 0.280556 0.104297 0.134722
0 11 0.375977 0.297917 0.074609 0.101389
0 12 0.568555 0.302431 0.055859 0.132639
0 13 0.734180 0.678125 0.220703 0.234028
0 14 0.462109 0.693403 0.139063 0.139583
0 15 0.315234 0.647569 0.164062 0.177083
0 16 0.331836 0.647917 0.189453 0.172222
0 17 0.182031 0.648611 0.101562 0.112500
0 18 0.036914 0.258681 0.061328 0.089583
0 19 0.083984 0.261806 0.074219 0.093056
