0 1 0.179492 0.289236 0.072266 0.111806
0 2 0.238086 0.288889 0.100391 0.112500
0 3 0.277734 0.293750 0.058594 0.090278
0 4 0.335742 0.304514 0.066016 0.088194
0 5 0.337891 0.296181 0.081250 0.100694
0 6 0.413281 0.299306 0.096094 0.108333
0 7 0.503711 0.297569 0.093359 0.129861
0 9 0.566211 0.311458 0.067578 0.109028
0 10 0.642383 0.314931 0.116797 0.132639
0 11 0.707227 0.330903 0.077734 0.102083
0 12 0.907813 0.326736 0.099219 0.142361
0 13 0.743359 0.701042 0.196094 0.203472
0 14 0.540430 0.705903 0.137891 0.129861
0 15 0.495898 0.671181 0.203516 0.178472
0 16 0.422852 0.658333 0.197266 0.166667
0 17 0.263281 0.667708 0.099219 0.124306
