0 1 0.246875 0.278125 0.092969 0.113194
0 2 0.314063 0.279514 0.085938 0.110417
0 3 0.341211 0.287153 0.058984 0.090972
0 4 0.414453 0.292361 0.068750 0.091667
0 5 0.393164 0.283333 0.065234 0.098611
0 6 0.478320 0.287500 0.099609 0.108333
0 7 0.537891 0.290278 0.092969 0.116667
0 9 0.601562 0.297222 0.065625 0.112500
0 10 0.681836 0.299306 0.116016 0.131944
0 11 0.734570 0.313889 0.075391 0.093056
0 12 0.933789 0.309722 0.100391 0.136111
0 13 0.712109 0.681597 0.200000 0.196528
0 14 0.504102 0.678819 0.136328 0.149306
0 15 0.487305 0.654861 0.205078 0.168056
0 16 0.392578 0.643056 0.189062 0.162500
0 17 0.234375 0.664236 0.100000 0.114583
