0 2 0.021680 0.232639 0.043359 0.112500
0 3 0.052148 0.247917 0.050391 0.084722
0 4 0.072070 0.245833 0.055078 0.097222
0 5 0.088086 0.241319 0.087109 0.096528
0 6 0.206055 0.252083 0.090234 0.102778
0 7 0.315625 0.254861 0.116406 0.129167
0 8 0.200000 0.259375 0.088281 0.097917
0 9 0.387500 0.269792 0.089063 0.113194
0 10 0.471289 0.275000 0.109766 0.133333
0 11 0.541992 0.300000 0.065234 0.101389
0 12 0.750781 0.301736 0.082031 0.139583
0 13 0.800391 0.686111 0.247656 0.212500
0 14 0.550586 0.682986 0.141797 0.138194
0 15 0.437891 0.640625 0.156250 0.171528
0 16 0.422461 0.640278 0.194141 0.170833
0 17 0.271680 0.635417 0.103516 0.125000
0 18 0.254102 0.266667 0.066016 0.093056
