0 6 0.043164 0.249306 0.084766 0.102778
0 7 0.151562 0.261111 0.115625 0.125000
0 8 0.012305 0.254167 0.024609 0.090278
0 9 0.217773 0.270486 0.083984 0.117361
0 10 0.307617 0.279167 0.104297 0.134722
0 11 0.375781 0.297917 0.060156 0.101389
0 12 0.579883 0.301736 0.049609 0.132639
0 13 0.727734 0.680208 0.210156 0.229861
0 14 0.459375 0.692708 0.142969 0.139583
0 15 0.316211 0.646181 0.161328 0.177083
0 16 0.328516 0.644444 0.193750 0.170833
0 17 0.178711 0.645486 0.101953 0.114583
0 18 0.048438 0.257292 0.060937 0.085417
0 19 0.096680 0.261806 0.085547 0.095833
