0 1 0.229297 0.281597 0.088281 0.113194
0 2 0.294336 0.280556 0.090234 0.113889
0 3 0.323828 0.285417 0.060937 0.094444
0 4 0.394531 0.290625 0.071094 0.097917
0 5 0.383008 0.284375 0.070703 0.099306
0 6 0.461328 0.288542 0.100000 0.110417
0 7 0.531641 0.291319 0.097656 0.118750
0 9 0.600586 0.296181 0.073047 0.113194
0 10 0.674609 0.301389 0.113281 0.131944
0 11 0.724609 0.315625 0.075000 0.095139
0 12 0.925195 0.311111 0.101953 0.138889
0 13 0.723633 0.684375 0.193359 0.202083
0 14 0.511328 0.678472 0.138281 0.154167
0 15 0.491797 0.656597 0.207031 0.167361
0 16 0.401758 0.644444 0.191016 0.163889
0 17 0.241602 0.661806 0.101172 0.116667
