0 1 0.051758 0.261458 0.067578 0.109028
0 2 0.083789 0.258333 0.078516 0.112500
0 3 0.133008 0.274306 0.046484 0.086111
0 4 0.157617 0.269444 0.051172 0.100000
0 5 0.174609 0.266667 0.092969 0.095833
0 6 0.283008 0.274653 0.092578 0.104861
0 7 0.387305 0.284375 0.111328 0.122917
0 8 0.301172 0.284028 0.090625 0.094444
0 9 0.455273 0.293750 0.069922 0.113889
0 10 0.541992 0.297569 0.106641 0.134028
0 11 0.617773 0.319097 0.065234 0.099306
0 12 0.820703 0.320486 0.096875 0.139583
0 13 0.814453 0.704514 0.225000 0.207639
0 14 0.577734 0.697222 0.140625 0.138889
0 15 0.491992 0.657986 0.173828 0.171528
0 16 0.456445 0.652083 0.198047 0.176389
0 17 0.302734 0.653819 0.101562 0.120139
