0 2 0.010742 0.228819 0.021484 0.113194
0 3 0.035156 0.242361 0.051562 0.084722
0 4 0.052734 0.239931 0.056250 0.099306
0 5 0.071680 0.238542 0.085547 0.096528
0 6 0.189258 0.246875 0.091016 0.103472
0 7 0.296680 0.250000 0.112109 0.130556
0 8 0.175000 0.255903 0.087500 0.096528
0 9 0.368750 0.267361 0.092969 0.115278
0 10 0.453320 0.272917 0.108984 0.133333
0 11 0.523242 0.293750 0.062109 0.101389
0 12 0.725977 0.297569 0.083203 0.138194
0 13 0.788867 0.686111 0.244922 0.212500
0 14 0.538477 0.682986 0.144922 0.138194
0 15 0.426953 0.638889 0.146094 0.172222
0 16 0.411523 0.637847 0.190234 0.170139
0 17 0.261719 0.634028 0.104688 0.123611
0 18 0.232422 0.263194 0.067187 0.090278
