0 0.385742 0.624653 0.151172 0.303472
0 0.699805 0.460069 0.042578 0.177083
0 0.702734 0.687153 0.123438 0.331250
0 0.799219 0.466667 0.157031 0.234722
0 0.978906 0.487847 0.041406 0.188194
0 0.510352 0.445486 0.071484 0.156250
0 0.822070 0.510417 0.083984 0.187500
0 0.570312 0.323958 0.073438 0.174306
0 0.958789 0.511806 0.082422 0.202778
0 0.868164 0.548264 0.120703 0.247917
0 0.846875 0.434028 0.112500 0.152778
0 0.241211 0.619097 0.184766 0.285417
0 0.136523 0.606597 0.061328 0.238194
0 0.133789 0.561458 0.075391 0.268750
0 0.575000 0.453472 0.114062 0.179167
0 0.372656 0.419444 0.103125 0.193056
0 0.279297 0.427431 0.079687 0.135417
0 0.276367 0.412153 0.108203 0.170139
0 0.182031 0.410069 0.068750 0.128472
0 0.055664 0.377431 0.085547 0.150694
0 0.079102 0.386458 0.069141 0.129861
