0 0.537695 0.652431 0.175391 0.314583
0 0.757422 0.431250 0.090625 0.179167
0 0.836328 0.715625 0.189062 0.377083
0 0.890234 0.445139 0.154688 0.252778
0 0.965234 0.446875 0.068750 0.192361
0 0.908008 0.488194 0.101172 0.180556
0 0.326367 0.595486 0.205859 0.329861
0 0.156836 0.608681 0.098047 0.232639
0 0.118164 0.539236 0.137109 0.263194
0 0.671094 0.416319 0.128125 0.182639
0 0.478711 0.410764 0.133203 0.192361
0 0.358008 0.403472 0.091016 0.161111
0 0.384375 0.386458 0.128906 0.199306
0 0.309766 0.381597 0.096094 0.135417
0 0.127930 0.354167 0.099609 0.175000
0 0.149023 0.326736 0.081641 0.139583
0 0.038867 0.334722 0.077734 0.147222
