0 0.360156 0.660417 0.178125 0.320833
0 0.626953 0.478472 0.065625 0.176389
0 0.669141 0.721875 0.160938 0.343750
0 0.737891 0.487847 0.146094 0.247917
0 0.905469 0.509375 0.100781 0.193750
0 0.476562 0.459375 0.078125 0.160417
0 0.764648 0.543056 0.083203 0.173611
0 0.662891 0.369444 0.082812 0.183333
0 0.935937 0.547222 0.124219 0.194444
0 0.975977 0.664236 0.047266 0.168750
0 0.968164 0.513542 0.062891 0.174306
0 0.175781 0.622917 0.215625 0.308333
0 0.047656 0.634028 0.095312 0.225000
0 0.032031 0.586111 0.064062 0.281944
0 0.533789 0.464931 0.114453 0.178472
0 0.323437 0.435417 0.121094 0.200000
0 0.229883 0.441667 0.095703 0.158333
0 0.232031 0.426736 0.125000 0.178472
0 0.136914 0.419097 0.089453 0.125694
0 0.021289 0.376042 0.042578 0.168750
