0 0.372461 0.648958 0.159766 0.317361
0 0.682422 0.462847 0.052344 0.181250
0 0.690820 0.689931 0.118359 0.329861
0 0.799023 0.468056 0.169922 0.238889
0 0.966797 0.479861 0.065625 0.180556
0 0.502344 0.447917 0.076563 0.156944
0 0.808984 0.515625 0.085156 0.178472
0 0.596289 0.337500 0.073828 0.184722
0 0.948438 0.524306 0.102344 0.223611
0 0.949414 0.570486 0.100391 0.239583
0 0.909961 0.430556 0.122266 0.151389
0 0.234961 0.627431 0.200391 0.274306
0 0.116016 0.621875 0.071875 0.218750
0 0.106445 0.570486 0.070703 0.261806
0 0.563672 0.455556 0.116406 0.180556
0 0.367578 0.423611 0.116406 0.200000
0 0.269727 0.434028 0.082422 0.152778
0 0.264453 0.416319 0.108594 0.174306
0 0.171875 0.417708 0.071875 0.127083
0 0.042773 0.381597 0.083203 0.149306
0 0.066016 0.389236 0.063281 0.134028
