0 0.965234 0.294444 0.068750 0.137500
0 0.928320 0.418056 0.142578 0.302778
0 0.852148 0.395139 0.137891 0.198611
0 0.747656 0.804167 0.112500 0.390278
0 0.695898 0.620833 0.190234 0.362500
0 0.582617 0.533333 0.282422 0.312500
0 0.370508 0.763542 0.211328 0.296528
0 0.152344 0.518403 0.178906 0.368750
0 0.632812 0.319792 0.142969 0.228472
0 0.492773 0.285069 0.126953 0.245139
0 0.325391 0.289931 0.093750 0.161806
0 0.383203 0.271181 0.114062 0.209028
0 0.341211 0.260069 0.085547 0.131250
0 0.224805 0.273958 0.098828 0.192361
0 0.089648 0.285764 0.080859 0.120139
0 0.065430 0.190625 0.087891 0.111806
0 0.019922 0.253819 0.039844 0.145139
0 0.025195 0.198264 0.050391 0.113194
