0 0.466992 0.731250 0.190234 0.297222
0 0.698242 0.512500 0.091016 0.173611
0 0.760352 0.771181 0.177734 0.338194
0 0.832617 0.536806 0.162109 0.256944
0 0.934180 0.543750 0.101953 0.209722
0 0.847266 0.584375 0.099219 0.184028
0 0.899219 0.398958 0.108594 0.203472
0 0.261523 0.670486 0.210547 0.342361
0 0.098633 0.669792 0.098828 0.231250
0 0.067187 0.611806 0.114062 0.275000
0 0.609961 0.497917 0.108203 0.183333
0 0.403711 0.482986 0.124609 0.196528
0 0.298828 0.475000 0.092188 0.154167
0 0.314453 0.465278 0.123438 0.202778
0 0.238477 0.463194 0.095703 0.130556
0 0.066602 0.434028 0.091016 0.176389
0 0.083203 0.418750 0.087500 0.168056
