0 0.901563 0.791319 0.196094 0.352083
0 0.723047 0.716319 0.246094 0.331250
0 0.638086 0.854167 0.110547 0.290278
0 0.414453 0.669444 0.197656 0.330556
0 0.927148 0.507292 0.144922 0.224306
0 0.770703 0.475694 0.150781 0.231944
0 0.641016 0.488542 0.091406 0.156250
0 0.674414 0.472569 0.134766 0.199306
0 0.610156 0.475694 0.100000 0.134722
0 0.498047 0.467708 0.122656 0.182639
0 0.356836 0.462500 0.080078 0.138889
0 0.400195 0.414236 0.090234 0.121528
0 0.343359 0.444444 0.100000 0.144444
0 0.147266 0.400347 0.085938 0.115972
0 0.257031 0.438194 0.117969 0.152778
0 0.246680 0.464931 0.050391 0.127083
0 0.137500 0.443056 0.055469 0.112500
0 0.027930 0.450347 0.055859 0.138194
0 0.042383 0.422222 0.084766 0.129167
0 0.030664 0.890972 0.061328 0.190278
