0 0.563086 0.629514 0.172266 0.306250
0 0.780273 0.406597 0.095703 0.181250
0 0.862695 0.694792 0.189453 0.390972
0 0.912305 0.425694 0.147266 0.263889
0 0.759961 0.381944 0.083203 0.162500
0 0.933008 0.484722 0.110547 0.187500
0 0.347070 0.569444 0.194141 0.322222
0 0.175781 0.583333 0.092188 0.245833
0 0.137109 0.516319 0.144531 0.274306
0 0.688867 0.391319 0.133984 0.179861
0 0.497852 0.383681 0.124609 0.193750
0 0.375781 0.375347 0.094531 0.167361
0 0.404102 0.357986 0.127734 0.196528
0 0.333789 0.357292 0.098828 0.138194
0 0.150781 0.332292 0.101562 0.170139
0 0.171875 0.302431 0.081250 0.139583
0 0.050781 0.311458 0.101562 0.143750
