0 0.373047 0.655208 0.182031 0.317361
0 0.650195 0.472222 0.059766 0.187500
0 0.666016 0.709722 0.136719 0.345833
0 0.755859 0.481597 0.146875 0.228472
0 0.933008 0.498611 0.091797 0.190278
0 0.482617 0.454514 0.080078 0.159028
0 0.779687 0.530556 0.085156 0.172222
0 0.630664 0.357639 0.089453 0.180556
0 0.941992 0.532986 0.115234 0.204861
0 0.976953 0.493750 0.045312 0.166667
0 0.971875 0.427778 0.055469 0.154167
0 0.210156 0.625000 0.227344 0.275000
0 0.075195 0.623611 0.090234 0.229167
0 0.058203 0.574306 0.071875 0.255556
0 0.550391 0.459028 0.119531 0.177778
0 0.336914 0.431944 0.108984 0.211111
0 0.245508 0.438194 0.080859 0.151389
0 0.242383 0.415278 0.122266 0.170833
0 0.149414 0.422569 0.082422 0.134028
0 0.027344 0.380556 0.054688 0.151389
0 0.041016 0.381944 0.071875 0.130556
