0 0.977734 0.535069 0.043750 0.181250
0 0.875977 0.782292 0.237891 0.379861
0 0.695117 0.696528 0.273828 0.316667
0 0.568359 0.867014 0.131250 0.264583
0 0.348047 0.643403 0.172656 0.342361
0 0.824219 0.471875 0.135937 0.250694
0 0.687500 0.435069 0.132031 0.235417
0 0.538867 0.440625 0.102734 0.174306
0 0.581836 0.430556 0.113672 0.195833
0 0.542188 0.431944 0.105469 0.147222
0 0.430469 0.430903 0.118750 0.185417
0 0.290234 0.431597 0.100000 0.129861
0 0.297266 0.365625 0.090625 0.132639
0 0.233008 0.403819 0.095703 0.145139
0 0.144922 0.337153 0.089063 0.113194
0 0.155078 0.398264 0.123438 0.172917
0 0.127930 0.428472 0.076953 0.127778
0 0.024023 0.398264 0.048047 0.100694
