0 0.374219 0.650000 0.173437 0.320833
0 0.659180 0.471875 0.055859 0.192361
0 0.675977 0.709722 0.122266 0.343056
0 0.767969 0.476736 0.150781 0.229861
0 0.948242 0.492014 0.086328 0.189583
0 0.490234 0.452083 0.082031 0.150000
0 0.790625 0.525347 0.084375 0.179861
0 0.618359 0.345486 0.078906 0.171528
0 0.946094 0.527778 0.107031 0.201389
0 0.982031 0.482639 0.035156 0.152778
0 0.954688 0.426042 0.089844 0.154861
0 0.221094 0.625000 0.226562 0.268056
0 0.090039 0.620139 0.083203 0.226389
0 0.073438 0.569792 0.071875 0.257639
0 0.559570 0.456944 0.123047 0.175000
0 0.344727 0.430556 0.110547 0.204167
0 0.253516 0.434028 0.079687 0.141667
0 0.248633 0.414931 0.118359 0.172917
0 0.157031 0.420833 0.077344 0.133333
0 0.031250 0.379861 0.062500 0.145833
0 0.046094 0.384028 0.067969 0.126389
