0 0.693359 0.671875 0.192188 0.334028
0 0.913867 0.425694 0.077734 0.197222
0 0.937109 0.711458 0.125000 0.356250
0 0.960742 0.435417 0.077734 0.250000
0 0.475977 0.608333 0.202734 0.322222
0 0.279492 0.620486 0.080859 0.243750
0 0.229492 0.553125 0.187109 0.271528
0 0.783984 0.405903 0.135156 0.195139
0 0.609375 0.400000 0.137500 0.193056
0 0.473438 0.400347 0.091406 0.157639
0 0.508203 0.395486 0.126562 0.177083
0 0.444141 0.380556 0.104688 0.147222
0 0.276562 0.359722 0.121094 0.159722
0 0.191211 0.350347 0.046484 0.125694
0 0.263086 0.321528 0.069141 0.136111
0 0.240430 0.347222 0.089453 0.152778
0 0.125781 0.344097 0.100781 0.161806
0 0.109766 0.365972 0.075000 0.123611
0 0.016406 0.346528 0.032813 0.081944
