0 0.954492 0.534722 0.090234 0.183333
0 0.957031 0.838542 0.082031 0.321528
0 0.846289 0.770833 0.248047 0.391667
0 0.659180 0.684375 0.275391 0.322917
0 0.521680 0.868750 0.146484 0.261111
0 0.310352 0.636458 0.174609 0.345139
0 0.778320 0.459722 0.133203 0.250000
0 0.644336 0.429167 0.128516 0.230556
0 0.494141 0.432986 0.101562 0.165972
0 0.540039 0.419792 0.115234 0.193750
0 0.497070 0.420833 0.096484 0.143056
0 0.387891 0.419444 0.115625 0.187500
0 0.239453 0.425347 0.083594 0.125694
0 0.252344 0.356597 0.092188 0.129861
0 0.185742 0.397222 0.094922 0.154167
0 0.109570 0.326389 0.087891 0.115278
0 0.115625 0.394792 0.131250 0.167361
0 0.080859 0.423958 0.086719 0.125694
