0 0.687500 0.661458 0.203906 0.338194
0 0.896289 0.424306 0.076172 0.195833
0 0.929688 0.710417 0.139844 0.361111
0 0.956250 0.436111 0.086719 0.237500
0 0.462500 0.603125 0.207813 0.321528
0 0.265820 0.612847 0.079297 0.249306
0 0.216797 0.537500 0.176563 0.280556
0 0.776758 0.400347 0.136328 0.190972
0 0.598047 0.396181 0.139844 0.188194
0 0.460742 0.395486 0.093359 0.163194
0 0.500195 0.387500 0.122266 0.179167
0 0.433203 0.377431 0.100781 0.146528
0 0.261914 0.356944 0.119922 0.161111
0 0.182812 0.342361 0.048438 0.126389
0 0.255273 0.315278 0.066797 0.136111
0 0.235742 0.340278 0.086328 0.145833
0 0.117578 0.337847 0.100781 0.152083
0 0.093164 0.363889 0.076172 0.125000
