0 0.583789 0.632292 0.172266 0.307639
0 0.792578 0.400000 0.089063 0.169444
0 0.880664 0.683333 0.191016 0.383333
0 0.925586 0.424653 0.141016 0.264583
0 0.790820 0.376042 0.087891 0.174306
0 0.947461 0.478819 0.101172 0.193750
0 0.363086 0.567014 0.191797 0.325694
0 0.189062 0.578472 0.087500 0.256944
0 0.152148 0.511806 0.151172 0.290278
0 0.702148 0.384722 0.134766 0.184722
0 0.518945 0.377431 0.136328 0.193750
0 0.389648 0.367014 0.096484 0.165972
0 0.418750 0.359375 0.130469 0.196528
0 0.352344 0.355556 0.101562 0.133333
0 0.167383 0.328472 0.102734 0.165278
0 0.117578 0.314583 0.061719 0.120833
0 0.179492 0.296181 0.057422 0.136806
0 0.057031 0.306597 0.110937 0.143750
