0 0.740430 0.689583 0.191797 0.329167
0 0.966797 0.432292 0.066406 0.172917
0 0.962500 0.737847 0.075000 0.328472
0 0.533008 0.619444 0.218359 0.312500
0 0.350195 0.650000 0.083203 0.238889
0 0.291211 0.565625 0.199609 0.293750
0 0.828711 0.413194 0.141016 0.218056
0 0.652930 0.396181 0.126953 0.197917
0 0.521094 0.409722 0.094531 0.155556
0 0.563086 0.396181 0.120703 0.172917
0 0.487109 0.388194 0.110156 0.141667
0 0.332227 0.370486 0.122266 0.164583
0 0.231641 0.363542 0.048438 0.138194
0 0.306836 0.317708 0.073828 0.131250
0 0.274023 0.354167 0.091016 0.162500
0 0.168359 0.345139 0.103906 0.145833
0 0.169531 0.370139 0.071875 0.147222
0 0.055469 0.354167 0.067187 0.108333
