0 0.369727 0.648611 0.159766 0.319444
0 0.670508 0.468750 0.055859 0.186111
0 0.683594 0.705556 0.121875 0.336111
0 0.782617 0.471181 0.161328 0.235417
0 0.958984 0.486458 0.081250 0.188194
0 0.496484 0.449306 0.078906 0.155556
0 0.800391 0.522569 0.089844 0.178472
0 0.604492 0.338889 0.071484 0.191667
0 0.947266 0.519097 0.104688 0.204861
0 0.970703 0.606597 0.057813 0.203472
0 0.937500 0.421528 0.124219 0.137500
0 0.231250 0.625694 0.221875 0.270833
0 0.102344 0.618403 0.079687 0.217361
0 0.089453 0.568056 0.071094 0.256944
0 0.562109 0.454514 0.121875 0.179861
0 0.352539 0.427778 0.109766 0.191667
0 0.262109 0.434722 0.080469 0.144444
0 0.258203 0.416319 0.114062 0.170139
0 0.164648 0.419792 0.075391 0.127083
0 0.036523 0.380556 0.073047 0.144444
0 0.054297 0.383333 0.070312 0.123611
