0 0.982227 0.405903 0.034766 0.132639
0 0.949219 0.516319 0.101562 0.295139
0 0.878320 0.513889 0.133203 0.206944
0 0.848828 0.821528 0.128906 0.355556
0 0.761133 0.746528 0.269922 0.379167
0 0.577734 0.665972 0.267969 0.308333
0 0.421680 0.855556 0.167578 0.287500
0 0.223633 0.630903 0.180078 0.340972
0 0.689453 0.439583 0.153125 0.243056
0 0.541992 0.404861 0.127734 0.234722
0 0.391797 0.404514 0.106250 0.160417
0 0.446289 0.400347 0.120703 0.213194
0 0.395898 0.390278 0.093359 0.138889
0 0.289648 0.393403 0.109766 0.177083
0 0.145117 0.404861 0.087109 0.127778
0 0.142578 0.324653 0.090625 0.118750
0 0.079687 0.371181 0.099219 0.145139
0 0.033398 0.292708 0.066797 0.095139
0 0.035742 0.370486 0.071484 0.157639
