0 0.437891 0.726389 0.193750 0.308333
0 0.670117 0.525000 0.087109 0.173611
0 0.726172 0.785764 0.166406 0.345139
0 0.812109 0.540278 0.169531 0.259722
0 0.920703 0.554861 0.109375 0.208333
0 0.821289 0.594444 0.093359 0.188889
0 0.843945 0.406597 0.100391 0.200694
0 0.974414 0.580903 0.051172 0.174306
0 0.230859 0.668403 0.200000 0.328472
0 0.073633 0.674653 0.102734 0.217361
0 0.048828 0.622917 0.094531 0.266667
0 0.583789 0.506597 0.105859 0.179861
0 0.375977 0.488542 0.120703 0.190972
0 0.274219 0.483333 0.091406 0.154167
0 0.284180 0.467708 0.126953 0.200694
0 0.209766 0.471528 0.100000 0.130556
0 0.048828 0.438194 0.086719 0.172222
