0 0.887305 0.782292 0.210547 0.365972
0 0.700195 0.719444 0.237109 0.316667
0 0.606641 0.814931 0.134375 0.265972
0 0.413672 0.665625 0.194531 0.314583
0 0.926562 0.493403 0.146094 0.206250
0 0.766016 0.473264 0.159375 0.218750
0 0.633203 0.485764 0.091406 0.171528
0 0.670703 0.470139 0.129688 0.191667
0 0.602930 0.473611 0.098828 0.134722
0 0.477734 0.466667 0.126562 0.187500
0 0.345117 0.452083 0.071484 0.119444
0 0.391797 0.404861 0.085938 0.127778
0 0.344336 0.438542 0.102734 0.147917
0 0.108789 0.403125 0.086328 0.127083
0 0.257031 0.430903 0.110156 0.142361
0 0.249609 0.456250 0.056250 0.127778
0 0.143164 0.433333 0.062891 0.100000
0 0.026367 0.442708 0.052734 0.132639
0 0.040820 0.415972 0.081641 0.125000
0 0.034766 0.892361 0.069531 0.193056
