0 0.900781 0.793056 0.197656 0.358333
0 0.721289 0.720486 0.244141 0.339583
0 0.643164 0.861806 0.090234 0.275000
0 0.415625 0.666667 0.200000 0.330556
0 0.916016 0.504861 0.132812 0.219444
0 0.766016 0.480556 0.146094 0.244444
0 0.636328 0.484375 0.086719 0.154861
0 0.669141 0.471181 0.127344 0.203472
0 0.607031 0.475000 0.100000 0.138889
0 0.496289 0.472917 0.121484 0.172222
0 0.355664 0.465278 0.083203 0.129167
0 0.392188 0.408333 0.086719 0.126389
0 0.334570 0.443403 0.098828 0.138194
0 0.153125 0.400000 0.087500 0.126389
0 0.251563 0.437500 0.124219 0.154167
0 0.234180 0.466319 0.055859 0.124306
0 0.130273 0.440278 0.050391 0.111111
0 0.027539 0.448958 0.055078 0.127083
0 0.039453 0.424306 0.078906 0.147222
0 0.019727 0.885417 0.039453 0.179167
