0 0.970117 0.528472 0.058984 0.291667
0 0.918359 0.528472 0.127344 0.193056
0 0.907031 0.830556 0.128906 0.337500
0 0.801758 0.757986 0.258984 0.390972
0 0.614258 0.672569 0.276953 0.322917
0 0.468359 0.863542 0.155469 0.271528
0 0.264453 0.632639 0.178906 0.337500
0 0.726953 0.447917 0.142187 0.248611
0 0.589453 0.419097 0.128125 0.229861
0 0.436914 0.421181 0.108203 0.159028
0 0.490820 0.410764 0.119141 0.199306
0 0.444336 0.408333 0.091797 0.138889
0 0.332813 0.403819 0.111719 0.185417
0 0.185938 0.420833 0.087500 0.134722
0 0.194727 0.344444 0.100391 0.126389
0 0.126562 0.387500 0.098437 0.155556
0 0.062500 0.310764 0.089063 0.107639
0 0.056641 0.387500 0.113281 0.172222
0 0.030859 0.414583 0.064844 0.123611
