0 0.620898 0.636458 0.186328 0.327083
0 0.823047 0.410417 0.085938 0.180556
0 0.900586 0.699306 0.198047 0.366667
0 0.942969 0.426042 0.113281 0.235417
0 0.850781 0.378125 0.096094 0.171528
0 0.959766 0.485069 0.079687 0.184028
0 0.390625 0.577083 0.196094 0.343056
0 0.213477 0.586458 0.083203 0.264583
0 0.176563 0.515278 0.166406 0.287500
0 0.731055 0.390625 0.140234 0.195139
0 0.539648 0.382639 0.133984 0.183333
0 0.414453 0.372917 0.089063 0.155556
0 0.442578 0.367361 0.125781 0.201389
0 0.385547 0.361458 0.100781 0.132639
0 0.193750 0.334375 0.114062 0.163194
0 0.139648 0.324653 0.065234 0.132639
0 0.204492 0.304167 0.061328 0.123611
0 0.075391 0.313194 0.107813 0.151389
0 0.025781 0.344097 0.051562 0.118750
