0 0.383789 0.635764 0.156641 0.306250
0 0.691797 0.460069 0.047656 0.179861
0 0.696289 0.682639 0.117578 0.329167
0 0.799414 0.471528 0.157422 0.229167
0 0.973047 0.485764 0.053125 0.188194
0 0.506836 0.446528 0.074609 0.154167
0 0.814258 0.509028 0.083984 0.179167
0 0.584766 0.330903 0.073438 0.177083
0 0.953906 0.515972 0.091406 0.201389
0 0.915430 0.565278 0.123828 0.248611
0 0.876953 0.434375 0.116406 0.157639
0 0.241211 0.622222 0.198047 0.280556
0 0.126562 0.607292 0.067187 0.228472
0 0.120703 0.560417 0.072656 0.259722
0 0.570508 0.455208 0.116016 0.181250
0 0.370508 0.415972 0.108203 0.194444
0 0.274805 0.430208 0.081641 0.140972
0 0.273047 0.410417 0.107813 0.173611
0 0.176563 0.411806 0.070312 0.129167
0 0.050586 0.384722 0.089453 0.155556
0 0.075000 0.388194 0.070312 0.134722
