0 0.683398 0.656944 0.223047 0.340278
0 0.878320 0.422569 0.079297 0.189583
0 0.923047 0.707292 0.153125 0.370139
0 0.953711 0.432292 0.091797 0.239583
0 0.933398 0.393403 0.106641 0.184028
0 0.981250 0.489583 0.036719 0.159722
0 0.450000 0.603125 0.215625 0.329861
0 0.256250 0.598958 0.083594 0.234028
0 0.205859 0.531597 0.171875 0.284028
0 0.770703 0.395833 0.139844 0.184722
0 0.585547 0.393750 0.139063 0.184722
0 0.450586 0.385417 0.091016 0.151389
0 0.491406 0.384028 0.124219 0.184722
0 0.423047 0.377083 0.099219 0.148611
0 0.247266 0.351389 0.122656 0.159722
0 0.174414 0.335069 0.052734 0.128472
0 0.245117 0.311458 0.063672 0.135417
0 0.226562 0.331250 0.079687 0.134722
0 0.112500 0.328125 0.105469 0.152083
0 0.076563 0.357292 0.079687 0.131250
