0 0.708594 0.689236 0.195312 0.335417
0 0.933008 0.430208 0.080078 0.190972
0 0.946875 0.715972 0.105469 0.347222
0 0.968164 0.436806 0.062891 0.273611
0 0.491992 0.616667 0.202734 0.330556
0 0.300195 0.637500 0.086328 0.248611
0 0.244922 0.563889 0.191406 0.277778
0 0.793164 0.410417 0.132422 0.195833
0 0.622266 0.404167 0.132812 0.193056
0 0.488867 0.410069 0.084766 0.156250
0 0.521680 0.405556 0.126172 0.181944
0 0.454883 0.385764 0.104297 0.142361
0 0.294531 0.360764 0.122656 0.157639
0 0.200977 0.358333 0.044141 0.129167
0 0.271680 0.326389 0.067578 0.138889
0 0.244141 0.351736 0.082031 0.157639
0 0.135547 0.344792 0.104688 0.153472
0 0.125977 0.364236 0.080859 0.131250
0 0.025586 0.345486 0.051172 0.090972
