0 0.599609 0.636111 0.174219 0.319444
0 0.807617 0.405556 0.087109 0.177778
0 0.897461 0.685069 0.205859 0.368750
0 0.934375 0.426389 0.130469 0.250000
0 0.820508 0.378472 0.091016 0.176389
0 0.954688 0.480556 0.090625 0.193056
0 0.376172 0.573611 0.193750 0.336111
0 0.200586 0.582986 0.084766 0.261806
0 0.165234 0.513542 0.157812 0.290972
0 0.714063 0.386458 0.133594 0.190972
0 0.529687 0.379861 0.135156 0.188889
0 0.402148 0.369097 0.093359 0.159028
0 0.431055 0.365972 0.131641 0.202778
0 0.368750 0.358333 0.102344 0.134722
0 0.180469 0.330903 0.106250 0.164583
0 0.128906 0.319444 0.062500 0.130556
0 0.193359 0.298611 0.057031 0.130556
0 0.061719 0.308333 0.107031 0.155556
0 0.017383 0.344444 0.034766 0.104167
