0 0.885938 0.786111 0.227344 0.368056
0 0.716016 0.701042 0.273438 0.315972
0 0.598437 0.863542 0.111719 0.272917
0 0.370508 0.651389 0.176172 0.325000
0 0.857812 0.477778 0.139844 0.251389
0 0.717383 0.443750 0.138672 0.236111
0 0.565234 0.451042 0.103125 0.175694
0 0.612695 0.444444 0.116016 0.204167
0 0.570703 0.446875 0.110937 0.146528
0 0.452930 0.438889 0.119922 0.183333
0 0.309180 0.445139 0.084766 0.141667
0 0.330273 0.377083 0.093359 0.134722
0 0.257227 0.412153 0.101953 0.140972
0 0.164453 0.353819 0.090625 0.118750
0 0.181836 0.409028 0.119141 0.169444
0 0.154102 0.440972 0.073047 0.127778
0 0.045508 0.405903 0.064453 0.107639
