0 0.383984 0.626042 0.151562 0.302083
0 0.707812 0.462153 0.038281 0.172917
0 0.705078 0.688194 0.128906 0.330556
0 0.792969 0.462847 0.147656 0.240972
0 0.984570 0.493056 0.030078 0.193056
0 0.509570 0.442708 0.064453 0.164583
0 0.828320 0.510764 0.076172 0.190972
0 0.556055 0.327083 0.078516 0.173611
0 0.960352 0.510417 0.078516 0.204167
0 0.820898 0.514236 0.117578 0.220139
0 0.242188 0.617014 0.181250 0.290972
0 0.144922 0.609722 0.057031 0.231944
0 0.145313 0.566319 0.074219 0.268750
0 0.575781 0.453819 0.115625 0.177083
0 0.372852 0.420486 0.103516 0.196528
0 0.280859 0.423264 0.078906 0.136806
0 0.276172 0.409028 0.107031 0.162500
0 0.186914 0.408681 0.066797 0.129861
0 0.057617 0.377778 0.085547 0.148611
0 0.082227 0.384722 0.066016 0.123611
