0 0.425977 0.624306 0.203516 0.326389
0 0.814453 0.454167 0.041406 0.170833
0 0.762695 0.680903 0.136328 0.352083
0 0.872461 0.452431 0.133984 0.239583
0 0.548438 0.407292 0.064062 0.168750
0 0.919922 0.482292 0.065625 0.209028
0 0.517383 0.317361 0.073828 0.155556
0 0.676758 0.478125 0.137109 0.220139
0 0.758203 0.423264 0.100781 0.174306
0 0.282813 0.606250 0.204687 0.294444
0 0.197656 0.597569 0.047656 0.247917
0 0.160938 0.554167 0.133594 0.265278
0 0.627344 0.442708 0.131250 0.195139
0 0.423828 0.392014 0.141406 0.202083
0 0.311328 0.396528 0.090625 0.151389
0 0.303125 0.377778 0.107031 0.181944
0 0.211328 0.385069 0.076563 0.134028
0 0.086133 0.362153 0.123828 0.160417
